1035.txt
1. 1
2. 0
3. 1
4. 1
5. 0
6. 1
7. 1
8. 1
9. 0
10. 1
11. 1
12. 1
13. 1
14. 0
15. 1
16. 1
17. 0
18. 0
19. 0
20. 0
21. 0
22. 1
23. 0
24. 1
25. 2
26. 0
27. 1
28. 1
29. 1
30. 2
31. 2
32. 0
33. 2
34. 0
35. 0
36. 1
37. 1
38. 0
39. 1
40. 1
41. 2
42. 0
43. 1
44. 0
45. 0
46. 0
47. 2
48. 0
49. 1
50. 1
51. 0
52. 0
53. 0
54. 1
55. 0
56. 0
57. 0
58. 1
59. 0
60. 1
61. 0
62. 1
63. 0
64. 0
65. 1
66. 1
67. 1
68. 2
69. 0
70. 0
71. 0
72. 1
73. 1
74. 0
75. 0
76. 1
77. 0
78. 0
79. 0
80. 0
81. 1
82. 0
83. 1
84. 1
85. 0
86. 1
87. 0
88. 1
89. 0
90. 1
91. 1
92. 2
93. 1
94. 1
95. 1
96. 1
97. 1
98. 0
99. 0
100. 1
101. 0
102. 1
103. 0
104. 1
105. 0
106. 0
107. 1
108. 1
109. 1
110. 0
111. 0
112. 1
113. 0
114. 1
115. 0
116. 1
117. 1
118. 0
119. 1
120. 1
121. 2
122. 1
123. 1
124. 0
125. 0
126. 1
127. 0
128. 1
129. 0
130. 0
131. 1
132. 0
133. 1
134. 1
135. 0
136. 1
137. 0
138. 1
139. 0
140. 0
141. 0
142. 0
143. 1
144. 0
145. 1
146. 0
147. 0
148. 1
149. 0
150. 1
151. 0
152. 0
153. 1
154. 0
155. 0
156. 0
157. 0
158. 0
159. 0
160. 0
161. 1
162. 0
163. 0
164. 1
165. 0
166. 0
167. 0
168. 0
169. 1
170. 0
171. 1
172. 0
173. 1
174. 0
175. 1
176. 0
177. 0
178. 1
179. 1
180. 1
181. 1
182. 1
183. 0
184. 0
185. 0
186. 0
187. 0
188. 1
189. 1
190. 0
191. 0
192. 1
193. 1
194. 2
195. 1
196. 1
197. 1
198. 1
199. 0
200. 1