1038.txt
1. 1
2. 3
3. 1
4. 0
5. 1
6. 0
7. 2
8. 1
9. 1
10. 0
11. 1
12. 1
13. 2
14. 0
15. 0
16. 0
17. 1
18. 0
19. 1
20. 0
21. 0
22. 1
23. 0
24. 1
25. 1
26. 1
27. 1
28. 1
29. 0
30. 1
31. 0
32. 0
33. 1
34. 1
35. 0
36. 0
37. 0
38. 0
39. 0
40. 0
41. 0
42. 0
43. 0
44. 0
45. 0
46. 1
47. 0
48. 0
49. 1
50. 1
51. 1
52. 0
53. 0
54. 0
55. 1
56. 1
57. 2
58. 1
59. 1
60. 1
61. 0
62. 0
63. 1
64. 1
65. 0
66. 0
67. 0
68. 1
69. 0
70. 1
71. 1
72. 0
73. 0
74. 0
75. 0
76. 1
77. 1
78. 0
79. 0
80. 0
81. 0
82. 1
83. 0
84. 0
85. 1
86. 0
87. 0
88. 0
89. 0
90. 1
91. 0
92. 1
93. 1
94. 0
95. 0
96. 0
97. 0
98. 0
99. 0
100. 0
101. 1
102. 0
103. 0
104. 0
105. 0
106. 0
107. 2
108. 1
109. 1
110. 1
111. 0
112. 1
113. 0
114. 0
115. 1
116. 0
117. 0
118. 0
119. 0
120. 0
121. 0
122. 1
123. 2
124. 1
125. 0
126. 1
127. 0
128. 1
129. 0
130. 1
131. 0
132. 0
133. 0
134. 1
135. 1
136. 0
137. 0
138. 0
139. 0
140. 0
141. 0
142. 0
143. 1
144. 1
145. 0
146. 0
147. 0
148. 1
149. 0
150. 1
151. 0
152. 1
153. 2
154. 0
155. 1
156. 1
157. 0
158. 0
159. 0
160. 0
161. 0
162. 0
163. 0
164. 0
165. 1
166. 1
167. 1
168. 1
169. 0
170. 1
171. 0
172. 0
173. 2
174. 0
175. 0
176. 0
177. 0
178. 0
179. 0
180. 0
181. 0
182. 1
183. 1
184. 1
185. 0
186. 0
187. 1
188. 0
189. 1
190. 0
191. 0
192. 0
193. 0
194. 0
195. 0
196. 0
197. 1
198. 0
199. 0
200. 0