1046.txt
1. 2
2. 1
3. 0
4. 0
5. 1
6. 0
7. 1
8. 0
9. 0
10. 1
11. 0
12. 0
13. 1
14. 1
15. 0
16. 0
17. 0
18. 1
19. 1
20. 0
21. 2
22. 0
23. 0
24. 0
25. 0
26. 0
27. 2
28. 1
29. 0
30. 0
31. 2
32. 0
33. 0
34. 0
35. 0
36. 1
37. 0
38. 1
39. 1
40. 1
41. 0
42. 0
43. 2
44. 1
45. 0
46. 0
47. 2
48. 1
49. 0
50. 0
51. 0
52. 0
53. 0
54. 0
55. 0
56. 0
57. 0
58. 0
59. 0
60. 0
61. 0
62. 0
63. 1
64. 0
65. 0
66. 0
67. 1
68. 0
69. 1
70. 0
71. 1
72. 0
73. 1
74. 0
75. 0
76. 0
77. 0
78. 1
79. 0
80. 1
81. 0
82. 0
83. 1
84. 0
85. 1
86. 0
87. 1
88. 0
89. 1
90. 0
91. 1
92. 0
93. 0
94. 2
95. 0
96. 0
97. 0
98. 2
99. 0
100. 1
101. 1
102. 1
103. 0
104. 0
105. 0
106. 0
107. 0
108. 1
109. 0
110. 0
111. 0
112. 0
113. 0
114. 1
115. 1
116. 0
117. 1
118. 2
119. 0
120. 0
121. 0
122. 0
123. 0
124. 1
125. 0
126. 0
127. 0
128. 0
129. 0
130. 0
131. 0
132. 1
133. 0
134. 0
135. 0
136. 0
137. 0
138. 1
139. 0
140. 1
141. 0
142. 0
143. 0
144. 1
145. 0
146. 0
147. 0
148. 1
149. 0
150. 0
151. 1
152. 0
153. 0
154. 0
155. 0
156. 0
157. 0
158. 1
159. 1
160. 1
161. 0
162. 1
163. 1
164. 0
165. 0
166. 0
167. 0
168. 0
169. 0
170. 0
171. 1
172. 0
173. 0
174. 0
175. 0
176. 0
177. 0
178. 1
179. 0
180. 0
181. 0
182. 1
183. 0
184. 0
185. 0
186. 1
187. 1
188. 1
189. 0
190. 0
191. 1
192. 0
193. 0
194. 0
195. 0
196. 0
197. 0
198. 0
199. 0
200. 0