1052.txt
1. 2
2. 1
3. 0
4. 0
5. 3
6. 1
7. 2
8. 1
9. 2
10. 0
11. 1
12. 1
13. 1
14. 2
15. 1
16. 0
17. 0
18. 1
19. 2
20. 0
21. 0
22. 1
23. 0
24. 1
25. 2
26. 1
27. 1
28. 0
29. 0
30. 1
31. 1
32. 1
33. 0
34. 0
35. 0
36. 1
37. 0
38. 2
39. 0
40. 3
41. 1
42. 2
43. 1
44. 1
45. 0
46. 1
47. 1
48. 1
49. 0
50. 0
51. 1
52. 1
53. 0
54. 0
55. 1
56. 2
57. 1
58. 0
59. 3
60. 0
61. 0
62. 1
63. 0
64. 1
65. 0
66. 0
67. 2
68. 0
69. 1
70. 1
71. 1
72. 0
73. 0
74. 0
75. 0
76. 2
77. 1
78. 1
79. 2
80. 0
81. 0
82. 1
83. 1
84. 1
85. 1
86. 1
87. 0
88. 1
89. 0
90. 1
91. 1
92. 0
93. 1
94. 0
95. 0
96. 1
97. 0
98. 1
99. 0
100. 1
101. 1
102. 1
103. 1
104. 0
105. 0
106. 1
107. 2
108. 1
109. 2
110. 1
111. 0
112. 2
113. 0
114. 1
115. 1
116. 3
117. 0
118. 0
119. 2
120. 0
121. 0
122. 2
123. 1
124. 0
125. 1
126. 0
127. 0
128. 0
129. 3
130. 0
131. 0
132. 1
133. 0
134. 0
135. 1
136. 2
137. 0
138. 1
139. 0
140. 4
141. 0
142. 0
143. 1
144. 3
145. 0
146. 1
147. 1
148. 0
149. 0
150. 1
151. 0
152. 1
153. 2
154. 0
155. 1
156. 2
157. 0
158. 0
159. 1
160. 2
161. 0
162. 0
163. 1
164. 0
165. 0
166. 0
167. 0
168. 1
169. 0
170. 1
171. 0
172. 0
173. 1
174. 0
175. 0
176. 0
177. 2
178. 3
179. 0
180. 1
181. 0
182. 0
183. 1
184. 1
185. 1
186. 0
187. 1
188. 1
189. 0
190. 0
191. 1
192. 1
193. 0
194. 0
195. 0
196. 1
197. 2
198. 2
199. 0
200. 1