1070.txt
1. 1
2. 1
3. 0
4. 1
5. 1
6. 1
7. 1
8. 0
9. 1
10. 1
11. 0
12. 0
13. 1
14. 1
15. 1
16. 0
17. 1
18. 1
19. 0
20. 1
21. 1
22. 1
23. 1
24. 0
25. 1
26. 1
27. 1
28. 0
29. 0
30. 1
31. 1
32. 1
33. 1
34. 0
35. 1
36. 0
37. 1
38. 1
39. 1
40. 1
41. 1
42. 1
43. 0
44. 1
45. 0
46. 1
47. 1
48. 0
49. 0
50. 1
51. 1
52. 1
53. 0
54. 1
55. 1
56. 1
57. 0
58. 1
59. 1
60. 1
61. 0
62. 1
63. 1
64. 1
65. 0
66. 1
67. 1
68. 1
69. 1
70. 1
71. 1
72. 1
73. 1
74. 1
75. 1
76. 2
77. 0
78. 1
79. 1
80. 0
81. 1
82. 1
83. 0
84. 2
85. 1
86. 0
87. 1
88. 1
89. 1
90. 1
91. 1
92. 1
93. 0
94. 1
95. 1
96. 1
97. 1
98. 1
99. 1
100. 1
101. 1
102. 1
103. 1
104. 1
105. 0
106. 1
107. 1
108. 1
109. 1
110. 1
111. 1
112. 1
113. 1
114. 1
115. 0
116. 1
117. 1
118. 0
119. 0
120. 1
121. 1
122. 1
123. 1
124. 1
125. 1
126. 0
127. 1
128. 1
129. 0
130. 0
131. 1
132. 1
133. 1
134. 1
135. 1
136. 1
137. 1
138. 0
139. 1
140. 1
141. 1
142. 1
143. 1
144. 0
145. 1
146. 1
147. 1
148. 0
149. 2
150. 1
151. 1
152. 0
153. 1
154. 0
155. 0
156. 1
157. 0
158. 0
159. 0
160. 1
161. 0
162. 0
163. 1
164. 1
165. 1
166. 1
167. 1
168. 1
169. 1
170. 1
171. 1
172. 1
173. 1
174. 1
175. 1
176. 0
177. 1
178. 1
179. 1
180. 0
181. 2
182. 0
183. 1
184. 1
185. 1
186. 1
187. 0
188. 1
189. 0
190. 1
191. 1
192. 1
193. 1
194. 1
195. 0
196. 1
197. 0
198. 1
199. 1
200. 1