110.txt
1. 3
2. 2
3. 1
4. 1
5. 0
6. 2
7. 1
8. 0
9. 1
10. 0
11. 0
12. 0
13. 1
14. 2
15. 0
16. 2
17. 1
18. 2
19. 0
20. 0
21. 0
22. 1
23. 1
24. 0
25. 1
26. 0
27. 0
28. 1
29. 2
30. 7
31. 0
32. 0
33. 1
34. 10
35. 0
36. 0
37. 1
38. 1
39. 0
40. 1
41. 0
42. 1
43. 3
44. 0
45. 0
46. 2
47. 0
48. 0
49. 0
50. 1
51. 1
52. 0
53. 1
54. 0
55. 0
56. 0
57. 0
58. 0
59. 1
60. 1
61. 0
62. 0
63. 0
64. 0
65. 0
66. 1
67. 0
68. 0
69. 0
70. 0
71. 1
72. 0
73. 0
74. 1
75. 1
76. 0
77. 0
78. 1
79. 1
80. 1
81. 0
82. 2
83. 0
84. 0
85. 2
86. 1
87. 1
88. 0
89. 0
90. 1
91. 0
92. 2
93. 1
94. 1
95. 0
96. 0
97. 1
98. 0
99. 0
100. 1
101. 0
102. 0
103. 1
104. 0
105. 0
106. 1
107. 1
108. 1
109. 1
110. 2
111. 2
112. 0
113. 1
114. 0
115. 0
116. 1
117. 0
118. 0
119. 0
120. 2
121. 0
122. 1
123. 0
124. 1
125. 2
126. 0
127. 0
128. 1
129. 0
130. 1
131. 0
132. 0
133. 1
134. 1
135. 0
136. 2
137. 1
138. 1
139. 1
140. 0
141. 0
142. 1
143. 1
144. 1
145. 0
146. 1
147. 1
148. 1
149. 1
150. 0
151. 0
152. 0
153. 0
154. 1
155. 1
156. 0
157. 1
158. 1
159. 0
160. 0
161. 0
162. 2
163. 0
164. 0
165. 1
166. 0
167. 2
168. 0
169. 1
170. 0
171. 0
172. 0
173. 1
174. 0
175. 0
176. 0
177. 0
178. 0
179. 2
180. 0
181. 2
182. 0
183. 1
184. 1
185. 1
186. 0
187. 1
188. 2
189. 0
190. 1
191. 0
192. 0
193. 1
194. 0
195. 1
196. 0
197. 0
198. 1
199. 0
200. 1