1115.txt
1. 1
2. 2
3. 2
4. 1
5. 0
6. 0
7. 1
8. 1
9. 1
10. 0
11. 0
12. 1
13. 0
14. 0
15. 1
16. 0
17. 0
18. 0
19. 1
20. 1
21. 1
22. 0
23. 0
24. 0
25. 1
26. 0
27. 1
28. 2
29. 0
30. 0
31. 0
32. 0
33. 0
34. 0
35. 0
36. 1
37. 1
38. 0
39. 0
40. 0
41. 0
42. 1
43. 2
44. 0
45. 0
46. 0
47. 0
48. 1
49. 1
50. 0
51. 0
52. 1
53. 1
54. 0
55. 0
56. 1
57. 0
58. 1
59. 0
60. 0
61. 0
62. 1
63. 0
64. 1
65. 0
66. 1
67. 1
68. 0
69. 0
70. 1
71. 1
72. 0
73. 1
74. 0
75. 1
76. 1
77. 0
78. 1
79. 0
80. 2
81. 0
82. 1
83. 1
84. 0
85. 0
86. 1
87. 1
88. 0
89. 0
90. 1
91. 0
92. 1
93. 0
94. 0
95. 0
96. 0
97. 0
98. 1
99. 0
100. 1
101. 0
102. 2
103. 0
104. 1
105. 0
106. 0
107. 0
108. 1
109. 0
110. 0
111. 0
112. 0
113. 0
114. 1
115. 1
116. 1
117. 0
118. 0
119. 0
120. 0
121. 0
122. 1
123. 2
124. 0
125. 0
126. 0
127. 0
128. 0
129. 0
130. 0
131. 0
132. 0
133. 1
134. 0
135. 0
136. 1
137. 0
138. 1
139. 0
140. 0
141. 0
142. 1
143. 1
144. 1
145. 1
146. 1
147. 1
148. 1
149. 1
150. 0
151. 0
152. 1
153. 0
154. 0
155. 0
156. 0
157. 1
158. 0
159. 0
160. 1
161. 0
162. 0
163. 1
164. 0
165. 0
166. 0
167. 1
168. 1
169. 1
170. 1
171. 0
172. 0
173. 0
174. 0
175. 0
176. 0
177. 0
178. 1
179. 1
180. 0
181. 0
182. 1
183. 0
184. 1
185. 0
186. 1
187. 0
188. 1
189. 0
190. 1
191. 1
192. 1
193. 1
194. 1
195. 1
196. 1
197. 0
198. 1
199. 1
200. 0