118.txt
1. 1
2. 2
3. 1
4. 0
5. 0
6. 0
7. 1
8. 0
9. 1
10. 0
11. 1
12. 0
13. 1
14. 1
15. 2
16. 1
17. 0
18. 0
19. 1
20. 0
21. 0
22. 1
23. 0
24. 0
25. 0
26. 2
27. 0
28. 1
29. 1
30. 2
31. 2
32. 0
33. 0
34. 2
35. 0
36. 0
37. 0
38. 1
39. 0
40. 0
41. 1
42. 1
43. 1
44. 1
45. 0
46. 1
47. 1
48. 1
49. 1
50. 0
51. 0
52. 0
53. 1
54. 0
55. 1
56. 0
57. 1
58. 1
59. 1
60. 0
61. 1
62. 0
63. 2
64. 0
65. 1
66. 1
67. 0
68. 1
69. 1
70. 1
71. 0
72. 1
73. 1
74. 1
75. 1
76. 2
77. 1
78. 0
79. 1
80. 1
81. 1
82. 1
83. 1
84. 1
85. 0
86. 1
87. 1
88. 1
89. 0
90. 1
91. 2
92. 0
93. 0
94. 1
95. 1
96. 1
97. 0
98. 1
99. 1
100. 1
101. 0
102. 1
103. 1
104. 0
105. 2
106. 2
107. 0
108. 1
109. 0
110. 0
111. 0
112. 0
113. 0
114. 0
115. 0
116. 0
117. 0
118. 1
119. 1
120. 0
121. 1
122. 1
123. 1
124. 0
125. 0
126. 0
127. 0
128. 0
129. 0
130. 0
131. 2
132. 1
133. 1
134. 2
135. 1
136. 2
137. 0
138. 1
139. 2
140. 0
141. 0
142. 1
143. 0
144. 2
145. 1
146. 0
147. 1
148. 0
149. 1
150. 0
151. 0
152. 2
153. 0
154. 2
155. 1
156. 2
157. 1
158. 1
159. 2
160. 1
161. 0
162. 0
163. 1
164. 1
165. 2
166. 0
167. 1
168. 1
169. 0
170. 1
171. 0
172. 1
173. 0
174. 1
175. 1
176. 0
177. 1
178. 1
179. 1
180. 0
181. 0
182. 1
183. 0
184. 1
185. 0
186. 0
187. 1
188. 1
189. 0
190. 0
191. 1
192. 0
193. 1
194. 1
195. 0
196. 1
197. 0
198. 0
199. 1
200. 0