1235.txt
1. 2
2. 0
3. 1
4. 1
5. 0
6. 0
7. 2
8. 1
9. 1
10. 0
11. 0
12. 0
13. 9
14. 0
15. 0
16. 1
17. 1
18. 0
19. 0
20. 1
21. 1
22. 0
23. 0
24. 0
25. 0
26. 2
27. 0
28. 0
29. 0
30. 0
31. 2
32. 0
33. 0
34. 1
35. 0
36. 2
37. 0
38. 1
39. 0
40. 0
41. 0
42. 0
43. 0
44. 2
45. 0
46. 0
47. 1
48. 1
49. 0
50. 1
51. 1
52. 1
53. 1
54. 0
55. 1
56. 0
57. 0
58. 0
59. 0
60. 1
61. 0
62. 0
63. 1
64. 0
65. 1
66. 0
67. 0
68. 0
69. 1
70. 0
71. 0
72. 0
73. 0
74. 0
75. 0
76. 0
77. 1
78. 0
79. 0
80. 2
81. 0
82. 1
83. 0
84. 1
85. 1
86. 0
87. 0
88. 1
89. 0
90. 1
91. 2
92. 0
93. 2
94. 0
95. 0
96. 1
97. 1
98. 1
99. 2
100. 1
101. 0
102. 0
103. 0
104. 1
105. 0
106. 0
107. 1
108. 1
109. 2
110. 0
111. 0
112. 1
113. 0
114. 1
115. 1
116. 1
117. 1
118. 1
119. 0
120. 0
121. 0
122. 0
123. 1
124. 0
125. 0
126. 1
127. 0
128. 0
129. 1
130. 0
131. 0
132. 0
133. 1
134. 0
135. 0
136. 0
137. 0
138. 0
139. 0
140. 0
141. 0
142. 0
143. 1
144. 0
145. 0
146. 0
147. 1
148. 0
149. 1
150. 0
151. 0
152. 0
153. 0
154. 1
155. 2
156. 0
157. 0
158. 0
159. 1
160. 0
161. 1
162. 1
163. 0
164. 1
165. 1
166. 2
167. 0
168. 1
169. 0
170. 0
171. 0
172. 0
173. 0
174. 0
175. 0
176. 0
177. 1
178. 1
179. 0
180. 0
181. 1
182. 1
183. 0
184. 1
185. 0
186. 0
187. 1
188. 0
189. 0
190. 1
191. 0
192. 1
193. 0
194. 1
195. 2
196. 1
197. 1
198. 0
199. 1
200. 0