1279.txt
1. 1
2. 2
3. 1
4. 0
5. 0
6. 0
7. 0
8. 0
9. 1
10. 0
11. 1
12. 0
13. 0
14. 0
15. 1
16. 1
17. 0
18. 0
19. 0
20. 0
21. 0
22. 0
23. 0
24. 1
25. 0
26. 1
27. 0
28. 0
29. 0
30. 0
31. 1
32. 1
33. 0
34. 0
35. 1
36. 0
37. 1
38. 0
39. 0
40. 0
41. 1
42. 1
43. 1
44. 0
45. 0
46. 1
47. 0
48. 0
49. 0
50. 0
51. 1
52. 2
53. 0
54. 0
55. 0
56. 0
57. 0
58. 0
59. 0
60. 0
61. 1
62. 0
63. 0
64. 1
65. 0
66. 0
67. 1
68. 1
69. 1
70. 0
71. 0
72. 0
73. 0
74. 0
75. 1
76. 0
77. 0
78. 0
79. 0
80. 0
81. 0
82. 1
83. 0
84. 1
85. 0
86. 1
87. 0
88. 0
89. 0
90. 0
91. 1
92. 0
93. 1
94. 0
95. 0
96. 0
97. 1
98. 0
99. 0
100. 1
101. 1
102. 1
103. 1
104. 0
105. 1
106. 0
107. 0
108. 0
109. 0
110. 0
111. 1
112. 1
113. 0
114. 0
115. 0
116. 1
117. 0
118. 0
119. 0
120. 1
121. 0
122. 0
123. 2
124. 1
125. 0
126. 0
127. 0
128. 1
129. 1
130. 1
131. 1
132. 0
133. 1
134. 0
135. 0
136. 0
137. 0
138. 0
139. 0
140. 0
141. 1
142. 0
143. 1
144. 2
145. 0
146. 0
147. 0
148. 1
149. 0
150. 0
151. 1
152. 0
153. 0
154. 1
155. 0
156. 1
157. 0
158. 0
159. 0
160. 0
161. 0
162. 1
163. 0
164. 1
165. 1
166. 0
167. 0
168. 0
169. 0
170. 0
171. 0
172. 0
173. 0
174. 0
175. 0
176. 1
177. 0
178. 0
179. 0
180. 0
181. 0
182. 1
183. 0
184. 0
185. 0
186. 0
187. 0
188. 1
189. 0
190. 0
191. 0
192. 2
193. 0
194. 0
195. 0
196. 1
197. 0
198. 1
199. 1
200. 0