1286.txt
1. 1
2. 0
3. 0
4. 0
5. 0
6. 0
7. 0
8. 1
9. 1
10. 0
11. 0
12. 1
13. 0
14. 0
15. 0
16. 1
17. 0
18. 0
19. 1
20. 0
21. 0
22. 0
23. 0
24. 0
25. 0
26. 0
27. 1
28. 1
29. 0
30. 1
31. 1
32. 1
33. 0
34. 0
35. 0
36. 0
37. 0
38. 0
39. 0
40. 0
41. 0
42. 2
43. 0
44. 1
45. 0
46. 0
47. 1
48. 0
49. 0
50. 1
51. 0
52. 0
53. 1
54. 1
55. 0
56. 0
57. 0
58. 1
59. 1
60. 1
61. 1
62. 0
63. 0
64. 1
65. 0
66. 1
67. 0
68. 1
69. 0
70. 0
71. 0
72. 0
73. 1
74. 0
75. 0
76. 0
77. 0
78. 0
79. 0
80. 0
81. 0
82. 0
83. 0
84. 0
85. 1
86. 1
87. 0
88. 0
89. 0
90. 0
91. 0
92. 0
93. 0
94. 0
95. 0
96. 0
97. 0
98. 0
99. 0
100. 0
101. 0
102. 1
103. 0
104. 0
105. 0
106. 0
107. 1
108. 0
109. 0
110. 0
111. 0
112. 0
113. 1
114. 0
115. 0
116. 0
117. 0
118. 0
119. 1
120. 0
121. 0
122. 1
123. 0
124. 0
125. 0
126. 0
127. 0
128. 0
129. 0
130. 0
131. 0
132. 1
133. 1
134. 1
135. 0
136. 0
137. 0
138. 1
139. 1
140. 0
141. 0
142. 0
143. 0
144. 0
145. 0
146. 0
147. 1
148. 0
149. 0
150. 0
151. 0
152. 0
153. 0
154. 1
155. 0
156. 0
157. 0
158. 0
159. 1
160. 0
161. 0
162. 0
163. 0
164. 0
165. 0
166. 1
167. 0
168. 0
169. 0
170. 0
171. 0
172. 1
173. 0
174. 0
175. 0
176. 0
177. 1
178. 0
179. 1
180. 0
181. 0
182. 0
183. 0
184. 1
185. 0
186. 0
187. 1
188. 0
189. 0
190. 0
191. 0
192. 1
193. 1
194. 0
195. 1
196. 0
197. 0
198. 0
199. 1
200. 0