1289.txt
1. 1
2. 1
3. 1
4. 1
5. 0
6. 0
7. 1
8. 0
9. 1
10. 1
11. 0
12. 0
13. 0
14. 1
15. 0
16. 0
17. 1
18. 1
19. 1
20. 1
21. 1
22. 1
23. 0
24. 2
25. 1
26. 0
27. 0
28. 0
29. 0
30. 0
31. 1
32. 1
33. 0
34. 0
35. 0
36. 0
37. 1
38. 1
39. 1
40. 0
41. 1
42. 0
43. 1
44. 0
45. 1
46. 1
47. 0
48. 1
49. 1
50. 1
51. 0
52. 1
53. 0
54. 2
55. 0
56. 1
57. 0
58. 0
59. 0
60. 1
61. 1
62. 1
63. 0
64. 1
65. 1
66. 1
67. 1
68. 0
69. 0
70. 0
71. 0
72. 1
73. 0
74. 0
75. 1
76. 1
77. 0
78. 1
79. 1
80. 1
81. 0
82. 1
83. 0
84. 1
85. 0
86. 1
87. 0
88. 1
89. 1
90. 1
91. 1
92. 1
93. 0
94. 0
95. 0
96. 0
97. 1
98. 1
99. 0
100. 1
101. 0
102. 1
103. 1
104. 1
105. 0
106. 0
107. 0
108. 0
109. 1
110. 0
111. 1
112. 1
113. 0
114. 0
115. 1
116. 1
117. 1
118. 0
119. 1
120. 0
121. 1
122. 1
123. 0
124. 1
125. 0
126. 1
127. 1
128. 0
129. 1
130. 1
131. 0
132. 1
133. 0
134. 0
135. 0
136. 1
137. 0
138. 1
139. 0
140. 1
141. 0
142. 0
143. 1
144. 0
145. 0
146. 0
147. 1
148. 0
149. 2
150. 0
151. 0
152. 0
153. 0
154. 1
155. 0
156. 0
157. 0
158. 0
159. 0
160. 0
161. 0
162. 0
163. 1
164. 0
165. 0
166. 0
167. 1
168. 0
169. 1
170. 0
171. 0
172. 0
173. 0
174. 0
175. 1
176. 0
177. 0
178. 1
179. 0
180. 0
181. 0
182. 1
183. 0
184. 0
185. 1
186. 0
187. 0
188. 0
189. 0
190. 0
191. 1
192. 0
193. 1
194. 0
195. 0
196. 0
197. 0
198. 0
199. 2
200. 1