1319.txt
1. 1
2. 1
3. 0
4. 0
5. 0
6. 1
7. 2
8. 1
9. 2
10. 1
11. 1
12. 1
13. 2
14. 0
15. 1
16. 1
17. 2
18. 0
19. 0
20. 1
21. 0
22. 2
23. 1
24. 1
25. 1
26. 1
27. 0
28. 0
29. 0
30. 2
31. 1
32. 1
33. 2
34. 0
35. 0
36. 0
37. 1
38. 1
39. 2
40. 0
41. 1
42. 2
43. 1
44. 1
45. 1
46. 1
47. 1
48. 1
49. 1
50. 0
51. 0
52. 0
53. 1
54. 0
55. 0
56. 1
57. 0
58. 0
59. 0
60. 1
61. 1
62. 1
63. 2
64. 1
65. 1
66. 1
67. 0
68. 0
69. 1
70. 0
71. 0
72. 1
73. 0
74. 1
75. 1
76. 0
77. 1
78. 0
79. 1
80. 0
81. 1
82. 1
83. 1
84. 2
85. 1
86. 1
87. 1
88. 1
89. 1
90. 0
91. 1
92. 2
93. 0
94. 1
95. 1
96. 1
97. 0
98. 1
99. 1
100. 0
101. 0
102. 0
103. 0
104. 2
105. 0
106. 2
107. 0
108. 1
109. 1
110. 2
111. 0
112. 0
113. 0
114. 1
115. 2
116. 0
117. 1
118. 0
119. 0
120. 1
121. 0
122. 1
123. 0
124. 1
125. 1
126. 1
127. 1
128. 0
129. 1
130. 0
131. 1
132. 1
133. 1
134. 1
135. 1
136. 0
137. 1
138. 0
139. 0
140. 1
141. 0
142. 1
143. 0
144. 1
145. 1
146. 0
147. 0
148. 0
149. 2
150. 1
151. 1
152. 1
153. 0
154. 0
155. 2
156. 1
157. 1
158. 0
159. 0
160. 1
161. 1
162. 1
163. 0
164. 1
165. 2
166. 0
167. 1
168. 0
169. 1
170. 0
171. 1
172. 1
173. 1
174. 0
175. 2
176. 1
177. 1
178. 1
179. 1
180. 0
181. 1
182. 2
183. 0
184. 0
185. 0
186. 1
187. 2
188. 0
189. 0
190. 1
191. 1
192. 2
193. 0
194. 0
195. 0
196. 1
197. 0
198. 0
199. 1
200. 1