1369.txt
1. 1
2. 1
3. 1
4. 0
5. 0
6. 2
7. 2
8. 1
9. 0
10. 0
11. 0
12. 1
13. 1
14. 0
15. 0
16. 0
17. 1
18. 1
19. 1
20. 0
21. 0
22. 0
23. 0
24. 1
25. 2
26. 0
27. 0
28. 1
29. 0
30. 1
31. 0
32. 1
33. 0
34. 1
35. 1
36. 0
37. 1
38. 0
39. 1
40. 1
41. 0
42. 1
43. 0
44. 0
45. 0
46. 0
47. 0
48. 1
49. 0
50. 1
51. 1
52. 1
53. 0
54. 1
55. 2
56. 0
57. 1
58. 1
59. 1
60. 0
61. 1
62. 0
63. 0
64. 0
65. 1
66. 0
67. 1
68. 1
69. 1
70. 0
71. 1
72. 1
73. 0
74. 1
75. 0
76. 0
77. 0
78. 1
79. 1
80. 0
81. 1
82. 1
83. 0
84. 0
85. 0
86. 1
87. 1
88. 0
89. 1
90. 0
91. 1
92. 0
93. 0
94. 0
95. 0
96. 1
97. 1
98. 0
99. 1
100. 1
101. 0
102. 0
103. 1
104. 0
105. 0
106. 1
107. 0
108. 0
109. 0
110. 1
111. 0
112. 1
113. 0
114. 1
115. 0
116. 1
117. 0
118. 0
119. 0
120. 0
121. 2
122. 1
123. 0
124. 0
125. 0
126. 2
127. 1
128. 0
129. 0
130. 2
131. 1
132. 0
133. 0
134. 0
135. 1
136. 0
137. 0
138. 0
139. 0
140. 0
141. 2
142. 0
143. 1
144. 1
145. 0
146. 1
147. 0
148. 0
149. 1
150. 0
151. 0
152. 0
153. 0
154. 1
155. 0
156. 0
157. 0
158. 1
159. 0
160. 1
161. 1
162. 0
163. 0
164. 2
165. 0
166. 0
167. 1
168. 0
169. 0
170. 1
171. 1
172. 0
173. 1
174. 0
175. 0
176. 1
177. 1
178. 1
179. 0
180. 0
181. 1
182. 0
183. 2
184. 1
185. 0
186. 0
187. 0
188. 1
189. 0
190. 2
191. 0
192. 0
193. 2
194. 1
195. 0
196. 1
197. 0
198. 0
199. 1
200. 0