1374.txt
1. 0
2. 0
3. 1
4. 0
5. 1
6. 0
7. 0
8. 0
9. 0
10. 1
11. 1
12. 0
13. 0
14. 2
15. 1
16. 0
17. 1
18. 0
19. 0
20. 1
21. 1
22. 1
23. 0
24. 2
25. 0
26. 0
27. 0
28. 0
29. 0
30. 0
31. 0
32. 0
33. 1
34. 0
35. 0
36. 0
37. 0
38. 0
39. 0
40. 0
41. 0
42. 0
43. 0
44. 0
45. 0
46. 0
47. 0
48. 0
49. 0
50. 0
51. 0
52. 1
53. 1
54. 0
55. 0
56. 0
57. 0
58. 0
59. 0
60. 0
61. 0
62. 0
63. 0
64. 0
65. 1
66. 0
67. 0
68. 1
69. 0
70. 0
71. 0
72. 1
73. 0
74. 0
75. 1
76. 0
77. 0
78. 1
79. 0
80. 0
81. 1
82. 0
83. 0
84. 0
85. 0
86. 0
87. 1
88. 0
89. 0
90. 0
91. 1
92. 0
93. 0
94. 0
95. 1
96. 0
97. 0
98. 0
99. 0
100. 0
101. 2
102. 0
103. 0
104. 1
105. 0
106. 0
107. 0
108. 1
109. 0
110. 1
111. 0
112. 0
113. 0
114. 0
115. 1
116. 1
117. 0
118. 0
119. 1
120. 0
121. 1
122. 0
123. 0
124. 0
125. 0
126. 0
127. 0
128. 0
129. 1
130. 0
131. 0
132. 1
133. 0
134. 1
135. 0
136. 0
137. 0
138. 0
139. 0
140. 0
141. 0
142. 0
143. 0
144. 0
145. 0
146. 0
147. 0
148. 0
149. 0
150. 0
151. 0
152. 0
153. 0
154. 0
155. 0
156. 0
157. 0
158. 0
159. 0
160. 1
161. 1
162. 0
163. 1
164. 0
165. 0
166. 0
167. 0
168. 1
169. 0
170. 0
171. 0
172. 0
173. 0
174. 1
175. 1
176. 0
177. 0
178. 1
179. 0
180. 0
181. 0
182. 0
183. 0
184. 0
185. 0
186. 1
187. 1
188. 0
189. 0
190. 0
191. 0
192. 0
193. 0
194. 0
195. 0
196. 0
197. 1
198. 0
199. 1
200. 0