1378.txt
1. 0
2. 1
3. 0
4. 1
5. 0
6. 0
7. 0
8. 1
9. 1
10. 0
11. 1
12. 0
13. 0
14. 1
15. 1
16. 1
17. 0
18. 0
19. 1
20. 1
21. 0
22. 0
23. 1
24. 0
25. 0
26. 0
27. 1
28. 0
29. 0
30. 0
31. 0
32. 0
33. 0
34. 2
35. 1
36. 1
37. 1
38. 1
39. 0
40. 0
41. 0
42. 0
43. 0
44. 0
45. 0
46. 0
47. 0
48. 1
49. 0
50. 0
51. 1
52. 0
53. 0
54. 0
55. 0
56. 0
57. 0
58. 1
59. 0
60. 1
61. 1
62. 1
63. 0
64. 0
65. 1
66. 1
67. 0
68. 0
69. 0
70. 0
71. 1
72. 1
73. 0
74. 1
75. 0
76. 0
77. 0
78. 0
79. 0
80. 0
81. 0
82. 1
83. 0
84. 0
85. 2
86. 1
87. 0
88. 0
89. 0
90. 0
91. 0
92. 0
93. 1
94. 1
95. 0
96. 2
97. 0
98. 0
99. 0
100. 0
101. 0
102. 0
103. 0
104. 0
105. 0
106. 0
107. 1
108. 1
109. 0
110. 1
111. 0
112. 0
113. 0
114. 0
115. 0
116. 0
117. 1
118. 0
119. 0
120. 0
121. 1
122. 1
123. 0
124. 0
125. 0
126. 0
127. 0
128. 0
129. 0
130. 0
131. 0
132. 0
133. 0
134. 1
135. 0
136. 1
137. 1
138. 0
139. 0
140. 1
141. 2
142. 0
143. 0
144. 0
145. 0
146. 1
147. 1
148. 1
149. 0
150. 0
151. 0
152. 1
153. 1
154. 1
155. 0
156. 0
157. 0
158. 0
159. 1
160. 0
161. 1
162. 0
163. 1
164. 1
165. 0
166. 1
167. 0
168. 1
169. 0
170. 0
171. 0
172. 1
173. 1
174. 0
175. 1
176. 1
177. 0
178. 0
179. 0
180. 0
181. 1
182. 1
183. 1
184. 0
185. 0
186. 0
187. 0
188. 0
189. 1
190. 1
191. 0
192. 0
193. 0
194. 1
195. 0
196. 1
197. 0
198. 0
199. 1
200. 0