1381.txt
1. 2
2. 1
3. 1
4. 1
5. 0
6. 0
7. 1
8. 0
9. 0
10. 2
11. 1
12. 0
13. 1
14. 2
15. 1
16. 2
17. 0
18. 2
19. 2
20. 0
21. 1
22. 0
23. 2
24. 0
25. 0
26. 0
27. 10
28. 0
29. 1
30. 2
31. 0
32. 1
33. 0
34. 1
35. 0
36. 3
37. 1
38. 2
39. 2
40. 0
41. 1
42. 1
43. 0
44. 1
45. 1
46. 2
47. 0
48. 0
49. 0
50. 0
51. 1
52. 1
53. 10
54. 2
55. 2
56. 0
57. 1
58. 0
59. 1
60. 2
61. 2
62. 1
63. 0
64. 1
65. 0
66. 1
67. 2
68. 1
69. 0
70. 1
71. 1
72. 2
73. 1
74. 0
75. 0
76. 0
77. 0
78. 1
79. 1
80. 0
81. 0
82. 2
83. 0
84. 2
85. 1
86. 0
87. 1
88. 1
89. 1
90. 0
91. 0
92. 0
93. 0
94. 0
95. 0
96. 1
97. 1
98. 1
99. 1
100. 1
101. 0
102. 1
103. 1
104. 3
105. 1
106. 0
107. 1
108. 0
109. 1
110. 0
111. 0
112. 0
113. 0
114. 1
115. 2
116. 1
117. 1
118. 2
119. 0
120. 1
121. 1
122. 0
123. 1
124. 0
125. 1
126. 0
127. 0
128. 0
129. 1
130. 2
131. 0
132. 1
133. 0
134. 1
135. 0
136. 2
137. 2
138. 0
139. 1
140. 0
141. 2
142. 0
143. 1
144. 0
145. 0
146. 1
147. 1
148. 1
149. 1
150. 1
151. 0
152. 0
153. 0
154. 0
155. 0
156. 0
157. 1
158. 0
159. 0
160. 0
161. 0
162. 1
163. 0
164. 0
165. 1
166. 0
167. 0
168. 0
169. 1
170. 1
171. 0
172. 2
173. 1
174. 0
175. 2
176. 1
177. 0
178. 2
179. 1
180. 1
181. 0
182. 1
183. 1
184. 0
185. 1
186. 0
187. 0
188. 1
189. 1
190. 1
191. 2
192. 0
193. 1
194. 1
195. 2
196. 2
197. 1
198. 2
199. 1
200. 1