1391.txt
1. 1
2. 1
3. 1
4. 0
5. 0
6. 1
7. 0
8. 0
9. 0
10. 0
11. 1
12. 1
13. 0
14. 0
15. 1
16. 1
17. 2
18. 0
19. 0
20. 0
21. 0
22. 0
23. 0
24. 0
25. 1
26. 0
27. 1
28. 0
29. 2
30. 1
31. 0
32. 1
33. 0
34. 0
35. 1
36. 0
37. 1
38. 2
39. 0
40. 1
41. 0
42. 0
43. 0
44. 0
45. 0
46. 0
47. 0
48. 0
49. 0
50. 0
51. 0
52. 0
53. 1
54. 0
55. 0
56. 1
57. 0
58. 0
59. 0
60. 0
61. 0
62. 0
63. 0
64. 0
65. 1
66. 2
67. 0
68. 1
69. 0
70. 0
71. 0
72. 0
73. 0
74. 0
75. 0
76. 0
77. 1
78. 0
79. 0
80. 0
81. 0
82. 0
83. 1
84. 2
85. 1
86. 0
87. 1
88. 1
89. 0
90. 1
91. 2
92. 0
93. 2
94. 0
95. 0
96. 2
97. 0
98. 1
99. 0
100. 1
101. 1
102. 1
103. 0
104. 0
105. 1
106. 0
107. 0
108. 0
109. 1
110. 0
111. 1
112. 0
113. 0
114. 1
115. 0
116. 0
117. 1
118. 1
119. 0
120. 1
121. 1
122. 1
123. 1
124. 0
125. 0
126. 1
127. 0
128. 1
129. 0
130. 0
131. 0
132. 0
133. 1
134. 0
135. 0
136. 0
137. 0
138. 1
139. 0
140. 0
141. 0
142. 0
143. 0
144. 0
145. 0
146. 0
147. 0
148. 0
149. 0
150. 0
151. 0
152. 0
153. 0
154. 0
155. 0
156. 0
157. 1
158. 0
159. 1
160. 1
161. 0
162. 0
163. 0
164. 1
165. 0
166. 0
167. 0
168. 0
169. 0
170. 1
171. 1
172. 1
173. 0
174. 0
175. 1
176. 1
177. 1
178. 0
179. 0
180. 0
181. 0
182. 1
183. 0
184. 0
185. 1
186. 0
187. 1
188. 1
189. 0
190. 0
191. 1
192. 0
193. 0
194. 0
195. 1
196. 0
197. 1
198. 0
199. 0
200. 1