146.txt
1. 1
2. 1
3. 1
4. 1
5. 6
6. 0
7. 0
8. 0
9. 0
10. 1
11. 3
12. 0
13. 0
14. 0
15. 0
16. 1
17. 2
18. 1
19. 0
20. 0
21. 1
22. 0
23. 1
24. 0
25. 0
26. 1
27. 0
28. 1
29. 0
30. 0
31. 0
32. 0
33. 1
34. 1
35. 0
36. 2
37. 0
38. 1
39. 0
40. 0
41. 2
42. 0
43. 0
44. 1
45. 0
46. 0
47. 3
48. 2
49. 0
50. 0
51. 0
52. 0
53. 0
54. 2
55. 0
56. 2
57. 0
58. 1
59. 0
60. 0
61. 0
62. 2
63. 0
64. 0
65. 0
66. 0
67. 1
68. 0
69. 0
70. 1
71. 1
72. 3
73. 1
74. 2
75. 0
76. 0
77. 0
78. 0
79. 0
80. 0
81. 0
82. 1
83. 0
84. 1
85. 0
86. 1
87. 0
88. 0
89. 1
90. 0
91. 2
92. 1
93. 0
94. 0
95. 0
96. 0
97. 0
98. 0
99. 0
100. 0
101. 1
102. 1
103. 0
104. 0
105. 0
106. 1
107. 0
108. 0
109. 0
110. 1
111. 2
112. 0
113. 0
114. 0
115. 1
116. 1
117. 0
118. 0
119. 0
120. 0
121. 0
122. 1
123. 0
124. 0
125. 1
126. 0
127. 1
128. 0
129. 0
130. 0
131. 1
132. 0
133. 0
134. 0
135. 1
136. 0
137. 0
138. 1
139. 0
140. 0
141. 1
142. 0
143. 1
144. 0
145. 0
146. 1
147. 0
148. 0
149. 1
150. 1
151. 0
152. 0
153. 0
154. 1
155. 0
156. 0
157. 0
158. 0
159. 0
160. 1
161. 0
162. 0
163. 0
164. 1
165. 1
166. 0
167. 1
168. 1
169. 2
170. 0
171. 0
172. 0
173. 0
174. 0
175. 1
176. 1
177. 1
178. 0
179. 3
180. 0
181. 0
182. 0
183. 0
184. 0
185. 0
186. 0
187. 0
188. 0
189. 1
190. 0
191. 0
192. 0
193. 1
194. 3
195. 0
196. 2
197. 1
198. 0
199. 2
200. 0