1485.txt
1. 0
2. 0
3. 0
4. 0
5. 0
6. 0
7. 1
8. 0
9. 1
10. 0
11. 2
12. 0
13. 0
14. 1
15. 0
16. 0
17. 1
18. 0
19. 1
20. 0
21. 1
22. 0
23. 2
24. 0
25. 3
26. 1
27. 0
28. 0
29. 0
30. 0
31. 0
32. 1
33. 0
34. 1
35. 0
36. 1
37. 0
38. 1
39. 0
40. 0
41. 0
42. 1
43. 1
44. 0
45. 1
46. 0
47. 0
48. 0
49. 0
50. 0
51. 0
52. 0
53. 0
54. 0
55. 1
56. 0
57. 0
58. 0
59. 0
60. 0
61. 0
62. 0
63. 0
64. 0
65. 0
66. 0
67. 0
68. 1
69. 0
70. 0
71. 1
72. 0
73. 0
74. 1
75. 0
76. 1
77. 2
78. 1
79. 0
80. 2
81. 1
82. 0
83. 0
84. 0
85. 0
86. 0
87. 0
88. 0
89. 0
90. 0
91. 1
92. 0
93. 1
94. 0
95. 0
96. 1
97. 0
98. 0
99. 0
100. 0
101. 1
102. 0
103. 0
104. 0
105. 0
106. 0
107. 1
108. 0
109. 0
110. 0
111. 0
112. 0
113. 0
114. 0
115. 1
116. 1
117. 0
118. 0
119. 0
120. 0
121. 0
122. 2
123. 0
124. 0
125. 0
126. 0
127. 0
128. 0
129. 0
130. 0
131. 0
132. 0
133. 0
134. 1
135. 0
136. 0
137. 0
138. 0
139. 0
140. 0
141. 0
142. 1
143. 0
144. 0
145. 0
146. 0
147. 1
148. 1
149. 0
150. 0
151. 1
152. 2
153. 0
154. 1
155. 0
156. 0
157. 1
158. 0
159. 0
160. 1
161. 0
162. 0
163. 0
164. 0
165. 0
166. 0
167. 0
168. 0
169. 0
170. 1
171. 0
172. 0
173. 0
174. 0
175. 0
176. 0
177. 0
178. 0
179. 1
180. 0
181. 1
182. 0
183. 0
184. 0
185. 1
186. 0
187. 1
188. 0
189. 0
190. 0
191. 0
192. 0
193. 0
194. 0
195. 0
196. 0
197. 0
198. 0
199. 1
200. 0