1499.txt
1. 0
2. 1
3. 1
4. 0
5. 0
6. 0
7. 1
8. 0
9. 1
10. 1
11. 0
12. 0
13. 1
14. 0
15. 0
16. 0
17. 1
18. 1
19. 1
20. 0
21. 0
22. 0
23. 1
24. 0
25. 0
26. 0
27. 0
28. 0
29. 0
30. 1
31. 1
32. 1
33. 0
34. 0
35. 0
36. 0
37. 0
38. 0
39. 0
40. 0
41. 0
42. 1
43. 0
44. 0
45. 0
46. 0
47. 0
48. 0
49. 1
50. 0
51. 0
52. 0
53. 0
54. 0
55. 0
56. 0
57. 0
58. 0
59. 0
60. 1
61. 1
62. 0
63. 0
64. 0
65. 0
66. 1
67. 0
68. 1
69. 1
70. 0
71. 0
72. 1
73. 0
74. 0
75. 0
76. 1
77. 0
78. 0
79. 0
80. 0
81. 0
82. 1
83. 1
84. 1
85. 0
86. 0
87. 0
88. 0
89. 1
90. 1
91. 0
92. 1
93. 1
94. 0
95. 0
96. 0
97. 0
98. 1
99. 0
100. 0
101. 1
102. 0
103. 1
104. 1
105. 0
106. 0
107. 0
108. 0
109. 0
110. 0
111. 0
112. 1
113. 0
114. 0
115. 0
116. 1
117. 0
118. 0
119. 0
120. 0
121. 0
122. 0
123. 0
124. 0
125. 0
126. 1
127. 0
128. 0
129. 0
130. 0
131. 0
132. 0
133. 0
134. 1
135. 1
136. 0
137. 0
138. 0
139. 0
140. 0
141. 0
142. 0
143. 0
144. 0
145. 0
146. 0
147. 0
148. 1
149. 0
150. 0
151. 1
152. 0
153. 0
154. 1
155. 0
156. 1
157. 0
158. 1
159. 0
160. 1
161. 0
162. 0
163. 1
164. 1
165. 0
166. 0
167. 0
168. 0
169. 0
170. 0
171. 0
172. 1
173. 1
174. 0
175. 0
176. 0
177. 1
178. 0
179. 0
180. 0
181. 1
182. 0
183. 0
184. 1
185. 0
186. 0
187. 0
188. 1
189. 0
190. 0
191. 0
192. 0
193. 0
194. 0
195. 1
196. 1
197. 1
198. 0
199. 0
200. 0