1508.txt
1. 0
2. 0
3. 2
4. 0
5. 0
6. 0
7. 1
8. 2
9. 0
10. 0
11. 1
12. 0
13. 1
14. 0
15. 2
16. 2
17. 1
18. 1
19. 2
20. 0
21. 0
22. 1
23. 1
24. 0
25. 1
26. 0
27. 1
28. 0
29. 3
30. 1
31. 0
32. 0
33. 1
34. 1
35. 0
36. 1
37. 1
38. 1
39. 0
40. 2
41. 1
42. 0
43. 1
44. 1
45. 0
46. 0
47. 0
48. 0
49. 0
50. 0
51. 0
52. 1
53. 1
54. 0
55. 0
56. 1
57. 0
58. 0
59. 0
60. 0
61. 0
62. 0
63. 0
64. 1
65. 1
66. 0
67. 0
68. 0
69. 0
70. 0
71. 1
72. 0
73. 0
74. 0
75. 2
76. 0
77. 0
78. 0
79. 0
80. 0
81. 0
82. 0
83. 0
84. 0
85. 0
86. 0
87. 0
88. 0
89. 1
90. 0
91. 0
92. 0
93. 0
94. 0
95. 1
96. 0
97. 1
98. 0
99. 0
100. 0
101. 0
102. 0
103. 1
104. 0
105. 1
106. 0
107. 1
108. 0
109. 1
110. 0
111. 0
112. 0
113. 0
114. 0
115. 0
116. 0
117. 1
118. 1
119. 0
120. 1
121. 0
122. 0
123. 1
124. 0
125. 1
126. 0
127. 0
128. 0
129. 0
130. 0
131. 1
132. 0
133. 0
134. 0
135. 0
136. 0
137. 2
138. 0
139. 0
140. 0
141. 1
142. 0
143. 0
144. 1
145. 0
146. 0
147. 0
148. 0
149. 0
150. 1
151. 0
152. 1
153. 1
154. 0
155. 0
156. 0
157. 0
158. 0
159. 0
160. 1
161. 0
162. 1
163. 0
164. 0
165. 0
166. 0
167. 0
168. 0
169. 0
170. 0
171. 0
172. 0
173. 0
174. 0
175. 0
176. 1
177. 0
178. 0
179. 0
180. 0
181. 0
182. 0
183. 0
184. 0
185. 0
186. 1
187. 0
188. 0
189. 0
190. 0
191. 0
192. 0
193. 1
194. 1
195. 1
196. 0
197. 0
198. 0
199. 0
200. 0