1550.txt
1. 1
2. 1
3. 1
4. 0
5. 1
6. 1
7. 0
8. 2
9. 1
10. 1
11. 2
12. 0
13. 0
14. 0
15. 1
16. 0
17. 0
18. 1
19. 1
20. 2
21. 1
22. 0
23. 1
24. 2
25. 1
26. 0
27. 2
28. 1
29. 0
30. 0
31. 0
32. 1
33. 0
34. 0
35. 1
36. 2
37. 0
38. 0
39. 0
40. 1
41. 1
42. 1
43. 1
44. 1
45. 1
46. 1
47. 0
48. 0
49. 0
50. 0
51. 0
52. 2
53. 1
54. 1
55. 0
56. 0
57. 0
58. 0
59. 0
60. 0
61. 2
62. 0
63. 0
64. 1
65. 0
66. 1
67. 2
68. 0
69. 1
70. 0
71. 2
72. 0
73. 0
74. 1
75. 1
76. 0
77. 0
78. 0
79. 1
80. 0
81. 0
82. 0
83. 0
84. 0
85. 0
86. 0
87. 0
88. 0
89. 0
90. 0
91. 0
92. 0
93. 0
94. 0
95. 0
96. 0
97. 0
98. 1
99. 0
100. 0
101. 1
102. 0
103. 0
104. 0
105. 1
106. 0
107. 0
108. 0
109. 0
110. 0
111. 0
112. 0
113. 1
114. 1
115. 0
116. 0
117. 0
118. 1
119. 1
120. 0
121. 0
122. 0
123. 0
124. 0
125. 0
126. 0
127. 0
128. 0
129. 0
130. 0
131. 0
132. 0
133. 0
134. 0
135. 0
136. 0
137. 0
138. 0
139. 0
140. 0
141. 0
142. 0
143. 0
144. 0
145. 1
146. 1
147. 0
148. 0
149. 1
150. 0
151. 0
152. 0
153. 0
154. 0
155. 1
156. 0
157. 1
158. 0
159. 1
160. 0
161. 1
162. 0
163. 0
164. 1
165. 0
166. 0
167. 0
168. 1
169. 0
170. 0
171. 1
172. 0
173. 0
174. 1
175. 1
176. 0
177. 0
178. 1
179. 0
180. 0
181. 0
182. 1
183. 0
184. 1
185. 0
186. 0
187. 0
188. 0
189. 1
190. 2
191. 0
192. 0
193. 1
194. 2
195. 0
196. 0
197. 1
198. 0
199. 0
200. 0