1552.txt
1. 1
2. 1
3. 1
4. 0
5. 0
6. 0
7. 0
8. 1
9. 1
10. 0
11. 2
12. 1
13. 1
14. 1
15. 0
16. 1
17. 2
18. 0
19. 0
20. 1
21. 1
22. 2
23. 1
24. 0
25. 1
26. 1
27. 1
28. 3
29. 2
30. 0
31. 2
32. 0
33. 0
34. 1
35. 0
36. 0
37. 0
38. 0
39. 0
40. 0
41. 1
42. 0
43. 1
44. 0
45. 0
46. 0
47. 0
48. 1
49. 2
50. 2
51. 1
52. 0
53. 0
54. 2
55. 3
56. 1
57. 0
58. 1
59. 0
60. 0
61. 2
62. 1
63. 0
64. 1
65. 0
66. 0
67. 1
68. 1
69. 1
70. 0
71. 0
72. 1
73. 0
74. 0
75. 0
76. 0
77. 1
78. 1
79. 1
80. 1
81. 1
82. 0
83. 1
84. 0
85. 0
86. 1
87. 0
88. 0
89. 0
90. 0
91. 1
92. 0
93. 0
94. 1
95. 0
96. 0
97. 2
98. 1
99. 1
100. 0
101. 0
102. 1
103. 0
104. 1
105. 0
106. 0
107. 0
108. 0
109. 1
110. 0
111. 1
112. 0
113. 0
114. 1
115. 0
116. 2
117. 0
118. 0
119. 1
120. 1
121. 0
122. 1
123. 1
124. 1
125. 0
126. 0
127. 1
128. 2
129. 0
130. 1
131. 0
132. 0
133. 1
134. 0
135. 0
136. 0
137. 0
138. 1
139. 0
140. 0
141. 0
142. 1
143. 0
144. 0
145. 1
146. 1
147. 0
148. 1
149. 0
150. 0
151. 0
152. 1
153. 1
154. 1
155. 0
156. 1
157. 1
158. 1
159. 3
160. 0
161. 1
162. 1
163. 2
164. 1
165. 1
166. 1
167. 1
168. 0
169. 2
170. 0
171. 1
172. 0
173. 1
174. 0
175. 0
176. 0
177. 0
178. 0
179. 0
180. 1
181. 1
182. 2
183. 1
184. 2
185. 1
186. 0
187. 0
188. 0
189. 0
190. 0
191. 0
192. 0
193. 0
194. 2
195. 0
196. 0
197. 1
198. 0
199. 1
200. 1