1632.txt
1. 1
2. 0
3. 0
4. 1
5. 1
6. 0
7. 0
8. 0
9. 1
10. 1
11. 0
12. 0
13. 1
14. 0
15. 1
16. 0
17. 0
18. 1
19. 0
20. 1
21. 2
22. 0
23. 1
24. 2
25. 1
26. 0
27. 0
28. 0
29. 1
30. 0
31. 1
32. 0
33. 0
34. 0
35. 0
36. 0
37. 0
38. 0
39. 0
40. 0
41. 1
42. 1
43. 0
44. 0
45. 0
46. 1
47. 0
48. 1
49. 0
50. 2
51. 0
52. 1
53. 0
54. 0
55. 0
56. 1
57. 1
58. 0
59. 0
60. 1
61. 1
62. 0
63. 0
64. 0
65. 0
66. 0
67. 0
68. 0
69. 0
70. 1
71. 0
72. 0
73. 0
74. 1
75. 0
76. 1
77. 0
78. 0
79. 0
80. 0
81. 0
82. 0
83. 0
84. 0
85. 1
86. 1
87. 1
88. 0
89. 1
90. 0
91. 0
92. 0
93. 0
94. 1
95. 1
96. 0
97. 1
98. 0
99. 1
100. 0
101. 0
102. 0
103. 0
104. 0
105. 1
106. 2
107. 1
108. 0
109. 1
110. 1
111. 0
112. 0
113. 0
114. 1
115. 1
116. 0
117. 2
118. 0
119. 1
120. 0
121. 2
122. 0
123. 1
124. 1
125. 0
126. 0
127. 1
128. 0
129. 0
130. 0
131. 1
132. 0
133. 0
134. 1
135. 0
136. 0
137. 1
138. 1
139. 0
140. 0
141. 0
142. 1
143. 0
144. 2
145. 0
146. 1
147. 1
148. 0
149. 1
150. 0
151. 0
152. 1
153. 1
154. 0
155. 0
156. 1
157. 0
158. 0
159. 1
160. 1
161. 1
162. 0
163. 1
164. 0
165. 1
166. 2
167. 1
168. 0
169. 0
170. 0
171. 0
172. 1
173. 0
174. 1
175. 0
176. 0
177. 2
178. 0
179. 0
180. 1
181. 0
182. 0
183. 0
184. 0
185. 1
186. 1
187. 1
188. 1
189. 0
190. 2
191. 0
192. 0
193. 0
194. 0
195. 0
196. 0
197. 0
198. 2
199. 0
200. 0