165.txt
1. 1
2. 0
3. 1
4. 0
5. 0
6. 1
7. 0
8. 2
9. 1
10. 0
11. 2
12. 0
13. 1
14. 1
15. 0
16. 1
17. 0
18. 2
19. 0
20. 0
21. 0
22. 0
23. 1
24. 0
25. 2
26. 3
27. 1
28. 0
29. 1
30. 0
31. 0
32. 1
33. 0
34. 1
35. 0
36. 0
37. 0
38. 0
39. 0
40. 2
41. 0
42. 1
43. 0
44. 0
45. 2
46. 0
47. 1
48. 1
49. 0
50. 0
51. 1
52. 0
53. 0
54. 1
55. 1
56. 1
57. 0
58. 1
59. 0
60. 1
61. 9
62. 0
63. 0
64. 0
65. 1
66. 0
67. 0
68. 1
69. 0
70. 0
71. 1
72. 1
73. 0
74. 1
75. 0
76. 0
77. 1
78. 0
79. 0
80. 1
81. 1
82. 1
83. 0
84. 0
85. 1
86. 1
87. 0
88. 0
89. 0
90. 0
91. 0
92. 1
93. 0
94. 1
95. 0
96. 1
97. 0
98. 1
99. 0
100. 1
101. 2
102. 1
103. 1
104. 0
105. 1
106. 0
107. 1
108. 0
109. 1
110. 0
111. 0
112. 1
113. 0
114. 1
115. 1
116. 1
117. 1
118. 0
119. 0
120. 1
121. 0
122. 1
123. 0
124. 0
125. 0
126. 1
127. 0
128. 1
129. 1
130. 1
131. 0
132. 1
133. 0
134. 1
135. 1
136. 1
137. 0
138. 2
139. 0
140. 0
141. 0
142. 0
143. 0
144. 0
145. 0
146. 0
147. 1
148. 1
149. 1
150. 1
151. 0
152. 0
153. 0
154. 0
155. 1
156. 0
157. 0
158. 0
159. 0
160. 0
161. 1
162. 0
163. 0
164. 1
165. 1
166. 0
167. 0
168. 0
169. 0
170. 0
171. 0
172. 1
173. 0
174. 1
175. 0
176. 0
177. 2
178. 2
179. 1
180. 0
181. 1
182. 0
183. 0
184. 1
185. 0
186. 0
187. 0
188. 0
189. 0
190. 1
191. 2
192. 2
193. 1
194. 0
195. 0
196. 0
197. 0
198. 0
199. 2
200. 0