1670.txt
1. 1
2. 3
3. 1
4. 2
5. 2
6. 1
7. 1
8. 0
9. 0
10. 1
11. 0
12. 1
13. 1
14. 1
15. 1
16. 1
17. 0
18. 1
19. 0
20. 2
21. 0
22. 1
23. 1
24. 0
25. 1
26. 0
27. 0
28. 0
29. 1
30. 1
31. 0
32. 1
33. 1
34. 1
35. 0
36. 0
37. 1
38. 1
39. 0
40. 1
41. 0
42. 1
43. 0
44. 1
45. 2
46. 0
47. 0
48. 1
49. 0
50. 1
51. 1
52. 0
53. 0
54. 1
55. 0
56. 1
57. 0
58. 0
59. 0
60. 0
61. 0
62. 0
63. 1
64. 0
65. 1
66. 0
67. 0
68. 1
69. 1
70. 0
71. 2
72. 0
73. 0
74. 0
75. 0
76. 1
77. 1
78. 0
79. 0
80. 1
81. 1
82. 1
83. 0
84. 1
85. 0
86. 0
87. 1
88. 1
89. 2
90. 1
91. 1
92. 1
93. 1
94. 0
95. 0
96. 1
97. 1
98. 2
99. 1
100. 0
101. 0
102. 0
103. 1
104. 0
105. 0
106. 0
107. 0
108. 1
109. 1
110. 0
111. 1
112. 0
113. 0
114. 0
115. 0
116. 1
117. 0
118. 2
119. 1
120. 1
121. 0
122. 0
123. 1
124. 1
125. 0
126. 0
127. 0
128. 1
129. 0
130. 0
131. 0
132. 0
133. 1
134. 1
135. 1
136. 1
137. 1
138. 1
139. 0
140. 0
141. 1
142. 1
143. 0
144. 1
145. 0
146. 1
147. 0
148. 0
149. 1
150. 0
151. 0
152. 0
153. 0
154. 0
155. 0
156. 0
157. 1
158. 0
159. 0
160. 1
161. 0
162. 0
163. 0
164. 0
165. 1
166. 0
167. 1
168. 1
169. 0
170. 0
171. 1
172. 0
173. 0
174. 0
175. 1
176. 1
177. 0
178. 0
179. 0
180. 1
181. 0
182. 0
183. 1
184. 1
185. 1
186. 0
187. 0
188. 1
189. 1
190. 1
191. 1
192. 0
193. 0
194. 1
195. 0
196. 2
197. 1
198. 0
199. 1
200. 2