1676.txt
1. 2
2. 1
3. 0
4. 2
5. 2
6. 1
7. 0
8. 2
9. 1
10. 2
11. 1
12. 0
13. 1
14. 1
15. 0
16. 1
17. 0
18. 2
19. 0
20. 0
21. 1
22. 1
23. 2
24. 1
25. 0
26. 1
27. 2
28. 0
29. 2
30. 0
31. 0
32. 0
33. 1
34. 0
35. 0
36. 1
37. 0
38. 0
39. 1
40. 2
41. 1
42. 0
43. 0
44. 0
45. 1
46. 0
47. 1
48. 1
49. 0
50. 0
51. 1
52. 0
53. 0
54. 1
55. 1
56. 2
57. 1
58. 0
59. 0
60. 1
61. 1
62. 0
63. 0
64. 0
65. 0
66. 0
67. 0
68. 1
69. 0
70. 0
71. 0
72. 0
73. 1
74. 2
75. 0
76. 0
77. 0
78. 0
79. 0
80. 1
81. 1
82. 2
83. 0
84. 2
85. 0
86. 0
87. 1
88. 0
89. 0
90. 0
91. 1
92. 0
93. 0
94. 2
95. 0
96. 1
97. 0
98. 1
99. 1
100. 0
101. 1
102. 1
103. 0
104. 0
105. 0
106. 0
107. 0
108. 1
109. 0
110. 0
111. 1
112. 1
113. 0
114. 0
115. 0
116. 0
117. 0
118. 1
119. 0
120. 2
121. 2
122. 2
123. 0
124. 0
125. 0
126. 0
127. 1
128. 0
129. 1
130. 1
131. 1
132. 0
133. 0
134. 2
135. 0
136. 0
137. 0
138. 0
139. 1
140. 1
141. 1
142. 2
143. 0
144. 0
145. 1
146. 0
147. 0
148. 0
149. 0
150. 2
151. 0
152. 2
153. 1
154. 0
155. 0
156. 0
157. 2
158. 0
159. 0
160. 2
161. 1
162. 0
163. 0
164. 2
165. 0
166. 0
167. 1
168. 0
169. 1
170. 0
171. 0
172. 0
173. 1
174. 0
175. 0
176. 0
177. 0
178. 0
179. 0
180. 1
181. 0
182. 0
183. 2
184. 0
185. 0
186. 0
187. 0
188. 0
189. 1
190. 2
191. 0
192. 0
193. 1
194. 1
195. 0
196. 0
197. 0
198. 0
199. 0
200. 0