1733.txt
1. 0
2. 1
3. 0
4. 0
5. 0
6. 1
7. 0
8. 0
9. 1
10. 2
11. 0
12. 0
13. 0
14. 0
15. 0
16. 1
17. 1
18. 1
19. 0
20. 0
21. 1
22. 0
23. 0
24. 0
25. 0
26. 0
27. 0
28. 0
29. 0
30. 0
31. 1
32. 0
33. 1
34. 0
35. 0
36. 0
37. 0
38. 1
39. 1
40. 0
41. 0
42. 1
43. 0
44. 1
45. 0
46. 0
47. 1
48. 0
49. 0
50. 0
51. 0
52. 1
53. 0
54. 0
55. 0
56. 0
57. 0
58. 0
59. 1
60. 0
61. 0
62. 0
63. 0
64. 1
65. 1
66. 0
67. 1
68. 1
69. 2
70. 0
71. 0
72. 0
73. 0
74. 0
75. 0
76. 0
77. 0
78. 1
79. 0
80. 1
81. 1
82. 0
83. 0
84. 1
85. 0
86. 1
87. 0
88. 1
89. 0
90. 0
91. 0
92. 1
93. 1
94. 1
95. 0
96. 0
97. 1
98. 1
99. 1
100. 1
101. 0
102. 0
103. 1
104. 1
105. 1
106. 1
107. 0
108. 1
109. 1
110. 0
111. 1
112. 0
113. 1
114. 0
115. 0
116. 1
117. 0
118. 0
119. 0
120. 1
121. 0
122. 1
123. 0
124. 1
125. 1
126. 0
127. 1
128. 0
129. 0
130. 0
131. 1
132. 0
133. 0
134. 0
135. 0
136. 0
137. 0
138. 1
139. 1
140. 0
141. 0
142. 0
143. 0
144. 0
145. 0
146. 0
147. 0
148. 0
149. 0
150. 1
151. 0
152. 0
153. 0
154. 1
155. 1
156. 1
157. 0
158. 0
159. 1
160. 0
161. 0
162. 0
163. 1
164. 0
165. 0
166. 0
167. 1
168. 1
169. 0
170. 1
171. 1
172. 0
173. 0
174. 0
175. 0
176. 1
177. 1
178. 0
179. 1
180. 0
181. 0
182. 1
183. 1
184. 0
185. 1
186. 1
187. 0
188. 0
189. 0
190. 1
191. 0
192. 1
193. 0
194. 1
195. 1
196. 1
197. 0
198. 1
199. 0
200. 1