1746.txt
1. 0
2. 0
3. 0
4. 0
5. 1
6. 0
7. 1
8. 0
9. 0
10. 0
11. 1
12. 0
13. 0
14. 0
15. 0
16. 1
17. 0
18. 0
19. 0
20. 0
21. 1
22. 0
23. 1
24. 2
25. 2
26. 0
27. 0
28. 1
29. 0
30. 0
31. 0
32. 0
33. 0
34. 0
35. 1
36. 0
37. 0
38. 0
39. 0
40. 0
41. 0
42. 0
43. 0
44. 0
45. 1
46. 1
47. 0
48. 2
49. 1
50. 1
51. 0
52. 0
53. 1
54. 0
55. 0
56. 0
57. 0
58. 0
59. 0
60. 0
61. 1
62. 0
63. 0
64. 1
65. 0
66. 1
67. 1
68. 1
69. 0
70. 0
71. 1
72. 0
73. 0
74. 0
75. 1
76. 0
77. 1
78. 0
79. 1
80. 2
81. 0
82. 0
83. 1
84. 0
85. 0
86. 0
87. 0
88. 1
89. 0
90. 0
91. 0
92. 1
93. 0
94. 0
95. 0
96. 2
97. 0
98. 1
99. 1
100. 0
101. 1
102. 0
103. 0
104. 0
105. 0
106. 0
107. 0
108. 1
109. 0
110. 0
111. 1
112. 1
113. 0
114. 0
115. 1
116. 0
117. 1
118. 1
119. 1
120. 0
121. 0
122. 0
123. 0
124. 0
125. 0
126. 0
127. 0
128. 1
129. 0
130. 1
131. 0
132. 0
133. 1
134. 0
135. 0
136. 1
137. 0
138. 0
139. 1
140. 1
141. 0
142. 0
143. 1
144. 0
145. 1
146. 2
147. 0
148. 0
149. 1
150. 0
151. 0
152. 0
153. 0
154. 0
155. 0
156. 0
157. 0
158. 0
159. 1
160. 0
161. 1
162. 0
163. 1
164. 1
165. 1
166. 0
167. 0
168. 1
169. 0
170. 0
171. 1
172. 0
173. 1
174. 0
175. 0
176. 0
177. 2
178. 0
179. 0
180. 0
181. 1
182. 0
183. 0
184. 0
185. 0
186. 0
187. 0
188. 0
189. 0
190. 0
191. 2
192. 0
193. 1
194. 0
195. 0
196. 0
197. 0
198. 1
199. 1
200. 0