1780.txt
1. 1
2. 1
3. 0
4. 0
5. 0
6. 0
7. 0
8. 1
9. 1
10. 0
11. 1
12. 1
13. 1
14. 0
15. 0
16. 1
17. 1
18. 1
19. 1
20. 1
21. 0
22. 0
23. 1
24. 0
25. 1
26. 2
27. 0
28. 0
29. 0
30. 1
31. 1
32. 2
33. 0
34. 1
35. 0
36. 1
37. 2
38. 1
39. 0
40. 0
41. 0
42. 1
43. 0
44. 0
45. 0
46. 1
47. 1
48. 0
49. 1
50. 1
51. 1
52. 2
53. 0
54. 1
55. 0
56. 0
57. 1
58. 0
59. 0
60. 0
61. 1
62. 0
63. 0
64. 1
65. 0
66. 0
67. 0
68. 1
69. 1
70. 0
71. 1
72. 0
73. 1
74. 0
75. 0
76. 1
77. 0
78. 0
79. 1
80. 1
81. 0
82. 1
83. 1
84. 0
85. 1
86. 1
87. 1
88. 0
89. 1
90. 0
91. 0
92. 1
93. 1
94. 1
95. 1
96. 1
97. 2
98. 0
99. 0
100. 0
101. 1
102. 0
103. 0
104. 0
105. 2
106. 0
107. 0
108. 0
109. 1
110. 2
111. 0
112. 2
113. 0
114. 0
115. 0
116. 1
117. 2
118. 0
119. 1
120. 0
121. 0
122. 1
123. 0
124. 1
125. 1
126. 1
127. 0
128. 0
129. 0
130. 1
131. 0
132. 0
133. 1
134. 0
135. 0
136. 0
137. 0
138. 0
139. 1
140. 1
141. 1
142. 0
143. 0
144. 0
145. 1
146. 0
147. 0
148. 1
149. 1
150. 0
151. 0
152. 0
153. 0
154. 1
155. 1
156. 1
157. 1
158. 0
159. 0
160. 1
161. 0
162. 0
163. 1
164. 0
165. 1
166. 2
167. 1
168. 0
169. 0
170. 0
171. 0
172. 1
173. 0
174. 0
175. 1
176. 0
177. 0
178. 1
179. 1
180. 2
181. 1
182. 0
183. 1
184. 0
185. 1
186. 0
187. 0
188. 1
189. 0
190. 0
191. 1
192. 0
193. 0
194. 1
195. 0
196. 0
197. 0
198. 1
199. 0
200. 1