1790.txt
1. 2
2. 0
3. 0
4. 1
5. 0
6. 2
7. 1
8. 1
9. 2
10. 0
11. 0
12. 1
13. 0
14. 1
15. 1
16. 1
17. 1
18. 2
19. 1
20. 0
21. 0
22. 0
23. 1
24. 1
25. 1
26. 0
27. 0
28. 1
29. 2
30. 1
31. 0
32. 1
33. 0
34. 0
35. 0
36. 1
37. 0
38. 0
39. 1
40. 1
41. 1
42. 1
43. 0
44. 1
45. 1
46. 1
47. 0
48. 0
49. 1
50. 0
51. 0
52. 0
53. 1
54. 1
55. 0
56. 0
57. 0
58. 0
59. 1
60. 1
61. 1
62. 0
63. 0
64. 1
65. 0
66. 0
67. 0
68. 0
69. 0
70. 0
71. 1
72. 0
73. 2
74. 0
75. 1
76. 0
77. 1
78. 1
79. 0
80. 0
81. 0
82. 1
83. 0
84. 1
85. 1
86. 0
87. 1
88. 1
89. 0
90. 0
91. 2
92. 1
93. 0
94. 0
95. 0
96. 0
97. 0
98. 1
99. 1
100. 1
101. 0
102. 1
103. 1
104. 0
105. 0
106. 1
107. 0
108. 0
109. 1
110. 1
111. 1
112. 1
113. 0
114. 0
115. 1
116. 1
117. 0
118. 0
119. 0
120. 1
121. 0
122. 1
123. 0
124. 1
125. 1
126. 0
127. 0
128. 1
129. 0
130. 0
131. 0
132. 0
133. 1
134. 0
135. 0
136. 0
137. 0
138. 1
139. 0
140. 1
141. 1
142. 1
143. 1
144. 0
145. 1
146. 1
147. 1
148. 0
149. 1
150. 1
151. 0
152. 0
153. 0
154. 2
155. 0
156. 0
157. 0
158. 0
159. 0
160. 0
161. 1
162. 1
163. 0
164. 0
165. 0
166. 0
167. 0
168. 1
169. 0
170. 1
171. 0
172. 1
173. 0
174. 0
175. 1
176. 0
177. 0
178. 1
179. 0
180. 0
181. 0
182. 0
183. 1
184. 1
185. 0
186. 2
187. 1
188. 1
189. 0
190. 2
191. 1
192. 0
193. 1
194. 1
195. 1
196. 1
197. 1
198. 1
199. 1
200. 0