18.txt
1. 1
2. 1
3. 2
4. 1
5. 1
6. 0
7. 1
8. 0
9. 2
10. 1
11. 1
12. 2
13. 0
14. 1
15. 0
16. 1
17. 0
18. 2
19. 3
20. 1
21. 1
22. 0
23. 1
24. 1
25. 2
26. 1
27. 1
28. 2
29. 1
30. 1
31. 1
32. 0
33. 0
34. 1
35. 1
36. 1
37. 0
38. 0
39. 1
40. 2
41. 1
42. 0
43. 0
44. 1
45. 1
46. 0
47. 1
48. 0
49. 0
50. 1
51. 1
52. 0
53. 1
54. 0
55. 1
56. 0
57. 1
58. 2
59. 2
60. 1
61. 1
62. 0
63. 1
64. 1
65. 0
66. 1
67. 1
68. 1
69. 1
70. 0
71. 2
72. 1
73. 1
74. 0
75. 1
76. 1
77. 0
78. 0
79. 0
80. 1
81. 1
82. 0
83. 1
84. 2
85. 1
86. 1
87. 0
88. 2
89. 1
90. 0
91. 0
92. 1
93. 1
94. 0
95. 1
96. 1
97. 1
98. 0
99. 1
100. 0
101. 0
102. 2
103. 0
104. 1
105. 0
106. 3
107. 0
108. 0
109. 0
110. 1
111. 1
112. 1
113. 1
114. 0
115. 2
116. 1
117. 0
118. 1
119. 2
120. 2
121. 1
122. 0
123. 1
124. 0
125. 0
126. 2
127. 1
128. 0
129. 0
130. 2
131. 1
132. 0
133. 1
134. 0
135. 0
136. 2
137. 0
138. 0
139. 0
140. 1
141. 1
142. 1
143. 0
144. 1
145. 0
146. 0
147. 0
148. 0
149. 2
150. 0
151. 1
152. 1
153. 1
154. 2
155. 0
156. 0
157. 0
158. 1
159. 2
160. 0
161. 1
162. 0
163. 0
164. 0
165. 0
166. 1
167. 2
168. 0
169. 1
170. 1
171. 0
172. 0
173. 0
174. 1
175. 1
176. 1
177. 2
178. 1
179. 1
180. 0
181. 0
182. 0
183. 0
184. 2
185. 0
186. 1
187. 1
188. 0
189. 2
190. 0
191. 2
192. 0
193. 0
194. 0
195. 0
196. 0
197. 2
198. 1
199. 0
200. 0