1801.txt
1. 1
2. 2
3. 1
4. 1
5. 2
6. 0
7. 1
8. 2
9. 1
10. 0
11. 2
12. 0
13. 1
14. 1
15. 0
16. 0
17. 0
18. 0
19. 1
20. 1
21. 0
22. 0
23. 1
24. 0
25. 1
26. 0
27. 1
28. 1
29. 0
30. 1
31. 1
32. 2
33. 0
34. 2
35. 1
36. 0
37. 1
38. 0
39. 2
40. 0
41. 1
42. 0
43. 2
44. 1
45. 0
46. 0
47. 1
48. 0
49. 0
50. 1
51. 1
52. 0
53. 0
54. 0
55. 0
56. 0
57. 0
58. 2
59. 2
60. 1
61. 1
62. 0
63. 1
64. 0
65. 0
66. 0
67. 1
68. 0
69. 1
70. 1
71. 0
72. 0
73. 0
74. 0
75. 1
76. 1
77. 0
78. 1
79. 2
80. 0
81. 0
82. 0
83. 0
84. 0
85. 0
86. 0
87. 0
88. 0
89. 0
90. 0
91. 1
92. 0
93. 0
94. 0
95. 0
96. 0
97. 1
98. 0
99. 0
100. 1
101. 0
102. 0
103. 0
104. 0
105. 0
106. 2
107. 0
108. 0
109. 0
110. 0
111. 0
112. 0
113. 1
114. 1
115. 2
116. 0
117. 0
118. 0
119. 0
120. 1
121. 1
122. 0
123. 0
124. 1
125. 0
126. 0
127. 1
128. 0
129. 0
130. 1
131. 0
132. 0
133. 0
134. 1
135. 0
136. 0
137. 1
138. 0
139. 1
140. 0
141. 1
142. 0
143. 2
144. 0
145. 0
146. 0
147. 1
148. 0
149. 1
150. 0
151. 1
152. 0
153. 1
154. 0
155. 2
156. 0
157. 0
158. 0
159. 0
160. 0
161. 0
162. 0
163. 1
164. 1
165. 0
166. 0
167. 0
168. 0
169. 0
170. 1
171. 1
172. 1
173. 0
174. 1
175. 0
176. 0
177. 1
178. 0
179. 1
180. 0
181. 2
182. 0
183. 0
184. 2
185. 0
186. 2
187. 1
188. 1
189. 1
190. 0
191. 1
192. 1
193. 1
194. 0
195. 0
196. 1
197. 0
198. 0
199. 0
200. 0