1933.txt
1. 3
2. 0
3. 4
4. 1
5. 2
6. 2
7. 0
8. 2
9. 3
10. 1
11. 0
12. 1
13. 2
14. 1
15. 2
16. 1
17. 1
18. 2
19. 1
20. 1
21. 3
22. 1
23. 1
24. 0
25. 8
26. 2
27. 1
28. 1
29. 1
30. 2
31. 0
32. 0
33. 1
34. 2
35. 1
36. 0
37. 0
38. 1
39. 0
40. 1
41. 2
42. 1
43. 1
44. 2
45. 1
46. 2
47. 1
48. 0
49. 1
50. 2
51. 2
52. 2
53. 0
54. 1
55. 0
56. 1
57. 1
58. 0
59. 1
60. 1
61. 0
62. 2
63. 0
64. 1
65. 0
66. 1
67. 1
68. 0
69. 0
70. 0
71. 2
72. 1
73. 2
74. 2
75. 1
76. 1
77. 1
78. 1
79. 0
80. 1
81. 0
82. 1
83. 0
84. 3
85. 1
86. 1
87. 0
88. 0
89. 1
90. 0
91. 1
92. 1
93. 1
94. 1
95. 1
96. 0
97. 0
98. 1
99. 1
100. 1
101. 1
102. 1
103. 0
104. 0
105. 1
106. 1
107. 0
108. 0
109. 1
110. 0
111. 1
112. 0
113. 2
114. 1
115. 1
116. 1
117. 2
118. 1
119. 2
120. 0
121. 1
122. 1
123. 2
124. 0
125. 1
126. 0
127. 2
128. 0
129. 1
130. 1
131. 3
132. 1
133. 0
134. 1
135. 0
136. 1
137. 1
138. 1
139. 1
140. 1
141. 2
142. 1
143. 1
144. 0
145. 1
146. 2
147. 1
148. 0
149. 1
150. 1
151. 0
152. 1
153. 0
154. 0
155. 0
156. 1
157. 0
158. 1
159. 0
160. 1
161. 1
162. 0
163. 0
164. 1
165. 0
166. 0
167. 1
168. 3
169. 3
170. 0
171. 1
172. 0
173. 0
174. 1
175. 0
176. 0
177. 1
178. 2
179. 0
180. 1
181. 1
182. 1
183. 0
184. 2
185. 0
186. 0
187. 1
188. 0
189. 1
190. 2
191. 0
192. 1
193. 0
194. 0
195. 0
196. 0
197. 1
198. 1
199. 0
200. 1