1987.txt
1. 1
2. 1
3. 1
4. 0
5. 0
6. 1
7. 0
8. 1
9. 1
10. 0
11. 0
12. 1
13. 0
14. 0
15. 0
16. 0
17. 0
18. 0
19. 0
20. 0
21. 0
22. 0
23. 0
24. 0
25. 0
26. 0
27. 0
28. 0
29. 0
30. 0
31. 1
32. 2
33. 0
34. 0
35. 1
36. 1
37. 1
38. 0
39. 0
40. 0
41. 0
42. 0
43. 0
44. 0
45. 0
46. 0
47. 0
48. 1
49. 0
50. 0
51. 0
52. 0
53. 0
54. 0
55. 0
56. 0
57. 0
58. 0
59. 0
60. 0
61. 1
62. 1
63. 2
64. 0
65. 1
66. 1
67. 1
68. 0
69. 0
70. 0
71. 0
72. 0
73. 0
74. 0
75. 0
76. 0
77. 1
78. 1
79. 0
80. 0
81. 0
82. 0
83. 0
84. 0
85. 1
86. 0
87. 0
88. 0
89. 0
90. 0
91. 0
92. 1
93. 0
94. 0
95. 0
96. 0
97. 0
98. 0
99. 0
100. 0
101. 0
102. 0
103. 1
104. 0
105. 1
106. 1
107. 0
108. 0
109. 1
110. 0
111. 0
112. 0
113. 0
114. 0
115. 0
116. 0
117. 0
118. 0
119. 1
120. 1
121. 1
122. 0
123. 0
124. 1
125. 0
126. 0
127. 0
128. 1
129. 0
130. 0
131. 1
132. 1
133. 0
134. 1
135. 0
136. 0
137. 0
138. 0
139. 2
140. 1
141. 0
142. 1
143. 0
144. 1
145. 0
146. 0
147. 0
148. 0
149. 0
150. 0
151. 0
152. 0
153. 1
154. 0
155. 0
156. 0
157. 0
158. 1
159. 0
160. 1
161. 0
162. 0
163. 0
164. 1
165. 0
166. 1
167. 0
168. 1
169. 0
170. 0
171. 0
172. 1
173. 0
174. 0
175. 0
176. 0
177. 0
178. 1
179. 1
180. 0
181. 1
182. 0
183. 0
184. 0
185. 0
186. 0
187. 0
188. 0
189. 0
190. 0
191. 0
192. 0
193. 0
194. 0
195. 0
196. 0
197. 0
198. 1
199. 0
200. 1