1995.txt
1. 0
2. 1
3. 1
4. 1
5. 1
6. 0
7. 1
8. 1
9. 0
10. 1
11. 0
12. 0
13. 1
14. 1
15. 0
16. 1
17. 0
18. 1
19. 0
20. 0
21. 0
22. 0
23. 0
24. 0
25. 0
26. 0
27. 0
28. 0
29. 1
30. 1
31. 0
32. 1
33. 1
34. 1
35. 0
36. 0
37. 0
38. 0
39. 0
40. 0
41. 0
42. 1
43. 0
44. 0
45. 0
46. 1
47. 0
48. 1
49. 1
50. 1
51. 0
52. 0
53. 1
54. 0
55. 1
56. 1
57. 1
58. 0
59. 0
60. 0
61. 1
62. 0
63. 1
64. 0
65. 0
66. 0
67. 0
68. 0
69. 1
70. 0
71. 0
72. 0
73. 1
74. 1
75. 1
76. 0
77. 0
78. 0
79. 0
80. 1
81. 1
82. 0
83. 0
84. 0
85. 0
86. 0
87. 0
88. 0
89. 0
90. 0
91. 0
92. 0
93. 0
94. 0
95. 0
96. 0
97. 0
98. 0
99. 1
100. 0
101. 0
102. 1
103. 1
104. 0
105. 0
106. 0
107. 1
108. 0
109. 0
110. 0
111. 0
112. 1
113. 1
114. 0
115. 0
116. 0
117. 0
118. 1
119. 0
120. 0
121. 0
122. 0
123. 1
124. 1
125. 1
126. 0
127. 0
128. 1
129. 0
130. 0
131. 0
132. 1
133. 0
134. 0
135. 0
136. 0
137. 0
138. 0
139. 0
140. 0
141. 0
142. 0
143. 0
144. 0
145. 0
146. 1
147. 0
148. 0
149. 1
150. 1
151. 1
152. 0
153. 0
154. 0
155. 1
156. 1
157. 0
158. 0
159. 0
160. 0
161. 1
162. 1
163. 1
164. 1
165. 1
166. 1
167. 1
168. 0
169. 0
170. 0
171. 1
172. 1
173. 0
174. 1
175. 0
176. 0
177. 0
178. 0
179. 1
180. 0
181. 0
182. 1
183. 0
184. 0
185. 1
186. 1
187. 0
188. 1
189. 0
190. 0
191. 0
192. 1
193. 0
194. 1
195. 0
196. 0
197. 0
198. 1
199. 1
200. 0