20.txt
1. 2
2. 0
3. 1
4. 1
5. 0
6. 2
7. 1
8. 1
9. 0
10. 1
11. 0
12. 1
13. 2
14. 2
15. 0
16. 0
17. 0
18. 0
19. 0
20. 10
21. 2
22. 0
23. 0
24. 1
25. 0
26. 0
27. 2
28. 2
29. 1
30. 0
31. 0
32. 0
33. 2
34. 1
35. 0
36. 0
37. 1
38. 0
39. 0
40. 1
41. 0
42. 1
43. 0
44. 0
45. 1
46. 0
47. 0
48. 0
49. 2
50. 0
51. 0
52. 1
53. 2
54. 2
55. 0
56. 2
57. 0
58. 0
59. 0
60. 0
61. 0
62. 1
63. 0
64. 0
65. 0
66. 0
67. 1
68. 0
69. 0
70. 1
71. 1
72. 1
73. 0
74. 0
75. 1
76. 0
77. 0
78. 0
79. 0
80. 1
81. 0
82. 0
83. 0
84. 0
85. 0
86. 0
87. 0
88. 0
89. 0
90. 1
91. 0
92. 0
93. 1
94. 0
95. 0
96. 1
97. 0
98. 3
99. 0
100. 2
101. 0
102. 0
103. 0
104. 2
105. 0
106. 2
107. 0
108. 0
109. 2
110. 0
111. 0
112. 0
113. 0
114. 0
115. 0
116. 0
117. 0
118. 0
119. 0
120. 0
121. 0
122. 1
123. 2
124. 2
125. 0
126. 0
127. 0
128. 1
129. 0
130. 0
131. 0
132. 0
133. 0
134. 0
135. 1
136. 1
137. 0
138. 0
139. 0
140. 1
141. 0
142. 1
143. 0
144. 0
145. 1
146. 0
147. 0
148. 1
149. 0
150. 1
151. 0
152. 0
153. 0
154. 0
155. 0
156. 1
157. 0
158. 0
159. 2
160. 0
161. 0
162. 1
163. 2
164. 0
165. 1
166. 0
167. 0
168. 1
169. 0
170. 1
171. 1
172. 0
173. 1
174. 1
175. 0
176. 0
177. 0
178. 0
179. 0
180. 0
181. 1
182. 0
183. 0
184. 1
185. 0
186. 0
187. 0
188. 0
189. 0
190. 1
191. 0
192. 0
193. 0
194. 0
195. 0
196. 0
197. 0
198. 0
199. 0
200. 0