2000.txt
1. 1
2. 2
3. 1
4. 1
5. 1
6. 1
7. 1
8. 0
9. 2
10. 0
11. 1
12. 0
13. 0
14. 0
15. 1
16. 1
17. 0
18. 2
19. 0
20. 2
21. 1
22. 1
23. 2
24. 0
25. 0
26. 1
27. 1
28. 0
29. 1
30. 0
31. 1
32. 0
33. 2
34. 1
35. 1
36. 0
37. 0
38. 0
39. 0
40. 1
41. 1
42. 1
43. 0
44. 1
45. 3
46. 0
47. 0
48. 1
49. 2
50. 0
51. 0
52. 0
53. 1
54. 1
55. 0
56. 1
57. 1
58. 1
59. 1
60. 2
61. 1
62. 1
63. 1
64. 0
65. 0
66. 0
67. 0
68. 0
69. 0
70. 1
71. 1
72. 1
73. 0
74. 0
75. 0
76. 0
77. 0
78. 1
79. 1
80. 1
81. 0
82. 1
83. 1
84. 1
85. 0
86. 0
87. 0
88. 1
89. 1
90. 0
91. 0
92. 0
93. 0
94. 1
95. 0
96. 2
97. 0
98. 1
99. 0
100. 1
101. 2
102. 1
103. 2
104. 1
105. 1
106. 1
107. 0
108. 1
109. 0
110. 0
111. 0
112. 0
113. 1
114. 0
115. 0
116. 0
117. 1
118. 1
119. 1
120. 1
121. 0
122. 1
123. 1
124. 0
125. 1
126. 0
127. 0
128. 0
129. 0
130. 2
131. 0
132. 0
133. 0
134. 1
135. 2
136. 1
137. 0
138. 1
139. 0
140. 1
141. 3
142. 0
143. 0
144. 1
145. 1
146. 1
147. 1
148. 2
149. 1
150. 0
151. 0
152. 0
153. 0
154. 1
155. 0
156. 1
157. 0
158. 0
159. 1
160. 2
161. 0
162. 0
163. 0
164. 1
165. 1
166. 1
167. 0
168. 0
169. 0
170. 0
171. 0
172. 1
173. 1
174. 1
175. 1
176. 1
177. 0
178. 0
179. 0
180. 2
181. 1
182. 1
183. 2
184. 0
185. 0
186. 0
187. 0
188. 1
189. 0
190. 0
191. 1
192. 0
193. 0
194. 0
195. 1
196. 1
197. 1
198. 2
199. 1
200. 0