2009.txt
1. 0
2. 1
3. 0
4. 0
5. 0
6. 0
7. 0
8. 1
9. 0
10. 0
11. 1
12. 0
13. 0
14. 0
15. 1
16. 0
17. 0
18. 1
19. 0
20. 0
21. 1
22. 0
23. 0
24. 0
25. 0
26. 0
27. 0
28. 1
29. 0
30. 0
31. 0
32. 0
33. 1
34. 0
35. 1
36. 0
37. 0
38. 1
39. 0
40. 0
41. 1
42. 0
43. 0
44. 9
45. 0
46. 1
47. 0
48. 0
49. 0
50. 0
51. 0
52. 0
53. 0
54. 0
55. 0
56. 0
57. 0
58. 1
59. 0
60. 0
61. 0
62. 0
63. 0
64. 0
65. 0
66. 0
67. 0
68. 1
69. 1
70. 0
71. 1
72. 0
73. 0
74. 0
75. 0
76. 0
77. 1
78. 0
79. 0
80. 0
81. 1
82. 0
83. 1
84. 0
85. 0
86. 0
87. 0
88. 0
89. 0
90. 1
91. 0
92. 0
93. 0
94. 0
95. 1
96. 0
97. 0
98. 0
99. 0
100. 0
101. 0
102. 1
103. 0
104. 0
105. 0
106. 1
107. 0
108. 0
109. 0
110. 0
111. 0
112. 1
113. 0
114. 0
115. 0
116. 0
117. 1
118. 1
119. 1
120. 0
121. 0
122. 0
123. 0
124. 0
125. 0
126. 1
127. 0
128. 0
129. 1
130. 0
131. 0
132. 1
133. 1
134. 0
135. 0
136. 0
137. 1
138. 0
139. 1
140. 0
141. 0
142. 1
143. 1
144. 0
145. 0
146. 2
147. 1
148. 1
149. 1
150. 0
151. 1
152. 0
153. 0
154. 0
155. 1
156. 0
157. 0
158. 1
159. 0
160. 1
161. 10
162. 0
163. 1
164. 0
165. 0
166. 0
167. 0
168. 0
169. 0
170. 0
171. 0
172. 0
173. 1
174. 0
175. 0
176. 0
177. 1
178. 0
179. 1
180. 0
181. 0
182. 0
183. 0
184. 0
185. 0
186. 0
187. 0
188. 0
189. 0
190. 0
191. 1
192. 0
193. 0
194. 1
195. 0
196. 0
197. 0
198. 0
199. 0
200. 1