2010.txt
1. 1
2. 1
3. 0
4. 1
5. 0
6. 1
7. 0
8. 0
9. 0
10. 0
11. 0
12. 0
13. 0
14. 0
15. 0
16. 0
17. 1
18. 1
19. 0
20. 0
21. 1
22. 1
23. 0
24. 1
25. 0
26. 0
27. 0
28. 1
29. 0
30. 0
31. 1
32. 1
33. 0
34. 0
35. 0
36. 0
37. 0
38. 0
39. 0
40. 2
41. 0
42. 0
43. 0
44. 1
45. 0
46. 0
47. 0
48. 0
49. 0
50. 1
51. 0
52. 0
53. 0
54. 0
55. 0
56. 0
57. 0
58. 0
59. 0
60. 0
61. 0
62. 1
63. 0
64. 0
65. 0
66. 0
67. 0
68. 0
69. 2
70. 0
71. 1
72. 2
73. 0
74. 1
75. 0
76. 1
77. 0
78. 1
79. 1
80. 0
81. 1
82. 1
83. 1
84. 0
85. 0
86. 1
87. 0
88. 0
89. 0
90. 0
91. 0
92. 0
93. 0
94. 0
95. 2
96. 2
97. 1
98. 0
99. 1
100. 0
101. 0
102. 0
103. 0
104. 1
105. 0
106. 0
107. 0
108. 0
109. 0
110. 0
111. 1
112. 0
113. 1
114. 0
115. 1
116. 1
117. 2
118. 0
119. 0
120. 1
121. 0
122. 0
123. 0
124. 0
125. 0
126. 1
127. 0
128. 0
129. 0
130. 1
131. 0
132. 0
133. 0
134. 0
135. 0
136. 2
137. 0
138. 0
139. 0
140. 0
141. 0
142. 0
143. 0
144. 0
145. 0
146. 0
147. 1
148. 0
149. 1
150. 1
151. 0
152. 0
153. 0
154. 0
155. 0
156. 0
157. 0
158. 0
159. 0
160. 0
161. 0
162. 0
163. 0
164. 0
165. 1
166. 1
167. 1
168. 0
169. 1
170. 2
171. 1
172. 0
173. 1
174. 1
175. 0
176. 0
177. 2
178. 0
179. 0
180. 0
181. 0
182. 0
183. 0
184. 1
185. 0
186. 0
187. 1
188. 0
189. 0
190. 1
191. 1
192. 0
193. 0
194. 0
195. 1
196. 0
197. 1
198. 0
199. 0
200. 0