2063.txt
1. 0
2. 1
3. 2
4. 1
5. 2
6. 0
7. 1
8. 2
9. 1
10. 0
11. 1
12. 0
13. 1
14. 0
15. 0
16. 0
17. 0
18. 1
19. 0
20. 2
21. 0
22. 0
23. 0
24. 1
25. 0
26. 1
27. 0
28. 0
29. 1
30. 0
31. 1
32. 0
33. 0
34. 0
35. 0
36. 1
37. 0
38. 0
39. 0
40. 0
41. 0
42. 0
43. 1
44. 0
45. 0
46. 0
47. 0
48. 1
49. 0
50. 0
51. 0
52. 1
53. 0
54. 0
55. 1
56. 0
57. 0
58. 0
59. 0
60. 1
61. 0
62. 0
63. 0
64. 0
65. 1
66. 0
67. 0
68. 0
69. 0
70. 0
71. 0
72. 0
73. 1
74. 0
75. 2
76. 0
77. 1
78. 0
79. 2
80. 1
81. 0
82. 0
83. 0
84. 0
85. 0
86. 0
87. 0
88. 0
89. 0
90. 0
91. 0
92. 0
93. 0
94. 0
95. 1
96. 0
97. 0
98. 1
99. 1
100. 0
101. 0
102. 0
103. 0
104. 1
105. 0
106. 0
107. 0
108. 0
109. 0
110. 0
111. 1
112. 0
113. 0
114. 0
115. 0
116. 1
117. 0
118. 0
119. 0
120. 0
121. 0
122. 0
123. 1
124. 1
125. 1
126. 0
127. 0
128. 1
129. 0
130. 1
131. 0
132. 0
133. 0
134. 1
135. 0
136. 0
137. 0
138. 0
139. 0
140. 0
141. 0
142. 2
143. 0
144. 1
145. 0
146. 2
147. 0
148. 0
149. 0
150. 0
151. 0
152. 0
153. 0
154. 1
155. 1
156. 0
157. 0
158. 0
159. 0
160. 0
161. 0
162. 0
163. 1
164. 0
165. 0
166. 0
167. 0
168. 0
169. 0
170. 0
171. 0
172. 1
173. 0
174. 0
175. 0
176. 0
177. 0
178. 0
179. 0
180. 0
181. 0
182. 0
183. 0
184. 1
185. 0
186. 0
187. 0
188. 0
189. 0
190. 0
191. 1
192. 0
193. 0
194. 1
195. 0
196. 2
197. 1
198. 0
199. 1
200. 0