2099.txt
1. 1
2. 0
3. 0
4. 2
5. 2
6. 1
7. 0
8. 1
9. 1
10. 0
11. 0
12. 0
13. 1
14. 0
15. 1
16. 1
17. 1
18. 0
19. 1
20. 0
21. 0
22. 0
23. 0
24. 1
25. 0
26. 1
27. 0
28. 1
29. 0
30. 0
31. 0
32. 1
33. 1
34. 0
35. 0
36. 0
37. 1
38. 0
39. 0
40. 0
41. 0
42. 1
43. 0
44. 0
45. 0
46. 0
47. 0
48. 1
49. 0
50. 1
51. 0
52. 0
53. 1
54. 0
55. 0
56. 0
57. 1
58. 1
59. 0
60. 0
61. 0
62. 0
63. 0
64. 0
65. 0
66. 0
67. 1
68. 0
69. 0
70. 1
71. 0
72. 1
73. 0
74. 0
75. 1
76. 1
77. 0
78. 1
79. 0
80. 1
81. 0
82. 0
83. 0
84. 0
85. 0
86. 0
87. 0
88. 0
89. 1
90. 0
91. 0
92. 1
93. 0
94. 0
95. 0
96. 0
97. 0
98. 0
99. 0
100. 1
101. 1
102. 0
103. 0
104. 2
105. 0
106. 0
107. 1
108. 0
109. 0
110. 2
111. 0
112. 0
113. 1
114. 0
115. 0
116. 0
117. 0
118. 0
119. 0
120. 0
121. 1
122. 0
123. 1
124. 2
125. 0
126. 0
127. 1
128. 0
129. 0
130. 2
131. 0
132. 1
133. 1
134. 0
135. 0
136. 0
137. 0
138. 0
139. 0
140. 1
141. 0
142. 0
143. 1
144. 0
145. 0
146. 1
147. 0
148. 0
149. 1
150. 0
151. 0
152. 0
153. 0
154. 0
155. 0
156. 0
157. 0
158. 0
159. 0
160. 0
161. 2
162. 0
163. 0
164. 0
165. 1
166. 1
167. 1
168. 1
169. 0
170. 0
171. 0
172. 0
173. 0
174. 1
175. 1
176. 0
177. 1
178. 1
179. 0
180. 1
181. 0
182. 1
183. 0
184. 0
185. 1
186. 1
187. 0
188. 0
189. 0
190. 0
191. 0
192. 0
193. 0
194. 0
195. 0
196. 0
197. 0
198. 0
199. 0
200. 0