2100.txt
1. 1
2. 1
3. 0
4. 1
5. 1
6. 1
7. 2
8. 0
9. 1
10. 0
11. 0
12. 1
13. 2
14. 1
15. 1
16. 1
17. 1
18. 1
19. 0
20. 0
21. 0
22. 1
23. 1
24. 1
25. 1
26. 0
27. 2
28. 0
29. 0
30. 0
31. 0
32. 1
33. 1
34. 1
35. 0
36. 0
37. 1
38. 0
39. 1
40. 1
41. 0
42. 1
43. 1
44. 0
45. 1
46. 1
47. 0
48. 1
49. 0
50. 0
51. 1
52. 0
53. 1
54. 1
55. 1
56. 1
57. 1
58. 1
59. 0
60. 1
61. 1
62. 1
63. 1
64. 0
65. 0
66. 1
67. 0
68. 0
69. 1
70. 1
71. 1
72. 0
73. 0
74. 1
75. 0
76. 0
77. 1
78. 0
79. 1
80. 1
81. 0
82. 1
83. 1
84. 0
85. 0
86. 1
87. 0
88. 0
89. 1
90. 1
91. 0
92. 1
93. 1
94. 1
95. 1
96. 0
97. 1
98. 0
99. 1
100. 2
101. 1
102. 1
103. 0
104. 1
105. 1
106. 0
107. 0
108. 2
109. 1
110. 2
111. 0
112. 0
113. 1
114. 1
115. 0
116. 1
117. 0
118. 1
119. 0
120. 0
121. 0
122. 1
123. 1
124. 1
125. 0
126. 0
127. 0
128. 0
129. 0
130. 1
131. 0
132. 1
133. 0
134. 0
135. 0
136. 1
137. 0
138. 2
139. 0
140. 0
141. 0
142. 0
143. 1
144. 0
145. 1
146. 1
147. 0
148. 1
149. 0
150. 0
151. 1
152. 0
153. 1
154. 1
155. 0
156. 0
157. 0
158. 0
159. 1
160. 0
161. 1
162. 0
163. 1
164. 0
165. 1
166. 0
167. 0
168. 1
169. 1
170. 0
171. 0
172. 1
173. 0
174. 0
175. 0
176. 0
177. 0
178. 1
179. 1
180. 1
181. 1
182. 0
183. 0
184. 0
185. 2
186. 1
187. 0
188. 2
189. 0
190. 1
191. 1
192. 0
193. 0
194. 1
195. 0
196. 1
197. 0
198. 0
199. 1
200. 1