2138.txt
1. 1
2. 0
3. 0
4. 0
5. 0
6. 2
7. 0
8. 1
9. 1
10. 0
11. 0
12. 1
13. 1
14. 1
15. 0
16. 0
17. 1
18. 1
19. 0
20. 0
21. 0
22. 0
23. 0
24. 0
25. 0
26. 0
27. 0
28. 1
29. 2
30. 0
31. 0
32. 2
33. 0
34. 0
35. 1
36. 0
37. 0
38. 2
39. 1
40. 1
41. 0
42. 2
43. 0
44. 0
45. 0
46. 0
47. 1
48. 0
49. 0
50. 0
51. 1
52. 2
53. 1
54. 0
55. 0
56. 0
57. 1
58. 1
59. 0
60. 0
61. 0
62. 0
63. 1
64. 0
65. 0
66. 0
67. 0
68. 1
69. 1
70. 0
71. 0
72. 0
73. 0
74. 0
75. 0
76. 0
77. 0
78. 0
79. 1
80. 0
81. 0
82. 0
83. 0
84. 0
85. 0
86. 1
87. 0
88. 0
89. 0
90. 0
91. 1
92. 1
93. 0
94. 0
95. 0
96. 1
97. 0
98. 0
99. 1
100. 0
101. 0
102. 0
103. 0
104. 1
105. 0
106. 0
107. 0
108. 0
109. 0
110. 1
111. 0
112. 0
113. 1
114. 0
115. 0
116. 1
117. 1
118. 0
119. 0
120. 1
121. 0
122. 0
123. 1
124. 1
125. 1
126. 0
127. 0
128. 1
129. 0
130. 0
131. 0
132. 0
133. 0
134. 0
135. 0
136. 0
137. 0
138. 1
139. 0
140. 0
141. 1
142. 0
143. 0
144. 0
145. 0
146. 1
147. 0
148. 0
149. 1
150. 1
151. 0
152. 1
153. 0
154. 1
155. 0
156. 0
157. 1
158. 1
159. 0
160. 0
161. 1
162. 0
163. 1
164. 0
165. 0
166. 0
167. 0
168. 0
169. 0
170. 0
171. 1
172. 0
173. 0
174. 0
175. 0
176. 1
177. 0
178. 1
179. 1
180. 0
181. 0
182. 0
183. 0
184. 0
185. 1
186. 0
187. 0
188. 0
189. 0
190. 0
191. 0
192. 0
193. 2
194. 0
195. 0
196. 0
197. 0
198. 0
199. 0
200. 0