2174.txt
1. 0
2. 0
3. 0
4. 0
5. 1
6. 0
7. 1
8. 0
9. 0
10. 0
11. 0
12. 1
13. 2
14. 0
15. 0
16. 0
17. 0
18. 0
19. 0
20. 0
21. 0
22. 0
23. 0
24. 0
25. 1
26. 0
27. 0
28. 0
29. 0
30. 1
31. 0
32. 0
33. 0
34. 1
35. 0
36. 0
37. 0
38. 0
39. 0
40. 2
41. 0
42. 0
43. 0
44. 1
45. 1
46. 0
47. 0
48. 1
49. 0
50. 0
51. 0
52. 0
53. 0
54. 0
55. 0
56. 0
57. 0
58. 0
59. 0
60. 0
61. 0
62. 0
63. 0
64. 1
65. 1
66. 0
67. 0
68. 1
69. 0
70. 0
71. 1
72. 0
73. 0
74. 0
75. 0
76. 0
77. 0
78. 0
79. 0
80. 0
81. 1
82. 0
83. 0
84. 0
85. 0
86. 0
87. 0
88. 0
89. 0
90. 0
91. 0
92. 1
93. 0
94. 0
95. 0
96. 0
97. 0
98. 0
99. 0
100. 1
101. 0
102. 0
103. 1
104. 0
105. 0
106. 0
107. 1
108. 1
109. 1
110. 0
111. 0
112. 2
113. 0
114. 0
115. 1
116. 0
117. 0
118. 1
119. 0
120. 0
121. 0
122. 0
123. 0
124. 0
125. 0
126. 0
127. 2
128. 0
129. 0
130. 1
131. 0
132. 0
133. 0
134. 0
135. 0
136. 0
137. 0
138. 0
139. 0
140. 0
141. 0
142. 0
143. 0
144. 0
145. 0
146. 0
147. 1
148. 1
149. 0
150. 0
151. 1
152. 0
153. 1
154. 0
155. 2
156. 0
157. 1
158. 0
159. 1
160. 1
161. 0
162. 0
163. 0
164. 0
165. 0
166. 1
167. 0
168. 0
169. 0
170. 0
171. 0
172. 0
173. 0
174. 0
175. 0
176. 0
177. 0
178. 0
179. 0
180. 0
181. 0
182. 0
183. 0
184. 0
185. 0
186. 0
187. 0
188. 0
189. 1
190. 2
191. 0
192. 1
193. 1
194. 0
195. 1
196. 0
197. 1
198. 0
199. 0
200. 0