2183.txt
1. 2
2. 1
3. 1
4. 0
5. 1
6. 0
7. 2
8. 0
9. 1
10. 0
11. 2
12. 2
13. 0
14. 0
15. 0
16. 0
17. 1
18. 1
19. 1
20. 1
21. 0
22. 0
23. 0
24. 0
25. 0
26. 0
27. 0
28. 0
29. 1
30. 0
31. 0
32. 1
33. 0
34. 0
35. 0
36. 0
37. 0
38. 1
39. 1
40. 1
41. 2
42. 1
43. 0
44. 1
45. 0
46. 0
47. 0
48. 0
49. 0
50. 1
51. 0
52. 0
53. 0
54. 0
55. 0
56. 0
57. 0
58. 1
59. 0
60. 1
61. 0
62. 1
63. 0
64. 0
65. 0
66. 0
67. 0
68. 0
69. 0
70. 0
71. 0
72. 0
73. 1
74. 1
75. 0
76. 0
77. 0
78. 0
79. 0
80. 0
81. 0
82. 0
83. 0
84. 0
85. 1
86. 0
87. 0
88. 0
89. 1
90. 0
91. 2
92. 0
93. 0
94. 1
95. 0
96. 1
97. 0
98. 0
99. 0
100. 0
101. 1
102. 1
103. 0
104. 0
105. 0
106. 0
107. 0
108. 0
109. 1
110. 0
111. 0
112. 0
113. 0
114. 1
115. 1
116. 1
117. 0
118. 0
119. 0
120. 0
121. 0
122. 0
123. 0
124. 0
125. 0
126. 0
127. 0
128. 0
129. 0
130. 0
131. 0
132. 1
133. 0
134. 0
135. 0
136. 1
137. 0
138. 0
139. 0
140. 0
141. 0
142. 0
143. 0
144. 0
145. 0
146. 1
147. 0
148. 1
149. 0
150. 1
151. 0
152. 1
153. 0
154. 0
155. 1
156. 0
157. 0
158. 0
159. 0
160. 1
161. 1
162. 0
163. 1
164. 0
165. 0
166. 0
167. 0
168. 0
169. 0
170. 0
171. 0
172. 0
173. 1
174. 1
175. 1
176. 0
177. 0
178. 0
179. 1
180. 0
181. 0
182. 0
183. 0
184. 0
185. 0
186. 0
187. 0
188. 0
189. 0
190. 0
191. 0
192. 0
193. 0
194. 1
195. 1
196. 0
197. 0
198. 1
199. 0
200. 0