2222.txt
1. 1
2. 1
3. 1
4. 0
5. 1
6. 0
7. 0
8. 0
9. 0
10. 0
11. 2
12. 0
13. 0
14. 0
15. 0
16. 0
17. 0
18. 0
19. 1
20. 1
21. 1
22. 0
23. 3
24. 0
25. 0
26. 0
27. 0
28. 0
29. 1
30. 0
31. 0
32. 0
33. 0
34. 0
35. 0
36. 0
37. 0
38. 0
39. 1
40. 0
41. 0
42. 1
43. 0
44. 1
45. 0
46. 0
47. 0
48. 0
49. 0
50. 0
51. 1
52. 0
53. 0
54. 0
55. 0
56. 1
57. 0
58. 1
59. 0
60. 0
61. 0
62. 1
63. 0
64. 1
65. 0
66. 0
67. 1
68. 0
69. 1
70. 0
71. 0
72. 0
73. 1
74. 0
75. 0
76. 0
77. 0
78. 0
79. 1
80. 0
81. 0
82. 1
83. 10
84. 0
85. 0
86. 0
87. 0
88. 0
89. 0
90. 1
91. 0
92. 0
93. 0
94. 0
95. 1
96. 1
97. 0
98. 0
99. 0
100. 1
101. 1
102. 0
103. 0
104. 0
105. 0
106. 0
107. 0
108. 0
109. 1
110. 0
111. 0
112. 0
113. 1
114. 0
115. 1
116. 0
117. 2
118. 0
119. 0
120. 1
121. 0
122. 0
123. 0
124. 1
125. 0
126. 0
127. 1
128. 1
129. 0
130. 0
131. 0
132. 1
133. 0
134. 0
135. 1
136. 0
137. 1
138. 0
139. 0
140. 0
141. 1
142. 0
143. 1
144. 0
145. 0
146. 0
147. 0
148. 0
149. 1
150. 1
151. 0
152. 0
153. 1
154. 1
155. 0
156. 0
157. 0
158. 0
159. 0
160. 0
161. 1
162. 0
163. 0
164. 1
165. 0
166. 1
167. 1
168. 1
169. 0
170. 0
171. 0
172. 0
173. 1
174. 0
175. 0
176. 0
177. 1
178. 0
179. 0
180. 0
181. 0
182. 0
183. 1
184. 0
185. 0
186. 0
187. 1
188. 1
189. 0
190. 1
191. 1
192. 1
193. 0
194. 1
195. 0
196. 0
197. 0
198. 0
199. 0
200. 1