2303.txt
1. 2
2. 1
3. 0
4. 1
5. 1
6. 0
7. 1
8. 2
9. 1
10. 0
11. 0
12. 0
13. 0
14. 1
15. 4
16. 0
17. 1
18. 0
19. 1
20. 0
21. 1
22. 0
23. 2
24. 0
25. 0
26. 2
27. 1
28. 0
29. 0
30. 0
31. 1
32. 0
33. 1
34. 2
35. 3
36. 1
37. 1
38. 1
39. 2
40. 0
41. 1
42. 1
43. 0
44. 0
45. 1
46. 1
47. 1
48. 0
49. 1
50. 0
51. 0
52. 2
53. 0
54. 0
55. 0
56. 2
57. 0
58. 0
59. 0
60. 1
61. 0
62. 1
63. 0
64. 1
65. 0
66. 1
67. 0
68. 0
69. 1
70. 0
71. 1
72. 0
73. 0
74. 0
75. 1
76. 0
77. 1
78. 0
79. 0
80. 0
81. 1
82. 0
83. 0
84. 0
85. 0
86. 1
87. 0
88. 0
89. 1
90. 1
91. 1
92. 0
93. 1
94. 1
95. 0
96. 1
97. 0
98. 0
99. 0
100. 1
101. 0
102. 1
103. 0
104. 1
105. 1
106. 1
107. 1
108. 2
109. 0
110. 2
111. 1
112. 0
113. 1
114. 0
115. 3
116. 1
117. 1
118. 1
119. 0
120. 1
121. 0
122. 0
123. 1
124. 1
125. 1
126. 1
127. 1
128. 0
129. 2
130. 1
131. 1
132. 1
133. 1
134. 0
135. 0
136. 1
137. 0
138. 0
139. 1
140. 1
141. 1
142. 1
143. 1
144. 1
145. 1
146. 0
147. 0
148. 0
149. 2
150. 1
151. 0
152. 0
153. 2
154. 0
155. 0
156. 1
157. 1
158. 0
159. 2
160. 0
161. 0
162. 1
163. 1
164. 1
165. 0
166. 0
167. 0
168. 1
169. 0
170. 0
171. 1
172. 1
173. 0
174. 0
175. 1
176. 0
177. 0
178. 3
179. 0
180. 0
181. 2
182. 2
183. 0
184. 0
185. 0
186. 1
187. 0
188. 1
189. 1
190. 1
191. 0
192. 1
193. 1
194. 0
195. 0
196. 0
197. 1
198. 0
199. 0
200. 0