2349.txt
1. 1
2. 1
3. 0
4. 1
5. 1
6. 0
7. 1
8. 1
9. 0
10. 2
11. 0
12. 1
13. 1
14. 1
15. 0
16. 1
17. 1
18. 1
19. 1
20. 1
21. 0
22. 0
23. 0
24. 1
25. 0
26. 1
27. 1
28. 1
29. 1
30. 0
31. 2
32. 0
33. 1
34. 1
35. 0
36. 1
37. 1
38. 0
39. 0
40. 0
41. 1
42. 2
43. 1
44. 2
45. 0
46. 1
47. 0
48. 0
49. 0
50. 0
51. 0
52. 3
53. 0
54. 0
55. 0
56. 1
57. 0
58. 0
59. 0
60. 0
61. 0
62. 0
63. 0
64. 1
65. 1
66. 1
67. 0
68. 0
69. 0
70. 0
71. 0
72. 0
73. 1
74. 0
75. 0
76. 2
77. 1
78. 1
79. 0
80. 1
81. 0
82. 0
83. 0
84. 0
85. 0
86. 0
87. 0
88. 1
89. 0
90. 0
91. 1
92. 0
93. 1
94. 0
95. 0
96. 1
97. 0
98. 0
99. 1
100. 1
101. 0
102. 0
103. 0
104. 1
105. 1
106. 1
107. 1
108. 0
109. 0
110. 0
111. 0
112. 0
113. 1
114. 0
115. 0
116. 0
117. 0
118. 0
119. 1
120. 1
121. 0
122. 0
123. 0
124. 1
125. 0
126. 1
127. 1
128. 0
129. 0
130. 0
131. 0
132. 1
133. 1
134. 0
135. 0
136. 0
137. 1
138. 0
139. 0
140. 1
141. 0
142. 0
143. 0
144. 0
145. 1
146. 1
147. 0
148. 1
149. 0
150. 0
151. 0
152. 0
153. 1
154. 0
155. 0
156. 1
157. 0
158. 1
159. 1
160. 0
161. 1
162. 1
163. 0
164. 1
165. 0
166. 0
167. 0
168. 0
169. 1
170. 0
171. 1
172. 1
173. 0
174. 0
175. 0
176. 0
177. 0
178. 0
179. 2
180. 0
181. 0
182. 10
183. 0
184. 0
185. 1
186. 0
187. 0
188. 0
189. 0
190. 0
191. 1
192. 0
193. 0
194. 0
195. 1
196. 0
197. 0
198. 0
199. 0
200. 1