2522.txt
1. 1
2. 1
3. 0
4. 0
5. 0
6. 0
7. 1
8. 0
9. 1
10. 0
11. 0
12. 1
13. 1
14. 1
15. 0
16. 1
17. 1
18. 0
19. 1
20. 0
21. 1
22. 1
23. 0
24. 0
25. 0
26. 1
27. 1
28. 0
29. 0
30. 1
31. 1
32. 0
33. 1
34. 0
35. 1
36. 1
37. 1
38. 1
39. 0
40. 1
41. 10
42. 1
43. 1
44. 1
45. 1
46. 1
47. 0
48. 1
49. 0
50. 1
51. 1
52. 1
53. 0
54. 0
55. 0
56. 1
57. 0
58. 0
59. 0
60. 0
61. 0
62. 1
63. 1
64. 1
65. 1
66. 1
67. 0
68. 1
69. 0
70. 0
71. 1
72. 1
73. 1
74. 0
75. 0
76. 0
77. 0
78. 1
79. 0
80. 1
81. 0
82. 0
83. 0
84. 1
85. 0
86. 0
87. 1
88. 0
89. 1
90. 1
91. 0
92. 1
93. 0
94. 0
95. 1
96. 0
97. 1
98. 1
99. 0
100. 0
101. 1
102. 0
103. 0
104. 0
105. 0
106. 1
107. 1
108. 1
109. 1
110. 0
111. 1
112. 1
113. 0
114. 0
115. 0
116. 1
117. 0
118. 1
119. 1
120. 0
121. 0
122. 0
123. 0
124. 0
125. 1
126. 1
127. 0
128. 1
129. 0
130. 0
131. 0
132. 1
133. 0
134. 0
135. 0
136. 1
137. 1
138. 1
139. 0
140. 0
141. 0
142. 1
143. 0
144. 1
145. 0
146. 0
147. 0
148. 1
149. 1
150. 1
151. 0
152. 1
153. 1
154. 0
155. 1
156. 0
157. 0
158. 1
159. 0
160. 0
161. 1
162. 0
163. 0
164. 0
165. 1
166. 0
167. 0
168. 1
169. 1
170. 1
171. 0
172. 0
173. 1
174. 1
175. 0
176. 1
177. 1
178. 0
179. 0
180. 1
181. 0
182. 0
183. 1
184. 1
185. 0
186. 1
187. 0
188. 0
189. 0
190. 0
191. 0
192. 0
193. 0
194. 0
195. 0
196. 0
197. 0
198. 0
199. 1
200. 0