254.txt
1. 0
2. 2
3. 0
4. 0
5. 0
6. 1
7. 1
8. 0
9. 0
10. 0
11. 1
12. 0
13. 1
14. 0
15. 0
16. 3
17. 0
18. 0
19. 2
20. 0
21. 1
22. 0
23. 0
24. 0
25. 0
26. 0
27. 0
28. 0
29. 0
30. 0
31. 0
32. 0
33. 1
34. 0
35. 1
36. 1
37. 1
38. 0
39. 2
40. 1
41. 0
42. 1
43. 2
44. 0
45. 0
46. 1
47. 0
48. 0
49. 3
50. 1
51. 1
52. 0
53. 1
54. 0
55. 1
56. 0
57. 0
58. 0
59. 1
60. 0
61. 0
62. 1
63. 0
64. 0
65. 0
66. 1
67. 1
68. 1
69. 0
70. 0
71. 1
72. 0
73. 0
74. 0
75. 1
76. 0
77. 0
78. 0
79. 0
80. 1
81. 0
82. 0
83. 2
84. 0
85. 0
86. 1
87. 0
88. 0
89. 1
90. 0
91. 1
92. 0
93. 1
94. 0
95. 1
96. 0
97. 0
98. 0
99. 0
100. 0
101. 0
102. 1
103. 0
104. 1
105. 1
106. 0
107. 0
108. 0
109. 1
110. 0
111. 1
112. 0
113. 0
114. 1
115. 2
116. 0
117. 1
118. 0
119. 0
120. 2
121. 1
122. 1
123. 0
124. 0
125. 0
126. 0
127. 0
128. 0
129. 0
130. 0
131. 0
132. 0
133. 0
134. 0
135. 0
136. 0
137. 1
138. 0
139. 0
140. 1
141. 0
142. 0
143. 0
144. 0
145. 1
146. 0
147. 0
148. 1
149. 0
150. 0
151. 1
152. 0
153. 0
154. 0
155. 0
156. 0
157. 0
158. 0
159. 2
160. 0
161. 0
162. 0
163. 1
164. 0
165. 0
166. 0
167. 0
168. 1
169. 0
170. 2
171. 0
172. 2
173. 3
174. 1
175. 0
176. 0
177. 1
178. 0
179. 0
180. 0
181. 0
182. 0
183. 0
184. 0
185. 0
186. 0
187. 0
188. 0
189. 0
190. 0
191. 0
192. 1
193. 0
194. 1
195. 0
196. 1
197. 1
198. 0
199. 0
200. 1