2542.txt
1. 1
2. 1
3. 1
4. 0
5. 3
6. 2
7. 2
8. 1
9. 2
10. 0
11. 0
12. 1
13. 1
14. 0
15. 1
16. 1
17. 0
18. 1
19. 1
20. 2
21. 0
22. 0
23. 0
24. 0
25. 1
26. 0
27. 2
28. 1
29. 0
30. 0
31. 2
32. 1
33. 1
34. 2
35. 3
36. 1
37. 2
38. 2
39. 2
40. 1
41. 1
42. 0
43. 3
44. 1
45. 0
46. 1
47. 0
48. 0
49. 1
50. 2
51. 0
52. 1
53. 0
54. 0
55. 0
56. 0
57. 0
58. 2
59. 1
60. 1
61. 0
62. 1
63. 0
64. 1
65. 0
66. 1
67. 0
68. 1
69. 1
70. 0
71. 1
72. 0
73. 0
74. 1
75. 1
76. 1
77. 1
78. 1
79. 1
80. 1
81. 2
82. 2
83. 1
84. 1
85. 0
86. 0
87. 1
88. 2
89. 0
90. 0
91. 1
92. 0
93. 0
94. 1
95. 0
96. 1
97. 2
98. 3
99. 0
100. 0
101. 1
102. 2
103. 0
104. 0
105. 1
106. 1
107. 1
108. 1
109. 1
110. 1
111. 0
112. 1
113. 0
114. 0
115. 0
116. 0
117. 1
118. 0
119. 1
120. 1
121. 1
122. 0
123. 0
124. 0
125. 0
126. 0
127. 2
128. 0
129. 1
130. 2
131. 0
132. 1
133. 0
134. 0
135. 1
136. 0
137. 1
138. 1
139. 1
140. 0
141. 0
142. 1
143. 0
144. 1
145. 3
146. 1
147. 0
148. 1
149. 1
150. 0
151. 0
152. 1
153. 0
154. 2
155. 0
156. 0
157. 0
158. 1
159. 0
160. 1
161. 1
162. 1
163. 0
164. 0
165. 2
166. 0
167. 1
168. 0
169. 1
170. 1
171. 0
172. 0
173. 1
174. 0
175. 1
176. 0
177. 0
178. 0
179. 1
180. 0
181. 0
182. 0
183. 1
184. 0
185. 1
186. 0
187. 1
188. 1
189. 0
190. 0
191. 1
192. 2
193. 1
194. 1
195. 1
196. 0
197. 2
198. 1
199. 0
200. 0