2545.txt
1. 1
2. 1
3. 0
4. 0
5. 0
6. 1
7. 0
8. 0
9. 1
10. 0
11. 3
12. 0
13. 1
14. 0
15. 0
16. 0
17. 0
18. 2
19. 0
20. 0
21. 2
22. 0
23. 0
24. 0
25. 2
26. 0
27. 0
28. 0
29. 0
30. 0
31. 0
32. 0
33. 1
34. 0
35. 1
36. 1
37. 0
38. 0
39. 0
40. 1
41. 0
42. 2
43. 2
44. 0
45. 1
46. 1
47. 0
48. 0
49. 0
50. 0
51. 0
52. 0
53. 2
54. 1
55. 0
56. 0
57. 0
58. 0
59. 1
60. 0
61. 1
62. 1
63. 1
64. 0
65. 0
66. 0
67. 0
68. 1
69. 2
70. 1
71. 1
72. 0
73. 0
74. 0
75. 0
76. 0
77. 1
78. 0
79. 0
80. 0
81. 0
82. 2
83. 0
84. 1
85. 0
86. 1
87. 1
88. 0
89. 1
90. 0
91. 0
92. 0
93. 0
94. 0
95. 0
96. 0
97. 1
98. 1
99. 0
100. 1
101. 0
102. 0
103. 0
104. 1
105. 1
106. 0
107. 0
108. 0
109. 0
110. 0
111. 0
112. 0
113. 0
114. 2
115. 0
116. 0
117. 0
118. 0
119. 1
120. 1
121. 0
122. 0
123. 0
124. 0
125. 0
126. 0
127. 0
128. 0
129. 1
130. 0
131. 0
132. 0
133. 0
134. 0
135. 0
136. 0
137. 0
138. 0
139. 0
140. 0
141. 0
142. 0
143. 0
144. 0
145. 0
146. 0
147. 0
148. 0
149. 0
150. 0
151. 0
152. 0
153. 0
154. 1
155. 1
156. 1
157. 0
158. 2
159. 1
160. 1
161. 0
162. 0
163. 0
164. 0
165. 0
166. 0
167. 0
168. 0
169. 0
170. 0
171. 2
172. 0
173. 1
174. 0
175. 0
176. 0
177. 0
178. 0
179. 2
180. 1
181. 0
182. 0
183. 0
184. 0
185. 1
186. 1
187. 0
188. 0
189. 0
190. 0
191. 0
192. 1
193. 0
194. 0
195. 0
196. 0
197. 0
198. 0
199. 0
200. 0