2590.txt
1. 2
2. 1
3. 0
4. 0
5. 0
6. 0
7. 1
8. 0
9. 1
10. 1
11. 0
12. 1
13. 0
14. 0
15. 1
16. 1
17. 1
18. 2
19. 0
20. 1
21. 1
22. 1
23. 0
24. 1
25. 1
26. 0
27. 0
28. 0
29. 0
30. 0
31. 1
32. 1
33. 0
34. 1
35. 0
36. 0
37. 1
38. 1
39. 1
40. 0
41. 0
42. 0
43. 2
44. 1
45. 1
46. 1
47. 0
48. 0
49. 1
50. 0
51. 0
52. 1
53. 0
54. 0
55. 0
56. 0
57. 2
58. 0
59. 1
60. 0
61. 1
62. 0
63. 0
64. 1
65. 0
66. 0
67. 1
68. 2
69. 0
70. 0
71. 0
72. 0
73. 0
74. 0
75. 0
76. 0
77. 0
78. 0
79. 1
80. 0
81. 0
82. 0
83. 2
84. 0
85. 0
86. 1
87. 1
88. 0
89. 0
90. 0
91. 0
92. 0
93. 0
94. 1
95. 0
96. 0
97. 0
98. 1
99. 1
100. 0
101. 0
102. 0
103. 0
104. 0
105. 0
106. 2
107. 0
108. 0
109. 0
110. 0
111. 0
112. 0
113. 0
114. 2
115. 0
116. 1
117. 0
118. 2
119. 1
120. 0
121. 0
122. 0
123. 0
124. 2
125. 0
126. 0
127. 0
128. 0
129. 0
130. 0
131. 0
132. 0
133. 0
134. 0
135. 1
136. 2
137. 0
138. 0
139. 1
140. 0
141. 0
142. 0
143. 0
144. 0
145. 0
146. 0
147. 1
148. 0
149. 0
150. 1
151. 1
152. 0
153. 0
154. 1
155. 0
156. 0
157. 2
158. 1
159. 0
160. 1
161. 0
162. 0
163. 0
164. 0
165. 1
166. 0
167. 0
168. 0
169. 0
170. 1
171. 0
172. 1
173. 0
174. 1
175. 0
176. 1
177. 0
178. 0
179. 1
180. 0
181. 0
182. 1
183. 1
184. 0
185. 0
186. 0
187. 0
188. 0
189. 1
190. 1
191. 1
192. 0
193. 0
194. 1
195. 1
196. 0
197. 0
198. 0
199. 0
200. 0