2652.txt
1. 1
2. 1
3. 0
4. 0
5. 0
6. 0
7. 0
8. 2
9. 0
10. 1
11. 0
12. 0
13. 0
14. 1
15. 0
16. 1
17. 1
18. 0
19. 1
20. 0
21. 0
22. 1
23. 1
24. 1
25. 0
26. 0
27. 2
28. 0
29. 0
30. 0
31. 0
32. 1
33. 0
34. 0
35. 0
36. 0
37. 1
38. 1
39. 1
40. 0
41. 0
42. 0
43. 0
44. 1
45. 0
46. 1
47. 0
48. 0
49. 1
50. 0
51. 2
52. 0
53. 0
54. 0
55. 1
56. 0
57. 1
58. 0
59. 0
60. 1
61. 0
62. 0
63. 0
64. 1
65. 0
66. 0
67. 0
68. 1
69. 0
70. 0
71. 1
72. 1
73. 0
74. 0
75. 0
76. 0
77. 0
78. 0
79. 0
80. 0
81. 0
82. 0
83. 1
84. 0
85. 0
86. 0
87. 0
88. 0
89. 1
90. 0
91. 0
92. 0
93. 1
94. 0
95. 0
96. 0
97. 2
98. 0
99. 0
100. 0
101. 0
102. 0
103. 0
104. 0
105. 0
106. 0
107. 0
108. 0
109. 0
110. 0
111. 1
112. 1
113. 1
114. 0
115. 0
116. 0
117. 1
118. 0
119. 0
120. 1
121. 1
122. 0
123. 0
124. 0
125. 0
126. 0
127. 0
128. 0
129. 1
130. 0
131. 0
132. 0
133. 0
134. 0
135. 0
136. 1
137. 0
138. 0
139. 2
140. 0
141. 0
142. 0
143. 1
144. 0
145. 0
146. 0
147. 0
148. 0
149. 1
150. 0
151. 0
152. 1
153. 1
154. 0
155. 0
156. 2
157. 0
158. 0
159. 0
160. 1
161. 0
162. 0
163. 0
164. 1
165. 1
166. 0
167. 0
168. 0
169. 0
170. 0
171. 0
172. 0
173. 0
174. 0
175. 1
176. 0
177. 0
178. 0
179. 1
180. 1
181. 1
182. 0
183. 0
184. 0
185. 0
186. 0
187. 1
188. 0
189. 1
190. 0
191. 0
192. 0
193. 1
194. 0
195. 0
196. 0
197. 0
198. 0
199. 1
200. 0