2673.txt
1. 1
2. 0
3. 1
4. 1
5. 1
6. 0
7. 0
8. 0
9. 1
10. 2
11. 1
12. 1
13. 0
14. 1
15. 0
16. 2
17. 2
18. 1
19. 1
20. 1
21. 0
22. 1
23. 2
24. 2
25. 1
26. 0
27. 1
28. 2
29. 1
30. 1
31. 1
32. 1
33. 0
34. 1
35. 2
36. 1
37. 1
38. 1
39. 2
40. 0
41. 0
42. 0
43. 1
44. 0
45. 1
46. 0
47. 1
48. 0
49. 0
50. 0
51. 0
52. 1
53. 0
54. 0
55. 0
56. 0
57. 0
58. 0
59. 0
60. 0
61. 1
62. 1
63. 1
64. 0
65. 1
66. 1
67. 0
68. 0
69. 0
70. 0
71. 0
72. 0
73. 1
74. 1
75. 1
76. 0
77. 1
78. 0
79. 1
80. 0
81. 1
82. 0
83. 0
84. 1
85. 0
86. 1
87. 0
88. 0
89. 1
90. 0
91. 0
92. 0
93. 1
94. 1
95. 0
96. 0
97. 0
98. 0
99. 0
100. 1
101. 1
102. 0
103. 0
104. 0
105. 1
106. 1
107. 1
108. 1
109. 1
110. 1
111. 0
112. 0
113. 0
114. 1
115. 0
116. 0
117. 2
118. 0
119. 0
120. 1
121. 1
122. 1
123. 0
124. 2
125. 1
126. 0
127. 0
128. 0
129. 1
130. 0
131. 0
132. 0
133. 1
134. 1
135. 0
136. 1
137. 0
138. 1
139. 0
140. 0
141. 0
142. 0
143. 1
144. 1
145. 2
146. 0
147. 1
148. 0
149. 1
150. 1
151. 0
152. 0
153. 0
154. 0
155. 0
156. 2
157. 0
158. 0
159. 0
160. 0
161. 0
162. 1
163. 0
164. 1
165. 1
166. 0
167. 1
168. 0
169. 0
170. 0
171. 1
172. 1
173. 2
174. 0
175. 0
176. 1
177. 1
178. 0
179. 0
180. 0
181. 1
182. 1
183. 1
184. 1
185. 1
186. 1
187. 1
188. 0
189. 0
190. 0
191. 1
192. 0
193. 1
194. 0
195. 1
196. 0
197. 1
198. 1
199. 1
200. 0