2681.txt
1. 2
2. 1
3. 1
4. 0
5. 1
6. 1
7. 1
8. 2
9. 0
10. 0
11. 1
12. 1
13. 0
14. 0
15. 1
16. 1
17. 0
18. 1
19. 1
20. 1
21. 0
22. 1
23. 1
24. 0
25. 1
26. 0
27. 0
28. 1
29. 1
30. 0
31. 0
32. 0
33. 0
34. 0
35. 1
36. 1
37. 1
38. 0
39. 0
40. 0
41. 0
42. 1
43. 1
44. 0
45. 1
46. 0
47. 1
48. 0
49. 0
50. 0
51. 0
52. 1
53. 2
54. 0
55. 1
56. 1
57. 1
58. 1
59. 0
60. 0
61. 0
62. 1
63. 0
64. 0
65. 0
66. 0
67. 0
68. 0
69. 1
70. 0
71. 1
72. 1
73. 1
74. 1
75. 2
76. 0
77. 0
78. 1
79. 0
80. 1
81. 0
82. 1
83. 1
84. 1
85. 0
86. 0
87. 0
88. 0
89. 0
90. 0
91. 0
92. 1
93. 0
94. 0
95. 1
96. 1
97. 1
98. 0
99. 0
100. 0
101. 1
102. 0
103. 1
104. 0
105. 0
106. 0
107. 1
108. 0
109. 0
110. 0
111. 0
112. 1
113. 0
114. 0
115. 0
116. 1
117. 0
118. 0
119. 1
120. 0
121. 0
122. 1
123. 0
124. 1
125. 1
126. 1
127. 0
128. 0
129. 0
130. 1
131. 0
132. 1
133. 0
134. 2
135. 1
136. 0
137. 0
138. 0
139. 2
140. 0
141. 0
142. 1
143. 1
144. 0
145. 0
146. 0
147. 0
148. 0
149. 0
150. 1
151. 0
152. 0
153. 0
154. 0
155. 0
156. 1
157. 0
158. 0
159. 0
160. 1
161. 0
162. 1
163. 0
164. 0
165. 0
166. 0
167. 0
168. 0
169. 1
170. 1
171. 0
172. 0
173. 1
174. 0
175. 0
176. 0
177. 1
178. 0
179. 0
180. 1
181. 0
182. 0
183. 0
184. 0
185. 0
186. 2
187. 0
188. 1
189. 0
190. 0
191. 0
192. 0
193. 1
194. 0
195. 1
196. 0
197. 0
198. 0
199. 1
200. 0