2711.txt
1. 1
2. 1
3. 0
4. 0
5. 7
6. 0
7. 1
8. 1
9. 0
10. 1
11. 1
12. 0
13. 2
14. 1
15. 0
16. 1
17. 0
18. 0
19. 0
20. 1
21. 2
22. 0
23. 0
24. 1
25. 1
26. 1
27. 0
28. 0
29. 1
30. 2
31. 1
32. 1
33. 1
34. 0
35. 0
36. 1
37. 1
38. 1
39. 2
40. 1
41. 0
42. 1
43. 1
44. 2
45. 0
46. 0
47. 0
48. 0
49. 1
50. 0
51. 0
52. 0
53. 1
54. 0
55. 0
56. 1
57. 1
58. 1
59. 1
60. 1
61. 0
62. 1
63. 1
64. 0
65. 1
66. 0
67. 1
68. 0
69. 0
70. 0
71. 0
72. 1
73. 1
74. 0
75. 0
76. 1
77. 0
78. 2
79. 0
80. 1
81. 2
82. 0
83. 0
84. 1
85. 0
86. 2
87. 0
88. 1
89. 0
90. 0
91. 0
92. 0
93. 1
94. 2
95. 0
96. 0
97. 0
98. 1
99. 0
100. 0
101. 1
102. 2
103. 0
104. 0
105. 0
106. 0
107. 1
108. 0
109. 1
110. 0
111. 2
112. 1
113. 0
114. 0
115. 0
116. 0
117. 1
118. 1
119. 1
120. 1
121. 0
122. 1
123. 0
124. 0
125. 0
126. 0
127. 0
128. 0
129. 0
130. 0
131. 0
132. 2
133. 0
134. 0
135. 0
136. 0
137. 0
138. 1
139. 1
140. 1
141. 1
142. 1
143. 0
144. 0
145. 0
146. 1
147. 0
148. 0
149. 1
150. 0
151. 2
152. 0
153. 0
154. 0
155. 0
156. 0
157. 0
158. 1
159. 0
160. 0
161. 1
162. 1
163. 1
164. 0
165. 0
166. 1
167. 0
168. 0
169. 0
170. 0
171. 0
172. 0
173. 0
174. 1
175. 0
176. 0
177. 1
178. 0
179. 1
180. 2
181. 0
182. 0
183. 1
184. 0
185. 1
186. 1
187. 0
188. 0
189. 0
190. 1
191. 0
192. 0
193. 0
194. 1
195. 1
196. 1
197. 2
198. 1
199. 1
200. 0