274.txt
1. 2
2. 0
3. 0
4. 1
5. 1
6. 1
7. 0
8. 1
9. 1
10. 0
11. 1
12. 1
13. 0
14. 1
15. 0
16. 0
17. 0
18. 2
19. 1
20. 0
21. 0
22. 1
23. 0
24. 0
25. 0
26. 0
27. 0
28. 0
29. 1
30. 0
31. 0
32. 1
33. 1
34. 0
35. 1
36. 1
37. 0
38. 0
39. 1
40. 0
41. 0
42. 1
43. 0
44. 0
45. 0
46. 0
47. 1
48. 0
49. 0
50. 1
51. 0
52. 0
53. 0
54. 1
55. 1
56. 0
57. 0
58. 0
59. 1
60. 0
61. 1
62. 0
63. 0
64. 0
65. 1
66. 1
67. 1
68. 1
69. 0
70. 0
71. 0
72. 0
73. 1
74. 0
75. 1
76. 0
77. 2
78. 1
79. 0
80. 0
81. 1
82. 0
83. 0
84. 0
85. 1
86. 0
87. 0
88. 0
89. 0
90. 0
91. 0
92. 0
93. 0
94. 0
95. 0
96. 0
97. 1
98. 1
99. 0
100. 0
101. 0
102. 1
103. 0
104. 1
105. 0
106. 0
107. 0
108. 0
109. 1
110. 1
111. 0
112. 0
113. 0
114. 0
115. 1
116. 0
117. 0
118. 0
119. 0
120. 0
121. 0
122. 0
123. 0
124. 0
125. 1
126. 0
127. 1
128. 0
129. 0
130. 1
131. 0
132. 0
133. 0
134. 0
135. 0
136. 0
137. 0
138. 0
139. 1
140. 1
141. 0
142. 1
143. 1
144. 0
145. 0
146. 0
147. 0
148. 0
149. 0
150. 1
151. 0
152. 0
153. 1
154. 0
155. 1
156. 0
157. 0
158. 0
159. 0
160. 0
161. 0
162. 0
163. 0
164. 0
165. 0
166. 0
167. 0
168. 0
169. 0
170. 0
171. 0
172. 0
173. 0
174. 0
175. 0
176. 1
177. 0
178. 0
179. 0
180. 0
181. 0
182. 2
183. 0
184. 1
185. 0
186. 1
187. 0
188. 0
189. 1
190. 1
191. 0
192. 1
193. 0
194. 1
195. 0
196. 1
197. 0
198. 1
199. 0
200. 0