2793.txt
1. 1
2. 6
3. 1
4. 0
5. 0
6. 0
7. 1
8. 2
9. 1
10. 0
11. 0
12. 2
13. 1
14. 1
15. 1
16. 0
17. 0
18. 2
19. 0
20. 1
21. 1
22. 0
23. 0
24. 1
25. 1
26. 0
27. 1
28. 0
29. 0
30. 0
31. 0
32. 1
33. 1
34. 0
35. 0
36. 0
37. 2
38. 0
39. 0
40. 0
41. 1
42. 1
43. 0
44. 1
45. 1
46. 0
47. 0
48. 1
49. 1
50. 0
51. 1
52. 1
53. 1
54. 1
55. 1
56. 0
57. 2
58. 0
59. 1
60. 2
61. 1
62. 1
63. 0
64. 1
65. 0
66. 1
67. 1
68. 0
69. 1
70. 0
71. 1
72. 0
73. 1
74. 0
75. 2
76. 0
77. 1
78. 1
79. 1
80. 0
81. 0
82. 1
83. 0
84. 0
85. 0
86. 0
87. 0
88. 0
89. 0
90. 0
91. 1
92. 0
93. 0
94. 1
95. 1
96. 0
97. 0
98. 0
99. 1
100. 0
101. 1
102. 0
103. 1
104. 0
105. 1
106. 0
107. 1
108. 0
109. 1
110. 1
111. 0
112. 1
113. 1
114. 0
115. 1
116. 1
117. 0
118. 0
119. 1
120. 1
121. 0
122. 1
123. 1
124. 0
125. 0
126. 0
127. 0
128. 0
129. 0
130. 2
131. 0
132. 0
133. 0
134. 1
135. 0
136. 0
137. 1
138. 1
139. 1
140. 1
141. 0
142. 1
143. 0
144. 1
145. 1
146. 1
147. 0
148. 1
149. 0
150. 0
151. 1
152. 0
153. 0
154. 0
155. 0
156. 0
157. 1
158. 0
159. 0
160. 1
161. 0
162. 0
163. 0
164. 1
165. 0
166. 1
167. 0
168. 0
169. 1
170. 1
171. 0
172. 0
173. 0
174. 1
175. 0
176. 0
177. 0
178. 1
179. 1
180. 0
181. 1
182. 0
183. 0
184. 0
185. 0
186. 1
187. 1
188. 0
189. 1
190. 0
191. 1
192. 0
193. 1
194. 1
195. 0
196. 0
197. 0
198. 0
199. 1
200. 1