2877.txt
1. 2
2. 0
3. 3
4. 0
5. 3
6. 1
7. 3
8. 1
9. 0
10. 1
11. 0
12. 0
13. 0
14. 1
15. 0
16. 0
17. 0
18. 3
19. 0
20. 0
21. 1
22. 1
23. 2
24. 0
25. 0
26. 0
27. 2
28. 0
29. 0
30. 0
31. 1
32. 0
33. 1
34. 0
35. 0
36. 0
37. 0
38. 1
39. 0
40. 0
41. 0
42. 0
43. 0
44. 0
45. 1
46. 0
47. 0
48. 0
49. 0
50. 0
51. 0
52. 0
53. 0
54. 0
55. 1
56. 0
57. 1
58. 0
59. 0
60. 2
61. 0
62. 2
63. 1
64. 2
65. 0
66. 0
67. 0
68. 1
69. 0
70. 0
71. 0
72. 0
73. 0
74. 0
75. 0
76. 2
77. 1
78. 0
79. 0
80. 0
81. 0
82. 0
83. 0
84. 0
85. 0
86. 0
87. 0
88. 0
89. 0
90. 2
91. 2
92. 1
93. 0
94. 2
95. 2
96. 0
97. 0
98. 2
99. 3
100. 0
101. 0
102. 0
103. 0
104. 0
105. 0
106. 0
107. 0
108. 0
109. 2
110. 0
111. 0
112. 0
113. 1
114. 0
115. 0
116. 1
117. 0
118. 0
119. 0
120. 0
121. 0
122. 0
123. 1
124. 0
125. 0
126. 0
127. 0
128. 0
129. 0
130. 0
131. 0
132. 0
133. 0
134. 1
135. 0
136. 0
137. 0
138. 1
139. 0
140. 0
141. 0
142. 1
143. 1
144. 0
145. 0
146. 0
147. 0
148. 0
149. 1
150. 1
151. 0
152. 0
153. 0
154. 0
155. 0
156. 0
157. 0
158. 0
159. 2
160. 0
161. 1
162. 0
163. 1
164. 2
165. 1
166. 0
167. 0
168. 1
169. 0
170. 1
171. 1
172. 0
173. 0
174. 1
175. 0
176. 0
177. 0
178. 0
179. 0
180. 2
181. 0
182. 0
183. 0
184. 1
185. 0
186. 2
187. 0
188. 1
189. 0
190. 2
191. 0
192. 0
193. 0
194. 0
195. 0
196. 0
197. 0
198. 0
199. 0
200. 1