2897.txt
1. 1
2. 1
3. 1
4. 0
5. 0
6. 0
7. 1
8. 0
9. 0
10. 2
11. 0
12. 1
13. 0
14. 1
15. 1
16. 0
17. 1
18. 0
19. 1
20. 0
21. 0
22. 1
23. 0
24. 1
25. 0
26. 0
27. 0
28. 0
29. 0
30. 0
31. 0
32. 0
33. 0
34. 0
35. 0
36. 0
37. 0
38. 1
39. 0
40. 2
41. 0
42. 1
43. 1
44. 0
45. 0
46. 0
47. 0
48. 1
49. 1
50. 2
51. 0
52. 0
53. 1
54. 1
55. 1
56. 0
57. 0
58. 0
59. 0
60. 0
61. 0
62. 0
63. 0
64. 0
65. 2
66. 0
67. 0
68. 0
69. 1
70. 0
71. 1
72. 0
73. 2
74. 0
75. 0
76. 0
77. 1
78. 0
79. 0
80. 0
81. 1
82. 0
83. 0
84. 0
85. 0
86. 1
87. 0
88. 0
89. 1
90. 1
91. 0
92. 1
93. 0
94. 1
95. 0
96. 1
97. 1
98. 1
99. 0
100. 2
101. 0
102. 0
103. 1
104. 1
105. 0
106. 1
107. 0
108. 1
109. 0
110. 0
111. 0
112. 0
113. 0
114. 0
115. 0
116. 0
117. 0
118. 0
119. 0
120. 0
121. 0
122. 0
123. 0
124. 0
125. 0
126. 1
127. 0
128. 0
129. 0
130. 0
131. 0
132. 0
133. 0
134. 1
135. 0
136. 0
137. 1
138. 1
139. 0
140. 0
141. 2
142. 0
143. 0
144. 1
145. 0
146. 1
147. 1
148. 1
149. 1
150. 0
151. 0
152. 0
153. 0
154. 0
155. 1
156. 0
157. 0
158. 0
159. 0
160. 1
161. 1
162. 0
163. 0
164. 0
165. 0
166. 0
167. 0
168. 0
169. 1
170. 0
171. 1
172. 0
173. 0
174. 0
175. 0
176. 1
177. 0
178. 0
179. 0
180. 1
181. 0
182. 0
183. 0
184. 0
185. 0
186. 0
187. 0
188. 1
189. 1
190. 0
191. 1
192. 1
193. 0
194. 0
195. 0
196. 0
197. 0
198. 0
199. 0
200. 0