3013.txt
1. 1
2. 0
3. 0
4. 0
5. 0
6. 1
7. 0
8. 0
9. 0
10. 1
11. 0
12. 1
13. 0
14. 0
15. 0
16. 0
17. 1
18. 0
19. 0
20. 0
21. 0
22. 1
23. 0
24. 1
25. 0
26. 0
27. 0
28. 1
29. 0
30. 0
31. 0
32. 1
33. 0
34. 0
35. 0
36. 0
37. 1
38. 1
39. 1
40. 1
41. 1
42. 1
43. 0
44. 1
45. 0
46. 1
47. 0
48. 0
49. 0
50. 0
51. 1
52. 0
53. 0
54. 1
55. 0
56. 1
57. 1
58. 0
59. 0
60. 0
61. 0
62. 1
63. 0
64. 0
65. 0
66. 1
67. 0
68. 1
69. 1
70. 0
71. 0
72. 0
73. 0
74. 0
75. 0
76. 0
77. 0
78. 0
79. 0
80. 1
81. 0
82. 0
83. 1
84. 1
85. 0
86. 0
87. 0
88. 0
89. 0
90. 0
91. 0
92. 1
93. 0
94. 0
95. 0
96. 1
97. 0
98. 1
99. 1
100. 1
101. 0
102. 1
103. 1
104. 1
105. 0
106. 0
107. 0
108. 0
109. 0
110. 1
111. 1
112. 0
113. 0
114. 0
115. 1
116. 0
117. 0
118. 0
119. 0
120. 0
121. 1
122. 0
123. 0
124. 0
125. 0
126. 0
127. 0
128. 0
129. 1
130. 0
131. 1
132. 1
133. 1
134. 0
135. 0
136. 1
137. 1
138. 1
139. 0
140. 0
141. 0
142. 0
143. 0
144. 0
145. 0
146. 0
147. 0
148. 0
149. 1
150. 0
151. 1
152. 0
153. 0
154. 0
155. 0
156. 1
157. 0
158. 1
159. 0
160. 1
161. 0
162. 1
163. 0
164. 0
165. 1
166. 0
167. 1
168. 0
169. 0
170. 0
171. 1
172. 0
173. 1
174. 1
175. 0
176. 1
177. 0
178. 0
179. 1
180. 0
181. 1
182. 0
183. 0
184. 0
185. 0
186. 0
187. 0
188. 0
189. 0
190. 0
191. 1
192. 1
193. 1
194. 0
195. 0
196. 1
197. 0
198. 0
199. 0
200. 0