3015.txt
1. 1
2. 0
3. 0
4. 1
5. 0
6. 0
7. 0
8. 1
9. 1
10. 0
11. 0
12. 0
13. 7
14. 1
15. 1
16. 1
17. 1
18. 1
19. 0
20. 0
21. 1
22. 1
23. 1
24. 0
25. 0
26. 1
27. 0
28. 1
29. 1
30. 0
31. 0
32. 0
33. 1
34. 0
35. 1
36. 0
37. 0
38. 0
39. 0
40. 2
41. 0
42. 0
43. 0
44. 1
45. 0
46. 0
47. 1
48. 1
49. 0
50. 0
51. 1
52. 0
53. 2
54. 0
55. 1
56. 0
57. 0
58. 1
59. 2
60. 1
61. 0
62. 1
63. 1
64. 1
65. 0
66. 0
67. 1
68. 0
69. 0
70. 0
71. 1
72. 0
73. 1
74. 1
75. 1
76. 0
77. 1
78. 0
79. 0
80. 1
81. 0
82. 0
83. 1
84. 0
85. 0
86. 0
87. 0
88. 0
89. 0
90. 0
91. 0
92. 0
93. 0
94. 0
95. 0
96. 0
97. 0
98. 0
99. 0
100. 0
101. 1
102. 1
103. 1
104. 0
105. 0
106. 0
107. 0
108. 0
109. 1
110. 1
111. 0
112. 0
113. 0
114. 0
115. 0
116. 0
117. 0
118. 1
119. 0
120. 1
121. 0
122. 0
123. 1
124. 0
125. 1
126. 0
127. 0
128. 0
129. 0
130. 0
131. 0
132. 0
133. 0
134. 0
135. 0
136. 1
137. 0
138. 0
139. 0
140. 0
141. 0
142. 0
143. 1
144. 1
145. 1
146. 0
147. 0
148. 0
149. 0
150. 0
151. 0
152. 0
153. 0
154. 0
155. 0
156. 0
157. 0
158. 0
159. 0
160. 0
161. 0
162. 0
163. 0
164. 0
165. 0
166. 1
167. 0
168. 0
169. 0
170. 1
171. 0
172. 0
173. 1
174. 1
175. 0
176. 1
177. 0
178. 1
179. 0
180. 0
181. 1
182. 0
183. 1
184. 0
185. 1
186. 0
187. 0
188. 0
189. 0
190. 0
191. 0
192. 1
193. 0
194. 0
195. 0
196. 0
197. 0
198. 0
199. 0
200. 0