3021.txt
1. 1
2. 1
3. 0
4. 1
5. 0
6. 0
7. 1
8. 0
9. 1
10. 1
11. 1
12. 1
13. 1
14. 1
15. 0
16. 0
17. 0
18. 1
19. 0
20. 1
21. 0
22. 0
23. 1
24. 1
25. 0
26. 0
27. 0
28. 1
29. 1
30. 0
31. 0
32. 2
33. 1
34. 0
35. 0
36. 0
37. 0
38. 1
39. 2
40. 1
41. 0
42. 1
43. 1
44. 0
45. 0
46. 1
47. 1
48. 0
49. 0
50. 1
51. 1
52. 0
53. 1
54. 0
55. 1
56. 0
57. 1
58. 0
59. 0
60. 0
61. 1
62. 0
63. 1
64. 0
65. 0
66. 1
67. 0
68. 0
69. 1
70. 0
71. 0
72. 1
73. 0
74. 0
75. 0
76. 0
77. 0
78. 0
79. 2
80. 0
81. 0
82. 0
83. 0
84. 2
85. 0
86. 0
87. 0
88. 0
89. 1
90. 0
91. 0
92. 0
93. 0
94. 0
95. 0
96. 0
97. 1
98. 0
99. 1
100. 1
101. 1
102. 0
103. 0
104. 0
105. 0
106. 0
107. 0
108. 0
109. 1
110. 0
111. 1
112. 0
113. 2
114. 0
115. 0
116. 0
117. 0
118. 0
119. 0
120. 1
121. 0
122. 1
123. 1
124. 0
125. 0
126. 0
127. 0
128. 0
129. 0
130. 0
131. 0
132. 0
133. 1
134. 1
135. 0
136. 1
137. 0
138. 0
139. 0
140. 0
141. 0
142. 1
143. 10
144. 0
145. 0
146. 2
147. 0
148. 0
149. 0
150. 1
151. 1
152. 0
153. 0
154. 0
155. 0
156. 0
157. 0
158. 1
159. 0
160. 1
161. 0
162. 1
163. 0
164. 1
165. 1
166. 0
167. 0
168. 0
169. 0
170. 0
171. 0
172. 0
173. 0
174. 0
175. 2
176. 0
177. 0
178. 2
179. 0
180. 1
181. 0
182. 0
183. 0
184. 0
185. 1
186. 1
187. 1
188. 1
189. 2
190. 1
191. 1
192. 1
193. 1
194. 0
195. 0
196. 0
197. 0
198. 0
199. 2
200. 0