3051.txt
1. 1
2. 0
3. 0
4. 0
5. 0
6. 0
7. 0
8. 0
9. 0
10. 0
11. 1
12. 0
13. 0
14. 0
15. 1
16. 0
17. 1
18. 1
19. 1
20. 0
21. 0
22. 0
23. 0
24. 0
25. 1
26. 0
27. 0
28. 0
29. 0
30. 0
31. 1
32. 1
33. 0
34. 0
35. 0
36. 0
37. 1
38. 1
39. 1
40. 0
41. 1
42. 0
43. 0
44. 0
45. 0
46. 0
47. 2
48. 0
49. 0
50. 1
51. 0
52. 0
53. 1
54. 2
55. 0
56. 1
57. 0
58. 0
59. 0
60. 0
61. 0
62. 1
63. 1
64. 0
65. 0
66. 1
67. 0
68. 0
69. 0
70. 0
71. 1
72. 0
73. 1
74. 0
75. 0
76. 1
77. 0
78. 0
79. 0
80. 0
81. 0
82. 0
83. 0
84. 0
85. 0
86. 0
87. 0
88. 1
89. 1
90. 0
91. 0
92. 0
93. 0
94. 0
95. 1
96. 0
97. 0
98. 0
99. 0
100. 0
101. 0
102. 1
103. 1
104. 0
105. 0
106. 0
107. 1
108. 0
109. 1
110. 1
111. 0
112. 0
113. 0
114. 0
115. 0
116. 0
117. 0
118. 1
119. 0
120. 1
121. 0
122. 0
123. 0
124. 0
125. 0
126. 1
127. 0
128. 0
129. 0
130. 0
131. 0
132. 0
133. 0
134. 0
135. 0
136. 0
137. 0
138. 0
139. 0
140. 0
141. 1
142. 0
143. 0
144. 0
145. 0
146. 0
147. 1
148. 0
149. 0
150. 0
151. 1
152. 1
153. 0
154. 0
155. 0
156. 1
157. 0
158. 1
159. 0
160. 0
161. 0
162. 0
163. 0
164. 0
165. 1
166. 0
167. 0
168. 0
169. 0
170. 0
171. 0
172. 1
173. 0
174. 0
175. 0
176. 1
177. 0
178. 0
179. 0
180. 0
181. 0
182. 0
183. 0
184. 0
185. 0
186. 0
187. 0
188. 1
189. 0
190. 1
191. 0
192. 1
193. 0
194. 0
195. 0
196. 1
197. 1
198. 0
199. 1
200. 1