3083.txt
1. 0
2. 1
3. 1
4. 0
5. 0
6. 0
7. 0
8. 1
9. 0
10. 0
11. 1
12. 0
13. 0
14. 1
15. 1
16. 0
17. 0
18. 2
19. 0
20. 1
21. 0
22. 1
23. 0
24. 0
25. 1
26. 0
27. 0
28. 1
29. 0
30. 0
31. 0
32. 0
33. 0
34. 0
35. 0
36. 0
37. 2
38. 1
39. 1
40. 0
41. 0
42. 1
43. 1
44. 0
45. 0
46. 1
47. 0
48. 0
49. 0
50. 0
51. 1
52. 0
53. 1
54. 0
55. 0
56. 2
57. 0
58. 0
59. 0
60. 0
61. 1
62. 0
63. 0
64. 0
65. 1
66. 1
67. 0
68. 0
69. 0
70. 0
71. 2
72. 1
73. 0
74. 0
75. 0
76. 1
77. 0
78. 0
79. 0
80. 0
81. 0
82. 1
83. 0
84. 0
85. 1
86. 2
87. 0
88. 1
89. 1
90. 0
91. 0
92. 0
93. 1
94. 0
95. 1
96. 0
97. 0
98. 0
99. 1
100. 0
101. 0
102. 1
103. 0
104. 0
105. 0
106. 0
107. 1
108. 1
109. 0
110. 0
111. 0
112. 0
113. 1
114. 0
115. 0
116. 0
117. 0
118. 0
119. 0
120. 0
121. 0
122. 0
123. 1
124. 0
125. 0
126. 1
127. 0
128. 0
129. 0
130. 0
131. 0
132. 0
133. 1
134. 1
135. 0
136. 0
137. 0
138. 1
139. 0
140. 0
141. 0
142. 0
143. 1
144. 0
145. 0
146. 1
147. 0
148. 0
149. 0
150. 0
151. 0
152. 0
153. 0
154. 0
155. 1
156. 0
157. 1
158. 0
159. 0
160. 0
161. 0
162. 1
163. 1
164. 0
165. 0
166. 0
167. 0
168. 1
169. 1
170. 0
171. 0
172. 0
173. 1
174. 1
175. 1
176. 0
177. 2
178. 0
179. 0
180. 0
181. 1
182. 0
183. 0
184. 0
185. 0
186. 0
187. 0
188. 1
189. 0
190. 0
191. 1
192. 0
193. 1
194. 0
195. 1
196. 0
197. 1
198. 0
199. 0
200. 0