3105.txt
1. 2
2. 0
3. 3
4. 1
5. 1
6. 0
7. 0
8. 0
9. 1
10. 0
11. 0
12. 0
13. 0
14. 0
15. 0
16. 1
17. 1
18. 1
19. 1
20. 0
21. 0
22. 2
23. 0
24. 0
25. 1
26. 1
27. 3
28. 1
29. 0
30. 0
31. 0
32. 0
33. 1
34. 0
35. 0
36. 0
37. 0
38. 2
39. 2
40. 0
41. 0
42. 1
43. 0
44. 0
45. 0
46. 1
47. 1
48. 0
49. 0
50. 0
51. 0
52. 1
53. 2
54. 1
55. 0
56. 0
57. 0
58. 0
59. 2
60. 0
61. 0
62. 1
63. 0
64. 0
65. 0
66. 1
67. 1
68. 1
69. 0
70. 0
71. 0
72. 0
73. 1
74. 2
75. 1
76. 0
77. 0
78. 0
79. 0
80. 1
81. 0
82. 0
83. 0
84. 0
85. 0
86. 0
87. 0
88. 0
89. 0
90. 0
91. 0
92. 1
93. 0
94. 0
95. 1
96. 0
97. 0
98. 0
99. 0
100. 0
101. 0
102. 1
103. 0
104. 0
105. 0
106. 0
107. 1
108. 0
109. 0
110. 0
111. 2
112. 0
113. 0
114. 0
115. 2
116. 0
117. 1
118. 0
119. 0
120. 1
121. 0
122. 0
123. 0
124. 0
125. 0
126. 1
127. 1
128. 1
129. 0
130. 0
131. 0
132. 0
133. 0
134. 0
135. 0
136. 0
137. 0
138. 2
139. 0
140. 0
141. 0
142. 0
143. 0
144. 0
145. 0
146. 0
147. 0
148. 0
149. 1
150. 0
151. 0
152. 0
153. 0
154. 0
155. 1
156. 0
157. 1
158. 0
159. 0
160. 0
161. 0
162. 1
163. 0
164. 0
165. 1
166. 0
167. 0
168. 0
169. 0
170. 0
171. 0
172. 0
173. 0
174. 0
175. 0
176. 0
177. 0
178. 0
179. 0
180. 0
181. 1
182. 1
183. 0
184. 0
185. 0
186. 0
187. 0
188. 1
189. 0
190. 0
191. 0
192. 0
193. 0
194. 0
195. 0
196. 0
197. 1
198. 0
199. 0
200. 0