3160.txt
1. 1
2. 0
3. 0
4. 0
5. 0
6. 0
7. 1
8. 0
9. 1
10. 0
11. 0
12. 1
13. 0
14. 0
15. 0
16. 1
17. 0
18. 0
19. 8
20. 0
21. 1
22. 1
23. 1
24. 0
25. 0
26. 0
27. 0
28. 1
29. 0
30. 0
31. 1
32. 0
33. 1
34. 1
35. 1
36. 0
37. 0
38. 0
39. 0
40. 2
41. 0
42. 1
43. 0
44. 0
45. 0
46. 0
47. 1
48. 0
49. 0
50. 0
51. 1
52. 0
53. 0
54. 0
55. 0
56. 0
57. 0
58. 0
59. 0
60. 0
61. 0
62. 0
63. 0
64. 0
65. 0
66. 0
67. 0
68. 1
69. 0
70. 0
71. 0
72. 0
73. 0
74. 1
75. 0
76. 0
77. 0
78. 1
79. 0
80. 1
81. 0
82. 1
83. 0
84. 0
85. 0
86. 0
87. 0
88. 0
89. 0
90. 0
91. 0
92. 0
93. 1
94. 1
95. 0
96. 1
97. 0
98. 1
99. 2
100. 0
101. 0
102. 1
103. 0
104. 0
105. 0
106. 0
107. 0
108. 0
109. 0
110. 0
111. 0
112. 0
113. 1
114. 0
115. 0
116. 0
117. 1
118. 0
119. 1
120. 0
121. 0
122. 0
123. 0
124. 1
125. 0
126. 0
127. 0
128. 0
129. 0
130. 0
131. 0
132. 1
133. 0
134. 0
135. 0
136. 1
137. 0
138. 0
139. 1
140. 0
141. 0
142. 0
143. 0
144. 1
145. 0
146. 0
147. 0
148. 0
149. 1
150. 0
151. 0
152. 0
153. 0
154. 1
155. 0
156. 0
157. 0
158. 0
159. 0
160. 0
161. 0
162. 0
163. 0
164. 0
165. 2
166. 1
167. 0
168. 0
169. 0
170. 1
171. 1
172. 1
173. 0
174. 1
175. 1
176. 0
177. 1
178. 0
179. 0
180. 2
181. 0
182. 0
183. 0
184. 0
185. 0
186. 1
187. 0
188. 0
189. 0
190. 0
191. 0
192. 1
193. 0
194. 0
195. 0
196. 0
197. 0
198. 0
199. 0
200. 0