320.txt
1. 1
2. 7
3. 1
4. 0
5. 0
6. 1
7. 0
8. 1
9. 0
10. 2
11. 2
12. 2
13. 0
14. 1
15. 1
16. 2
17. 0
18. 1
19. 0
20. 1
21. 0
22. 0
23. 0
24. 0
25. 0
26. 2
27. 1
28. 0
29. 0
30. 1
31. 1
32. 0
33. 1
34. 0
35. 0
36. 0
37. 1
38. 1
39. 0
40. 0
41. 2
42. 1
43. 0
44. 1
45. 0
46. 0
47. 1
48. 1
49. 0
50. 0
51. 0
52. 1
53. 2
54. 0
55. 1
56. 0
57. 0
58. 1
59. 0
60. 0
61. 0
62. 0
63. 0
64. 1
65. 2
66. 0
67. 1
68. 1
69. 1
70. 0
71. 0
72. 0
73. 0
74. 0
75. 1
76. 0
77. 0
78. 1
79. 0
80. 2
81. 1
82. 1
83. 1
84. 1
85. 2
86. 1
87. 0
88. 1
89. 0
90. 0
91. 1
92. 0
93. 0
94. 0
95. 0
96. 0
97. 1
98. 1
99. 0
100. 0
101. 0
102. 0
103. 0
104. 0
105. 1
106. 1
107. 0
108. 0
109. 0
110. 1
111. 0
112. 1
113. 2
114. 1
115. 1
116. 1
117. 2
118. 1
119. 0
120. 1
121. 0
122. 0
123. 1
124. 1
125. 1
126. 1
127. 1
128. 0
129. 0
130. 0
131. 1
132. 0
133. 0
134. 2
135. 0
136. 2
137. 0
138. 0
139. 0
140. 0
141. 0
142. 0
143. 2
144. 2
145. 1
146. 0
147. 0
148. 0
149. 0
150. 0
151. 0
152. 0
153. 0
154. 1
155. 0
156. 2
157. 0
158. 1
159. 0
160. 1
161. 1
162. 0
163. 1
164. 0
165. 0
166. 0
167. 1
168. 0
169. 1
170. 0
171. 1
172. 0
173. 1
174. 2
175. 1
176. 0
177. 2
178. 0
179. 1
180. 2
181. 2
182. 2
183. 0
184. 1
185. 2
186. 0
187. 1
188. 1
189. 0
190. 1
191. 1
192. 0
193. 0
194. 2
195. 0
196. 0
197. 0
198. 1
199. 0
200. 0