3223.txt
1. 1
2. 0
3. 2
4. 0
5. 1
6. 1
7. 1
8. 1
9. 0
10. 1
11. 1
12. 1
13. 0
14. 0
15. 1
16. 1
17. 0
18. 1
19. 0
20. 0
21. 0
22. 0
23. 1
24. 0
25. 0
26. 0
27. 1
28. 0
29. 0
30. 1
31. 2
32. 1
33. 1
34. 0
35. 0
36. 0
37. 1
38. 1
39. 1
40. 1
41. 0
42. 0
43. 0
44. 1
45. 0
46. 0
47. 0
48. 2
49. 0
50. 1
51. 1
52. 0
53. 1
54. 0
55. 0
56. 1
57. 0
58. 0
59. 0
60. 0
61. 0
62. 0
63. 0
64. 0
65. 0
66. 0
67. 1
68. 1
69. 1
70. 1
71. 1
72. 0
73. 1
74. 0
75. 0
76. 0
77. 0
78. 0
79. 1
80. 1
81. 1
82. 0
83. 0
84. 0
85. 0
86. 1
87. 1
88. 1
89. 1
90. 0
91. 0
92. 1
93. 0
94. 1
95. 1
96. 1
97. 0
98. 0
99. 1
100. 0
101. 0
102. 2
103. 0
104. 0
105. 0
106. 0
107. 0
108. 1
109. 1
110. 0
111. 1
112. 1
113. 1
114. 1
115. 1
116. 0
117. 0
118. 1
119. 0
120. 1
121. 0
122. 0
123. 1
124. 1
125. 0
126. 1
127. 2
128. 0
129. 0
130. 2
131. 0
132. 0
133. 1
134. 0
135. 1
136. 0
137. 1
138. 1
139. 1
140. 0
141. 0
142. 0
143. 0
144. 1
145. 1
146. 0
147. 0
148. 0
149. 1
150. 1
151. 0
152. 0
153. 1
154. 2
155. 1
156. 0
157. 1
158. 1
159. 1
160. 1
161. 0
162. 1
163. 0
164. 0
165. 1
166. 0
167. 1
168. 1
169. 0
170. 0
171. 1
172. 1
173. 0
174. 0
175. 0
176. 1
177. 1
178. 0
179. 0
180. 0
181. 0
182. 0
183. 1
184. 0
185. 1
186. 0
187. 0
188. 0
189. 0
190. 0
191. 0
192. 0
193. 0
194. 0
195. 0
196. 0
197. 1
198. 0
199. 1
200. 0