3239.txt
1. 0
2. 0
3. 0
4. 1
5. 0
6. 0
7. 1
8. 0
9. 1
10. 2
11. 1
12. 1
13. 1
14. 1
15. 0
16. 0
17. 1
18. 1
19. 0
20. 0
21. 1
22. 1
23. 0
24. 0
25. 1
26. 0
27. 0
28. 1
29. 1
30. 1
31. 1
32. 1
33. 0
34. 0
35. 0
36. 0
37. 0
38. 7
39. 0
40. 0
41. 0
42. 1
43. 0
44. 0
45. 0
46. 1
47. 0
48. 0
49. 0
50. 0
51. 0
52. 0
53. 1
54. 0
55. 2
56. 1
57. 1
58. 2
59. 2
60. 0
61. 0
62. 1
63. 0
64. 1
65. 1
66. 1
67. 0
68. 0
69. 0
70. 1
71. 0
72. 0
73. 0
74. 1
75. 0
76. 0
77. 0
78. 1
79. 0
80. 0
81. 0
82. 1
83. 0
84. 1
85. 0
86. 0
87. 0
88. 0
89. 0
90. 2
91. 1
92. 1
93. 0
94. 1
95. 0
96. 0
97. 0
98. 0
99. 0
100. 1
101. 0
102. 0
103. 0
104. 1
105. 0
106. 0
107. 0
108. 0
109. 1
110. 0
111. 0
112. 0
113. 1
114. 0
115. 0
116. 0
117. 0
118. 0
119. 0
120. 0
121. 1
122. 0
123. 1
124. 0
125. 0
126. 1
127. 0
128. 0
129. 0
130. 0
131. 0
132. 0
133. 1
134. 1
135. 0
136. 0
137. 1
138. 0
139. 0
140. 0
141. 0
142. 0
143. 0
144. 0
145. 1
146. 0
147. 1
148. 0
149. 0
150. 0
151. 0
152. 0
153. 0
154. 0
155. 0
156. 1
157. 0
158. 1
159. 0
160. 1
161. 0
162. 1
163. 0
164. 1
165. 0
166. 0
167. 0
168. 0
169. 0
170. 1
171. 0
172. 0
173. 0
174. 1
175. 0
176. 1
177. 1
178. 1
179. 0
180. 0
181. 0
182. 1
183. 0
184. 1
185. 2
186. 0
187. 1
188. 0
189. 1
190. 0
191. 0
192. 0
193. 0
194. 0
195. 0
196. 1
197. 1
198. 0
199. 0
200. 0