3261.txt
1. 1
2. 0
3. 1
4. 2
5. 1
6. 1
7. 0
8. 0
9. 1
10. 1
11. 1
12. 2
13. 1
14. 2
15. 0
16. 1
17. 1
18. 2
19. 1
20. 0
21. 0
22. 1
23. 0
24. 1
25. 1
26. 1
27. 0
28. 1
29. 1
30. 2
31. 1
32. 0
33. 1
34. 1
35. 0
36. 0
37. 0
38. 1
39. 1
40. 0
41. 0
42. 0
43. 0
44. 1
45. 0
46. 1
47. 1
48. 1
49. 0
50. 0
51. 0
52. 1
53. 1
54. 0
55. 0
56. 0
57. 1
58. 0
59. 1
60. 1
61. 0
62. 1
63. 0
64. 2
65. 0
66. 1
67. 1
68. 1
69. 1
70. 0
71. 1
72. 0
73. 0
74. 2
75. 1
76. 0
77. 2
78. 1
79. 0
80. 0
81. 1
82. 1
83. 0
84. 1
85. 0
86. 1
87. 1
88. 0
89. 1
90. 1
91. 1
92. 1
93. 2
94. 0
95. 1
96. 2
97. 2
98. 1
99. 1
100. 1
101. 0
102. 1
103. 0
104. 1
105. 0
106. 0
107. 0
108. 0
109. 0
110. 1
111. 1
112. 0
113. 0
114. 1
115. 0
116. 1
117. 0
118. 2
119. 1
120. 0
121. 0
122. 1
123. 1
124. 1
125. 0
126. 1
127. 1
128. 1
129. 0
130. 0
131. 0
132. 0
133. 0
134. 1
135. 0
136. 0
137. 1
138. 0
139. 1
140. 0
141. 1
142. 0
143. 0
144. 0
145. 1
146. 0
147. 1
148. 0
149. 0
150. 0
151. 1
152. 2
153. 0
154. 1
155. 0
156. 0
157. 0
158. 0
159. 0
160. 0
161. 1
162. 0
163. 0
164. 0
165. 1
166. 0
167. 0
168. 0
169. 0
170. 0
171. 0
172. 0
173. 0
174. 1
175. 0
176. 0
177. 1
178. 0
179. 0
180. 1
181. 1
182. 1
183. 0
184. 0
185. 2
186. 0
187. 0
188. 0
189. 0
190. 0
191. 2
192. 0
193. 0
194. 1
195. 1
196. 1
197. 0
198. 1
199. 1
200. 0