3360.txt
1. 1
2. 1
3. 0
4. 0
5. 1
6. 0
7. 1
8. 1
9. 0
10. 0
11. 0
12. 1
13. 0
14. 1
15. 1
16. 1
17. 0
18. 1
19. 1
20. 0
21. 0
22. 0
23. 1
24. 0
25. 1
26. 1
27. 1
28. 0
29. 0
30. 0
31. 0
32. 0
33. 1
34. 0
35. 0
36. 0
37. 0
38. 0
39. 1
40. 1
41. 1
42. 0
43. 0
44. 0
45. 0
46. 1
47. 0
48. 0
49. 0
50. 1
51. 0
52. 1
53. 1
54. 1
55. 1
56. 1
57. 0
58. 0
59. 0
60. 0
61. 1
62. 0
63. 1
64. 0
65. 1
66. 1
67. 0
68. 0
69. 0
70. 0
71. 1
72. 1
73. 0
74. 0
75. 0
76. 1
77. 0
78. 1
79. 0
80. 1
81. 0
82. 1
83. 1
84. 0
85. 0
86. 1
87. 0
88. 0
89. 1
90. 1
91. 1
92. 0
93. 0
94. 0
95. 1
96. 0
97. 0
98. 0
99. 0
100. 0
101. 1
102. 1
103. 0
104. 1
105. 0
106. 1
107. 0
108. 1
109. 0
110. 0
111. 0
112. 0
113. 1
114. 1
115. 0
116. 1
117. 0
118. 1
119. 1
120. 0
121. 0
122. 0
123. 0
124. 1
125. 0
126. 0
127. 0
128. 0
129. 0
130. 0
131. 0
132. 0
133. 0
134. 0
135. 0
136. 0
137. 1
138. 0
139. 0
140. 0
141. 0
142. 0
143. 0
144. 0
145. 0
146. 0
147. 0
148. 1
149. 0
150. 0
151. 0
152. 1
153. 0
154. 0
155. 1
156. 0
157. 1
158. 0
159. 0
160. 0
161. 1
162. 1
163. 1
164. 1
165. 0
166. 0
167. 0
168. 0
169. 1
170. 1
171. 0
172. 0
173. 1
174. 0
175. 1
176. 0
177. 0
178. 0
179. 0
180. 0
181. 0
182. 0
183. 0
184. 0
185. 0
186. 0
187. 0
188. 0
189. 1
190. 1
191. 0
192. 0
193. 0
194. 1
195. 1
196. 0
197. 0
198. 0
199. 1
200. 0