3414.txt
1. 0
2. 0
3. 0
4. 0
5. 1
6. 1
7. 0
8. 0
9. 0
10. 0
11. 0
12. 0
13. 0
14. 0
15. 0
16. 0
17. 0
18. 1
19. 0
20. 0
21. 0
22. 0
23. 0
24. 0
25. 0
26. 0
27. 0
28. 0
29. 0
30. 1
31. 1
32. 0
33. 0
34. 0
35. 0
36. 0
37. 0
38. 1
39. 0
40. 0
41. 0
42. 0
43. 0
44. 0
45. 0
46. 1
47. 0
48. 0
49. 0
50. 0
51. 1
52. 9
53. 0
54. 1
55. 0
56. 0
57. 0
58. 0
59. 0
60. 1
61. 0
62. 0
63. 0
64. 1
65. 0
66. 0
67. 1
68. 0
69. 1
70. 0
71. 0
72. 0
73. 1
74. 9
75. 0
76. 0
77. 0
78. 1
79. 0
80. 0
81. 0
82. 1
83. 0
84. 0
85. 0
86. 0
87. 0
88. 0
89. 1
90. 0
91. 0
92. 0
93. 0
94. 0
95. 0
96. 0
97. 0
98. 1
99. 0
100. 0
101. 0
102. 1
103. 0
104. 0
105. 0
106. 0
107. 1
108. 1
109. 0
110. 0
111. 0
112. 1
113. 1
114. 1
115. 0
116. 1
117. 1
118. 1
119. 1
120. 1
121. 1
122. 0
123. 0
124. 0
125. 0
126. 1
127. 0
128. 0
129. 0
130. 0
131. 0
132. 0
133. 0
134. 0
135. 0
136. 0
137. 0
138. 9
139. 0
140. 0
141. 0
142. 0
143. 0
144. 9
145. 0
146. 0
147. 0
148. 0
149. 0
150. 0
151. 0
152. 0
153. 0
154. 1
155. 0
156. 0
157. 1
158. 0
159. 0
160. 1
161. 0
162. 1
163. 0
164. 0
165. 0
166. 0
167. 0
168. 0
169. 0
170. 0
171. 0
172. 0
173. 0
174. 0
175. 0
176. 0
177. 0
178. 0
179. 0
180. 0
181. 0
182. 0
183. 0
184. 1
185. 0
186. 0
187. 0
188. 0
189. 1
190. 0
191. 1
192. 1
193. 1
194. 0
195. 0
196. 0
197. 0
198. 0
199. 0
200. 0