3442.txt
1. 2
2. 1
3. 0
4. 1
5. 1
6. 0
7. 0
8. 1
9. 2
10. 0
11. 0
12. 0
13. 0
14. 0
15. 0
16. 2
17. 1
18. 1
19. 0
20. 0
21. 0
22. 0
23. 1
24. 2
25. 0
26. 0
27. 1
28. 0
29. 1
30. 1
31. 0
32. 0
33. 1
34. 0
35. 1
36. 0
37. 0
38. 1
39. 1
40. 1
41. 0
42. 0
43. 0
44. 0
45. 2
46. 0
47. 0
48. 1
49. 0
50. 2
51. 1
52. 1
53. 1
54. 0
55. 0
56. 0
57. 0
58. 2
59. 0
60. 1
61. 0
62. 1
63. 1
64. 0
65. 1
66. 0
67. 1
68. 1
69. 1
70. 0
71. 0
72. 0
73. 0
74. 1
75. 0
76. 1
77. 0
78. 1
79. 0
80. 1
81. 1
82. 0
83. 1
84. 1
85. 0
86. 0
87. 0
88. 0
89. 1
90. 1
91. 0
92. 0
93. 0
94. 0
95. 0
96. 1
97. 0
98. 1
99. 1
100. 1
101. 0
102. 0
103. 1
104. 0
105. 0
106. 0
107. 0
108. 0
109. 0
110. 1
111. 0
112. 1
113. 0
114. 0
115. 0
116. 0
117. 0
118. 1
119. 1
120. 1
121. 0
122. 0
123. 0
124. 0
125. 0
126. 0
127. 1
128. 0
129. 0
130. 1
131. 1
132. 0
133. 0
134. 0
135. 1
136. 1
137. 0
138. 1
139. 0
140. 0
141. 0
142. 0
143. 1
144. 0
145. 0
146. 1
147. 0
148. 0
149. 0
150. 0
151. 1
152. 3
153. 0
154. 0
155. 0
156. 1
157. 1
158. 0
159. 0
160. 0
161. 0
162. 0
163. 1
164. 0
165. 0
166. 0
167. 0
168. 0
169. 0
170. 1
171. 0
172. 1
173. 0
174. 2
175. 1
176. 0
177. 0
178. 0
179. 1
180. 0
181. 0
182. 0
183. 0
184. 0
185. 0
186. 0
187. 0
188. 1
189. 0
190. 1
191. 0
192. 2
193. 1
194. 0
195. 0
196. 1
197. 2
198. 2
199. 2
200. 1