3507.txt
1. 2
2. 1
3. 1
4. 0
5. 1
6. 2
7. 0
8. 0
9. 0
10. 0
11. 1
12. 1
13. 1
14. 1
15. 0
16. 1
17. 0
18. 2
19. 1
20. 0
21. 1
22. 0
23. 0
24. 0
25. 0
26. 0
27. 0
28. 1
29. 1
30. 0
31. 0
32. 0
33. 0
34. 0
35. 1
36. 1
37. 1
38. 0
39. 1
40. 0
41. 0
42. 0
43. 1
44. 0
45. 0
46. 0
47. 0
48. 1
49. 0
50. 1
51. 0
52. 1
53. 1
54. 0
55. 0
56. 0
57. 1
58. 1
59. 0
60. 0
61. 0
62. 1
63. 0
64. 0
65. 0
66. 1
67. 0
68. 1
69. 0
70. 0
71. 1
72. 0
73. 1
74. 0
75. 1
76. 1
77. 0
78. 0
79. 0
80. 0
81. 0
82. 0
83. 0
84. 1
85. 0
86. 0
87. 1
88. 0
89. 0
90. 0
91. 0
92. 0
93. 0
94. 1
95. 2
96. 0
97. 0
98. 1
99. 1
100. 0
101. 0
102. 0
103. 1
104. 1
105. 0
106. 0
107. 0
108. 0
109. 0
110. 2
111. 0
112. 0
113. 1
114. 0
115. 2
116. 2
117. 0
118. 1
119. 0
120. 0
121. 0
122. 0
123. 0
124. 0
125. 0
126. 0
127. 0
128. 0
129. 1
130. 0
131. 0
132. 2
133. 1
134. 0
135. 0
136. 1
137. 1
138. 0
139. 0
140. 0
141. 0
142. 0
143. 1
144. 0
145. 1
146. 2
147. 1
148. 0
149. 0
150. 0
151. 0
152. 0
153. 0
154. 0
155. 0
156. 0
157. 0
158. 0
159. 0
160. 1
161. 0
162. 0
163. 0
164. 0
165. 0
166. 0
167. 0
168. 0
169. 0
170. 1
171. 1
172. 0
173. 0
174. 0
175. 1
176. 0
177. 0
178. 2
179. 0
180. 0
181. 0
182. 0
183. 1
184. 0
185. 0
186. 0
187. 1
188. 1
189. 1
190. 1
191. 0
192. 0
193. 2
194. 1
195. 0
196. 1
197. 1
198. 0
199. 0
200. 0