3528.txt
1. 1
2. 0
3. 0
4. 0
5. 0
6. 0
7. 1
8. 2
9. 1
10. 2
11. 0
12. 0
13. 0
14. 0
15. 1
16. 1
17. 2
18. 0
19. 0
20. 2
21. 0
22. 0
23. 0
24. 0
25. 0
26. 0
27. 0
28. 0
29. 1
30. 1
31. 1
32. 1
33. 0
34. 0
35. 0
36. 0
37. 0
38. 1
39. 0
40. 0
41. 1
42. 1
43. 0
44. 0
45. 0
46. 0
47. 0
48. 0
49. 1
50. 0
51. 0
52. 0
53. 0
54. 0
55. 0
56. 0
57. 0
58. 0
59. 0
60. 0
61. 0
62. 0
63. 1
64. 0
65. 1
66. 0
67. 1
68. 0
69. 1
70. 0
71. 0
72. 1
73. 0
74. 0
75. 0
76. 0
77. 0
78. 0
79. 0
80. 0
81. 0
82. 0
83. 0
84. 1
85. 0
86. 1
87. 0
88. 0
89. 1
90. 1
91. 1
92. 0
93. 0
94. 0
95. 0
96. 0
97. 0
98. 0
99. 1
100. 0
101. 0
102. 0
103. 1
104. 0
105. 0
106. 1
107. 0
108. 1
109. 0
110. 0
111. 0
112. 0
113. 0
114. 0
115. 1
116. 0
117. 0
118. 0
119. 1
120. 0
121. 0
122. 1
123. 0
124. 1
125. 0
126. 0
127. 1
128. 0
129. 0
130. 0
131. 0
132. 0
133. 1
134. 1
135. 1
136. 1
137. 0
138. 0
139. 0
140. 0
141. 0
142. 0
143. 0
144. 0
145. 1
146. 0
147. 0
148. 0
149. 0
150. 0
151. 0
152. 0
153. 0
154. 0
155. 0
156. 1
157. 0
158. 0
159. 0
160. 0
161. 0
162. 0
163. 0
164. 0
165. 0
166. 0
167. 0
168. 0
169. 0
170. 1
171. 0
172. 1
173. 1
174. 0
175. 0
176. 0
177. 0
178. 1
179. 0
180. 1
181. 1
182. 0
183. 0
184. 0
185. 0
186. 0
187. 0
188. 0
189. 0
190. 1
191. 1
192. 1
193. 0
194. 0
195. 0
196. 0
197. 0
198. 1
199. 0
200. 0