3571.txt
1. 1
2. 1
3. 0
4. 1
5. 1
6. 0
7. 1
8. 0
9. 1
10. 0
11. 1
12. 1
13. 1
14. 1
15. 1
16. 0
17. 1
18. 0
19. 0
20. 1
21. 0
22. 1
23. 0
24. 1
25. 0
26. 0
27. 1
28. 1
29. 2
30. 0
31. 1
32. 0
33. 1
34. 1
35. 1
36. 1
37. 0
38. 1
39. 2
40. 2
41. 1
42. 0
43. 1
44. 1
45. 1
46. 1
47. 0
48. 1
49. 1
50. 1
51. 0
52. 0
53. 1
54. 1
55. 1
56. 1
57. 0
58. 1
59. 1
60. 1
61. 1
62. 0
63. 0
64. 1
65. 2
66. 0
67. 0
68. 1
69. 0
70. 1
71. 1
72. 0
73. 1
74. 2
75. 0
76. 0
77. 1
78. 1
79. 1
80. 1
81. 10
82. 1
83. 1
84. 1
85. 0
86. 1
87. 1
88. 1
89. 0
90. 1
91. 0
92. 1
93. 0
94. 0
95. 1
96. 1
97. 2
98. 1
99. 1
100. 2
101. 1
102. 2
103. 1
104. 1
105. 0
106. 1
107. 2
108. 1
109. 0
110. 1
111. 1
112. 1
113. 0
114. 0
115. 1
116. 1
117. 1
118. 2
119. 0
120. 0
121. 2
122. 1
123. 2
124. 1
125. 0
126. 1
127. 1
128. 1
129. 1
130. 1
131. 1
132. 1
133. 1
134. 1
135. 1
136. 0
137. 1
138. 0
139. 1
140. 0
141. 0
142. 1
143. 0
144. 1
145. 1
146. 1
147. 1
148. 0
149. 1
150. 1
151. 1
152. 1
153. 1
154. 0
155. 0
156. 1
157. 0
158. 1
159. 1
160. 1
161. 2
162. 0
163. 1
164. 0
165. 1
166. 1
167. 1
168. 1
169. 1
170. 2
171. 1
172. 0
173. 1
174. 1
175. 0
176. 1
177. 1
178. 0
179. 1
180. 1
181. 1
182. 0
183. 0
184. 1
185. 0
186. 1
187. 0
188. 0
189. 1
190. 1
191. 1
192. 1
193. 1
194. 0
195. 0
196. 1
197. 1
198. 0
199. 2
200. 1