3598.txt
1. 0
2. 6
3. 0
4. 0
5. 3
6. 0
7. 0
8. 0
9. 2
10. 0
11. 3
12. 2
13. 0
14. 3
15. 2
16. 0
17. 0
18. 0
19. 0
20. 0
21. 0
22. 0
23. 2
24. 2
25. 0
26. 0
27. 0
28. 1
29. 0
30. 3
31. 0
32. 0
33. 0
34. 0
35. 0
36. 0
37. 0
38. 0
39. 0
40. 0
41. 1
42. 0
43. 0
44. 0
45. 0
46. 2
47. 0
48. 0
49. 0
50. 0
51. 1
52. 2
53. 0
54. 0
55. 0
56. 0
57. 0
58. 2
59. 0
60. 0
61. 0
62. 0
63. 3
64. 1
65. 0
66. 0
67. 0
68. 0
69. 0
70. 1
71. 0
72. 0
73. 0
74. 0
75. 0
76. 1
77. 2
78. 0
79. 0
80. 1
81. 0
82. 1
83. 0
84. 0
85. 0
86. 0
87. 1
88. 0
89. 3
90. 0
91. 1
92. 0
93. 1
94. 0
95. 1
96. 0
97. 0
98. 2
99. 0
100. 0
101. 0
102. 0
103. 0
104. 0
105. 0
106. 0
107. 0
108. 0
109. 0
110. 0
111. 1
112. 0
113. 2
114. 0
115. 3
116. 0
117. 0
118. 0
119. 1
120. 1
121. 0
122. 0
123. 0
124. 0
125. 0
126. 0
127. 0
128. 0
129. 0
130. 1
131. 0
132. 1
133. 1
134. 1
135. 2
136. 0
137. 0
138. 2
139. 0
140. 1
141. 0
142. 0
143. 1
144. 0
145. 0
146. 1
147. 1
148. 0
149. 0
150. 1
151. 0
152. 0
153. 0
154. 0
155. 1
156. 0
157. 2
158. 0
159. 0
160. 0
161. 0
162. 0
163. 0
164. 1
165. 0
166. 0
167. 2
168. 0
169. 0
170. 0
171. 1
172. 0
173. 1
174. 0
175. 0
176. 0
177. 0
178. 0
179. 0
180. 1
181. 0
182. 0
183. 0
184. 0
185. 1
186. 2
187. 0
188. 2
189. 0
190. 1
191. 0
192. 0
193. 2
194. 1
195. 1
196. 0
197. 0
198. 0
199. 2
200. 0