3655.txt
1. 1
2. 1
3. 1
4. 0
5. 1
6. 1
7. 0
8. 1
9. 1
10. 0
11. 0
12. 1
13. 0
14. 1
15. 7
16. 0
17. 0
18. 2
19. 0
20. 1
21. 0
22. 1
23. 0
24. 1
25. 0
26. 2
27. 1
28. 1
29. 0
30. 1
31. 1
32. 0
33. 1
34. 1
35. 1
36. 0
37. 2
38. 1
39. 1
40. 1
41. 2
42. 1
43. 0
44. 0
45. 0
46. 1
47. 0
48. 1
49. 2
50. 0
51. 0
52. 0
53. 0
54. 2
55. 0
56. 0
57. 0
58. 1
59. 1
60. 1
61. 0
62. 0
63. 0
64. 0
65. 1
66. 1
67. 1
68. 0
69. 1
70. 0
71. 1
72. 3
73. 0
74. 0
75. 0
76. 0
77. 1
78. 0
79. 1
80. 0
81. 0
82. 1
83. 1
84. 2
85. 1
86. 0
87. 1
88. 1
89. 0
90. 1
91. 1
92. 0
93. 0
94. 0
95. 1
96. 1
97. 0
98. 0
99. 1
100. 1
101. 0
102. 1
103. 1
104. 1
105. 2
106. 1
107. 0
108. 1
109. 0
110. 1
111. 1
112. 2
113. 0
114. 0
115. 2
116. 1
117. 0
118. 0
119. 1
120. 1
121. 1
122. 1
123. 0
124. 1
125. 0
126. 1
127. 0
128. 0
129. 0
130. 0
131. 1
132. 1
133. 1
134. 0
135. 1
136. 0
137. 1
138. 0
139. 2
140. 0
141. 0
142. 0
143. 0
144. 0
145. 0
146. 2
147. 1
148. 0
149. 2
150. 0
151. 0
152. 1
153. 2
154. 0
155. 0
156. 1
157. 1
158. 0
159. 0
160. 1
161. 2
162. 0
163. 1
164. 1
165. 0
166. 1
167. 1
168. 0
169. 0
170. 0
171. 0
172. 0
173. 0
174. 1
175. 1
176. 2
177. 1
178. 0
179. 0
180. 1
181. 0
182. 2
183. 0
184. 0
185. 2
186. 0
187. 0
188. 1
189. 0
190. 1
191. 1
192. 1
193. 1
194. 1
195. 0
196. 1
197. 1
198. 0
199. 0
200. 0