3668.txt
1. 0
2. 2
3. 1
4. 1
5. 0
6. 0
7. 0
8. 1
9. 0
10. 0
11. 0
12. 0
13. 1
14. 0
15. 0
16. 1
17. 1
18. 0
19. 0
20. 2
21. 0
22. 1
23. 0
24. 0
25. 1
26. 0
27. 0
28. 0
29. 0
30. 0
31. 0
32. 1
33. 0
34. 1
35. 1
36. 0
37. 0
38. 0
39. 1
40. 0
41. 0
42. 0
43. 0
44. 1
45. 0
46. 1
47. 0
48. 1
49. 1
50. 0
51. 0
52. 0
53. 1
54. 0
55. 1
56. 1
57. 0
58. 0
59. 0
60. 1
61. 1
62. 0
63. 0
64. 0
65. 1
66. 0
67. 0
68. 0
69. 0
70. 1
71. 0
72. 0
73. 0
74. 0
75. 1
76. 0
77. 0
78. 0
79. 0
80. 0
81. 0
82. 1
83. 0
84. 0
85. 0
86. 1
87. 0
88. 0
89. 0
90. 0
91. 0
92. 0
93. 0
94. 0
95. 1
96. 0
97. 1
98. 1
99. 1
100. 0
101. 1
102. 0
103. 0
104. 0
105. 0
106. 1
107. 0
108. 1
109. 0
110. 1
111. 0
112. 0
113. 0
114. 1
115. 0
116. 0
117. 0
118. 0
119. 1
120. 1
121. 0
122. 0
123. 0
124. 0
125. 1
126. 0
127. 0
128. 1
129. 0
130. 0
131. 1
132. 0
133. 0
134. 0
135. 0
136. 0
137. 0
138. 0
139. 0
140. 0
141. 1
142. 0
143. 0
144. 1
145. 0
146. 1
147. 0
148. 0
149. 0
150. 0
151. 0
152. 0
153. 2
154. 1
155. 0
156. 1
157. 0
158. 0
159. 0
160. 0
161. 0
162. 0
163. 0
164. 0
165. 0
166. 0
167. 0
168. 0
169. 0
170. 0
171. 1
172. 0
173. 0
174. 0
175. 0
176. 1
177. 1
178. 0
179. 0
180. 0
181. 0
182. 0
183. 0
184. 0
185. 0
186. 0
187. 1
188. 0
189. 0
190. 1
191. 1
192. 0
193. 1
194. 0
195. 0
196. 1
197. 0
198. 1
199. 0
200. 0