3689.txt
1. 1
2. 0
3. 0
4. 0
5. 0
6. 1
7. 1
8. 1
9. 1
10. 0
11. 0
12. 0
13. 1
14. 0
15. 0
16. 0
17. 0
18. 0
19. 0
20. 2
21. 1
22. 0
23. 0
24. 0
25. 1
26. 1
27. 0
28. 0
29. 1
30. 0
31. 0
32. 0
33. 1
34. 0
35. 0
36. 1
37. 0
38. 1
39. 1
40. 0
41. 0
42. 0
43. 0
44. 0
45. 0
46. 1
47. 0
48. 0
49. 1
50. 0
51. 1
52. 1
53. 0
54. 1
55. 0
56. 2
57. 2
58. 2
59. 0
60. 1
61. 0
62. 0
63. 1
64. 0
65. 0
66. 0
67. 0
68. 0
69. 0
70. 0
71. 0
72. 1
73. 1
74. 0
75. 0
76. 0
77. 0
78. 1
79. 1
80. 1
81. 0
82. 0
83. 0
84. 0
85. 0
86. 0
87. 0
88. 0
89. 0
90. 2
91. 1
92. 0
93. 0
94. 1
95. 1
96. 0
97. 0
98. 1
99. 1
100. 1
101. 2
102. 1
103. 1
104. 1
105. 0
106. 1
107. 0
108. 1
109. 1
110. 0
111. 1
112. 1
113. 0
114. 0
115. 0
116. 1
117. 0
118. 1
119. 1
120. 0
121. 1
122. 0
123. 0
124. 1
125. 1
126. 0
127. 0
128. 1
129. 0
130. 0
131. 0
132. 1
133. 0
134. 0
135. 0
136. 0
137. 0
138. 0
139. 1
140. 1
141. 0
142. 0
143. 0
144. 0
145. 0
146. 0
147. 1
148. 0
149. 0
150. 1
151. 0
152. 0
153. 0
154. 0
155. 0
156. 1
157. 0
158. 1
159. 0
160. 0
161. 0
162. 0
163. 0
164. 0
165. 0
166. 1
167. 1
168. 1
169. 0
170. 0
171. 0
172. 0
173. 0
174. 0
175. 0
176. 1
177. 1
178. 0
179. 0
180. 1
181. 0
182. 0
183. 0
184. 1
185. 0
186. 0
187. 0
188. 0
189. 0
190. 0
191. 0
192. 0
193. 0
194. 0
195. 0
196. 1
197. 1
198. 0
199. 0
200. 0