3708.txt
1. 1
2. 0
3. 2
4. 0
5. 2
6. 1
7. 0
8. 0
9. 0
10. 1
11. 0
12. 1
13. 0
14. 1
15. 0
16. 2
17. 1
18. 0
19. 1
20. 0
21. 0
22. 1
23. 0
24. 2
25. 0
26. 0
27. 0
28. 0
29. 1
30. 1
31. 0
32. 1
33. 2
34. 0
35. 1
36. 0
37. 1
38. 1
39. 0
40. 0
41. 2
42. 0
43. 1
44. 1
45. 0
46. 0
47. 1
48. 1
49. 0
50. 0
51. 1
52. 0
53. 1
54. 0
55. 2
56. 2
57. 1
58. 0
59. 0
60. 1
61. 1
62. 1
63. 0
64. 2
65. 0
66. 0
67. 0
68. 1
69. 0
70. 1
71. 1
72. 1
73. 0
74. 2
75. 0
76. 0
77. 0
78. 0
79. 2
80. 0
81. 2
82. 2
83. 1
84. 1
85. 0
86. 1
87. 1
88. 1
89. 0
90. 1
91. 0
92. 1
93. 1
94. 1
95. 0
96. 1
97. 0
98. 0
99. 1
100. 0
101. 0
102. 1
103. 1
104. 1
105. 0
106. 0
107. 1
108. 0
109. 1
110. 0
111. 0
112. 2
113. 1
114. 2
115. 0
116. 2
117. 0
118. 1
119. 1
120. 0
121. 1
122. 0
123. 0
124. 0
125. 1
126. 0
127. 2
128. 0
129. 0
130. 1
131. 0
132. 0
133. 0
134. 0
135. 1
136. 1
137. 1
138. 1
139. 1
140. 0
141. 0
142. 1
143. 1
144. 2
145. 0
146. 0
147. 0
148. 1
149. 0
150. 0
151. 0
152. 0
153. 1
154. 0
155. 1
156. 2
157. 0
158. 2
159. 1
160. 0
161. 1
162. 0
163. 1
164. 1
165. 1
166. 0
167. 2
168. 1
169. 0
170. 2
171. 0
172. 1
173. 0
174. 2
175. 2
176. 1
177. 0
178. 1
179. 0
180. 0
181. 2
182. 1
183. 1
184. 0
185. 0
186. 2
187. 1
188. 0
189. 2
190. 0
191. 2
192. 1
193. 0
194. 0
195. 1
196. 0
197. 2
198. 0
199. 0
200. 2