3749.txt
1. 2
2. 1
3. 0
4. 1
5. 0
6. 2
7. 1
8. 2
9. 0
10. 1
11. 1
12. 2
13. 0
14. 1
15. 2
16. 0
17. 1
18. 1
19. 1
20. 1
21. 2
22. 0
23. 1
24. 0
25. 1
26. 1
27. 0
28. 0
29. 0
30. 0
31. 0
32. 1
33. 1
34. 0
35. 0
36. 1
37. 1
38. 1
39. 2
40. 2
41. 0
42. 1
43. 2
44. 1
45. 2
46. 1
47. 1
48. 0
49. 2
50. 1
51. 1
52. 2
53. 2
54. 0
55. 2
56. 2
57. 1
58. 0
59. 0
60. 2
61. 1
62. 0
63. 1
64. 1
65. 1
66. 1
67. 1
68. 0
69. 0
70. 1
71. 0
72. 2
73. 0
74. 1
75. 2
76. 1
77. 1
78. 0
79. 0
80. 2
81. 2
82. 1
83. 0
84. 1
85. 2
86. 1
87. 0
88. 2
89. 2
90. 2
91. 0
92. 1
93. 0
94. 0
95. 0
96. 2
97. 1
98. 1
99. 0
100. 1
101. 1
102. 0
103. 1
104. 0
105. 0
106. 0
107. 1
108. 1
109. 0
110. 0
111. 0
112. 2
113. 1
114. 0
115. 1
116. 1
117. 1
118. 2
119. 0
120. 1
121. 0
122. 0
123. 0
124. 1
125. 2
126. 0
127. 2
128. 2
129. 2
130. 2
131. 1
132. 2
133. 0
134. 2
135. 2
136. 0
137. 0
138. 1
139. 1
140. 1
141. 2
142. 0
143. 1
144. 0
145. 1
146. 1
147. 2
148. 1
149. 1
150. 0
151. 1
152. 1
153. 2
154. 1
155. 0
156. 0
157. 1
158. 1
159. 1
160. 1
161. 1
162. 0
163. 1
164. 1
165. 0
166. 1
167. 1
168. 0
169. 1
170. 1
171. 1
172. 1
173. 1
174. 2
175. 1
176. 0
177. 1
178. 1
179. 1
180. 1
181. 1
182. 2
183. 2
184. 0
185. 0
186. 0
187. 0
188. 2
189. 0
190. 0
191. 1
192. 1
193. 1
194. 0
195. 0
196. 1
197. 2
198. 0
199. 0
200. 0