3750.txt
1. 1
2. 1
3. 1
4. 2
5. 0
6. 0
7. 1
8. 1
9. 1
10. 2
11. 3
12. 1
13. 0
14. 0
15. 0
16. 1
17. 1
18. 0
19. 0
20. 2
21. 1
22. 0
23. 0
24. 0
25. 2
26. 0
27. 2
28. 0
29. 0
30. 1
31. 0
32. 0
33. 1
34. 0
35. 1
36. 1
37. 1
38. 1
39. 1
40. 0
41. 2
42. 0
43. 1
44. 1
45. 0
46. 1
47. 0
48. 0
49. 1
50. 0
51. 1
52. 0
53. 0
54. 0
55. 1
56. 0
57. 1
58. 1
59. 0
60. 2
61. 2
62. 0
63. 1
64. 1
65. 1
66. 2
67. 0
68. 2
69. 0
70. 0
71. 1
72. 0
73. 0
74. 0
75. 1
76. 0
77. 0
78. 0
79. 1
80. 0
81. 0
82. 0
83. 1
84. 0
85. 0
86. 0
87. 1
88. 0
89. 1
90. 0
91. 1
92. 0
93. 0
94. 0
95. 0
96. 0
97. 0
98. 2
99. 0
100. 1
101. 0
102. 0
103. 1
104. 0
105. 1
106. 0
107. 0
108. 0
109. 2
110. 0
111. 1
112. 0
113. 0
114. 0
115. 2
116. 0
117. 1
118. 1
119. 0
120. 0
121. 0
122. 0
123. 1
124. 0
125. 0
126. 0
127. 0
128. 0
129. 0
130. 0
131. 0
132. 0
133. 1
134. 0
135. 0
136. 0
137. 0
138. 0
139. 0
140. 1
141. 0
142. 1
143. 0
144. 0
145. 1
146. 0
147. 0
148. 1
149. 0
150. 2
151. 0
152. 0
153. 0
154. 1
155. 0
156. 0
157. 0
158. 0
159. 0
160. 0
161. 0
162. 0
163. 0
164. 0
165. 1
166. 1
167. 2
168. 0
169. 1
170. 0
171. 0
172. 0
173. 1
174. 0
175. 0
176. 0
177. 0
178. 0
179. 0
180. 0
181. 0
182. 1
183. 0
184. 1
185. 0
186. 1
187. 0
188. 0
189. 0
190. 0
191. 1
192. 0
193. 0
194. 0
195. 0
196. 1
197. 0
198. 0
199. 0
200. 0