3756.txt
1. 1
2. 1
3. 2
4. 1
5. 2
6. 0
7. 0
8. 0
9. 0
10. 0
11. 1
12. 0
13. 2
14. 0
15. 1
16. 0
17. 0
18. 1
19. 1
20. 1
21. 1
22. 1
23. 0
24. 0
25. 0
26. 1
27. 0
28. 0
29. 0
30. 0
31. 0
32. 0
33. 0
34. 0
35. 0
36. 0
37. 0
38. 0
39. 1
40. 0
41. 0
42. 0
43. 0
44. 1
45. 0
46. 2
47. 0
48. 0
49. 0
50. 0
51. 1
52. 0
53. 0
54. 0
55. 0
56. 2
57. 0
58. 0
59. 0
60. 1
61. 1
62. 1
63. 0
64. 0
65. 1
66. 1
67. 1
68. 0
69. 0
70. 0
71. 0
72. 0
73. 1
74. 1
75. 0
76. 0
77. 2
78. 0
79. 0
80. 0
81. 1
82. 0
83. 0
84. 1
85. 2
86. 0
87. 0
88. 0
89. 0
90. 0
91. 1
92. 1
93. 0
94. 1
95. 1
96. 0
97. 0
98. 0
99. 0
100. 1
101. 0
102. 0
103. 1
104. 0
105. 1
106. 0
107. 1
108. 0
109. 1
110. 1
111. 1
112. 1
113. 1
114. 1
115. 1
116. 0
117. 1
118. 2
119. 0
120. 0
121. 0
122. 0
123. 1
124. 1
125. 1
126. 1
127. 0
128. 0
129. 0
130. 1
131. 0
132. 0
133. 0
134. 0
135. 0
136. 0
137. 0
138. 1
139. 0
140. 1
141. 0
142. 0
143. 0
144. 1
145. 1
146. 1
147. 0
148. 0
149. 0
150. 0
151. 1
152. 0
153. 2
154. 1
155. 0
156. 1
157. 1
158. 2
159. 0
160. 0
161. 1
162. 0
163. 0
164. 0
165. 1
166. 1
167. 0
168. 0
169. 0
170. 1
171. 0
172. 0
173. 0
174. 0
175. 0
176. 0
177. 0
178. 0
179. 0
180. 1
181. 1
182. 0
183. 0
184. 0
185. 1
186. 0
187. 0
188. 0
189. 0
190. 0
191. 0
192. 1
193. 1
194. 2
195. 0
196. 0
197. 0
198. 0
199. 0
200. 0