3803.txt
1. 1
2. 0
3. 2
4. 2
5. 0
6. 0
7. 0
8. 0
9. 1
10. 0
11. 0
12. 0
13. 0
14. 0
15. 1
16. 0
17. 0
18. 0
19. 1
20. 10
21. 0
22. 1
23. 1
24. 1
25. 1
26. 1
27. 1
28. 0
29. 0
30. 0
31. 2
32. 0
33. 0
34. 0
35. 1
36. 0
37. 0
38. 1
39. 0
40. 1
41. 1
42. 0
43. 0
44. 0
45. 1
46. 0
47. 0
48. 1
49. 0
50. 0
51. 0
52. 0
53. 0
54. 0
55. 0
56. 0
57. 0
58. 0
59. 0
60. 0
61. 0
62. 0
63. 0
64. 0
65. 1
66. 0
67. 0
68. 0
69. 0
70. 1
71. 0
72. 0
73. 1
74. 0
75. 0
76. 0
77. 1
78. 0
79. 0
80. 0
81. 1
82. 0
83. 0
84. 0
85. 0
86. 0
87. 1
88. 0
89. 0
90. 0
91. 0
92. 1
93. 1
94. 0
95. 0
96. 1
97. 0
98. 0
99. 0
100. 0
101. 1
102. 0
103. 1
104. 0
105. 0
106. 0
107. 0
108. 1
109. 1
110. 0
111. 1
112. 0
113. 1
114. 0
115. 1
116. 0
117. 0
118. 0
119. 0
120. 0
121. 0
122. 0
123. 0
124. 1
125. 0
126. 0
127. 0
128. 0
129. 0
130. 0
131. 0
132. 0
133. 0
134. 0
135. 1
136. 0
137. 1
138. 0
139. 0
140. 1
141. 0
142. 1
143. 0
144. 1
145. 0
146. 1
147. 0
148. 1
149. 0
150. 0
151. 0
152. 0
153. 1
154. 1
155. 0
156. 0
157. 0
158. 0
159. 0
160. 0
161. 1
162. 1
163. 1
164. 2
165. 0
166. 0
167. 0
168. 0
169. 0
170. 0
171. 0
172. 0
173. 0
174. 0
175. 0
176. 0
177. 0
178. 0
179. 0
180. 0
181. 0
182. 0
183. 0
184. 0
185. 0
186. 0
187. 0
188. 0
189. 1
190. 0
191. 0
192. 0
193. 1
194. 0
195. 1
196. 1
197. 1
198. 0
199. 1
200. 0