3816.txt
1. 1
2. 1
3. 1
4. 0
5. 1
6. 0
7. 2
8. 2
9. 3
10. 1
11. 0
12. 0
13. 1
14. 0
15. 1
16. 1
17. 0
18. 1
19. 0
20. 1
21. 0
22. 0
23. 1
24. 0
25. 1
26. 0
27. 2
28. 1
29. 1
30. 1
31. 1
32. 0
33. 0
34. 0
35. 1
36. 1
37. 0
38. 0
39. 1
40. 0
41. 1
42. 1
43. 0
44. 2
45. 0
46. 1
47. 0
48. 0
49. 1
50. 0
51. 0
52. 0
53. 1
54. 0
55. 0
56. 1
57. 1
58. 0
59. 0
60. 0
61. 1
62. 1
63. 1
64. 0
65. 2
66. 1
67. 1
68. 0
69. 0
70. 0
71. 1
72. 0
73. 1
74. 1
75. 0
76. 0
77. 0
78. 0
79. 0
80. 1
81. 0
82. 0
83. 1
84. 0
85. 3
86. 0
87. 1
88. 1
89. 0
90. 1
91. 0
92. 1
93. 0
94. 0
95. 1
96. 1
97. 0
98. 1
99. 1
100. 0
101. 0
102. 1
103. 0
104. 1
105. 0
106. 1
107. 1
108. 0
109. 2
110. 1
111. 1
112. 0
113. 1
114. 0
115. 0
116. 1
117. 0
118. 0
119. 1
120. 0
121. 0
122. 0
123. 1
124. 1
125. 0
126. 1
127. 1
128. 0
129. 1
130. 0
131. 0
132. 0
133. 1
134. 1
135. 0
136. 0
137. 0
138. 1
139. 1
140. 0
141. 0
142. 1
143. 1
144. 0
145. 0
146. 0
147. 0
148. 0
149. 1
150. 2
151. 2
152. 0
153. 0
154. 0
155. 0
156. 0
157. 1
158. 1
159. 1
160. 0
161. 2
162. 0
163. 1
164. 1
165. 1
166. 1
167. 0
168. 0
169. 1
170. 0
171. 0
172. 1
173. 0
174. 1
175. 1
176. 1
177. 0
178. 1
179. 1
180. 1
181. 0
182. 2
183. 1
184. 1
185. 0
186. 2
187. 0
188. 0
189. 2
190. 0
191. 0
192. 0
193. 2
194. 1
195. 1
196. 0
197. 1
198. 0
199. 0
200. 1