3843.txt
1. 1
2. 1
3. 2
4. 0
5. 1
6. 1
7. 1
8. 1
9. 0
10. 0
11. 0
12. 1
13. 0
14. 0
15. 2
16. 1
17. 1
18. 0
19. 0
20. 0
21. 1
22. 1
23. 2
24. 0
25. 0
26. 1
27. 1
28. 1
29. 1
30. 0
31. 1
32. 0
33. 0
34. 0
35. 0
36. 0
37. 2
38. 0
39. 1
40. 1
41. 0
42. 1
43. 1
44. 0
45. 1
46. 1
47. 1
48. 1
49. 0
50. 1
51. 0
52. 0
53. 0
54. 0
55. 1
56. 0
57. 1
58. 0
59. 0
60. 0
61. 0
62. 0
63. 0
64. 1
65. 2
66. 1
67. 1
68. 0
69. 1
70. 0
71. 1
72. 1
73. 0
74. 1
75. 0
76. 1
77. 0
78. 1
79. 0
80. 1
81. 1
82. 0
83. 1
84. 1
85. 0
86. 1
87. 1
88. 1
89. 1
90. 0
91. 1
92. 0
93. 1
94. 1
95. 1
96. 0
97. 2
98. 0
99. 0
100. 0
101. 0
102. 0
103. 0
104. 0
105. 0
106. 0
107. 1
108. 0
109. 0
110. 1
111. 1
112. 0
113. 0
114. 1
115. 0
116. 0
117. 0
118. 1
119. 1
120. 0
121. 1
122. 0
123. 1
124. 1
125. 1
126. 0
127. 1
128. 1
129. 1
130. 0
131. 0
132. 0
133. 1
134. 1
135. 1
136. 1
137. 0
138. 0
139. 0
140. 0
141. 1
142. 1
143. 1
144. 0
145. 1
146. 1
147. 0
148. 1
149. 0
150. 0
151. 1
152. 1
153. 0
154. 0
155. 0
156. 0
157. 0
158. 0
159. 0
160. 0
161. 0
162. 0
163. 1
164. 1
165. 1
166. 0
167. 1
168. 0
169. 0
170. 0
171. 0
172. 0
173. 1
174. 0
175. 1
176. 1
177. 0
178. 0
179. 1
180. 0
181. 0
182. 0
183. 0
184. 0
185. 1
186. 0
187. 1
188. 0
189. 1
190. 1
191. 1
192. 1
193. 0
194. 1
195. 0
196. 1
197. 0
198. 0
199. 1
200. 1