391.txt
1. 1
2. 1
3. 0
4. 0
5. 1
6. 0
7. 1
8. 0
9. 0
10. 1
11. 1
12. 1
13. 1
14. 0
15. 1
16. 0
17. 1
18. 0
19. 2
20. 1
21. 1
22. 0
23. 0
24. 0
25. 0
26. 0
27. 1
28. 1
29. 1
30. 0
31. 0
32. 0
33. 2
34. 0
35. 0
36. 1
37. 0
38. 0
39. 0
40. 0
41. 0
42. 0
43. 0
44. 1
45. 0
46. 1
47. 1
48. 0
49. 0
50. 1
51. 1
52. 1
53. 1
54. 2
55. 0
56. 0
57. 1
58. 0
59. 0
60. 0
61. 0
62. 0
63. 2
64. 0
65. 1
66. 0
67. 0
68. 0
69. 0
70. 1
71. 0
72. 1
73. 0
74. 0
75. 0
76. 1
77. 0
78. 0
79. 1
80. 0
81. 1
82. 1
83. 1
84. 1
85. 0
86. 0
87. 0
88. 0
89. 1
90. 0
91. 0
92. 0
93. 1
94. 1
95. 0
96. 0
97. 0
98. 1
99. 0
100. 0
101. 1
102. 0
103. 0
104. 0
105. 1
106. 1
107. 0
108. 1
109. 0
110. 0
111. 0
112. 0
113. 1
114. 1
115. 1
116. 0
117. 0
118. 0
119. 1
120. 0
121. 1
122. 1
123. 1
124. 0
125. 0
126. 0
127. 1
128. 1
129. 1
130. 0
131. 0
132. 0
133. 0
134. 0
135. 0
136. 2
137. 1
138. 1
139. 0
140. 0
141. 0
142. 0
143. 1
144. 0
145. 1
146. 0
147. 1
148. 1
149. 1
150. 0
151. 0
152. 0
153. 0
154. 0
155. 0
156. 0
157. 1
158. 0
159. 2
160. 0
161. 1
162. 0
163. 0
164. 1
165. 0
166. 1
167. 1
168. 1
169. 0
170. 1
171. 0
172. 1
173. 1
174. 0
175. 0
176. 0
177. 0
178. 0
179. 0
180. 1
181. 0
182. 1
183. 0
184. 0
185. 1
186. 0
187. 0
188. 0
189. 1
190. 0
191. 0
192. 1
193. 10
194. 0
195. 0
196. 1
197. 0
198. 0
199. 1
200. 1