3927.txt
1. 1
2. 0
3. 1
4. 1
5. 1
6. 0
7. 1
8. 0
9. 1
10. 1
11. 0
12. 0
13. 0
14. 0
15. 2
16. 0
17. 0
18. 0
19. 0
20. 0
21. 1
22. 0
23. 0
24. 0
25. 0
26. 0
27. 0
28. 1
29. 0
30. 0
31. 0
32. 1
33. 1
34. 1
35. 0
36. 0
37. 0
38. 2
39. 0
40. 1
41. 2
42. 1
43. 1
44. 0
45. 0
46. 0
47. 0
48. 1
49. 0
50. 0
51. 1
52. 0
53. 0
54. 0
55. 1
56. 0
57. 0
58. 0
59. 1
60. 0
61. 0
62. 1
63. 0
64. 0
65. 0
66. 1
67. 0
68. 0
69. 0
70. 0
71. 0
72. 1
73. 2
74. 0
75. 1
76. 0
77. 0
78. 1
79. 0
80. 0
81. 1
82. 0
83. 0
84. 2
85. 1
86. 2
87. 0
88. 0
89. 0
90. 1
91. 0
92. 0
93. 0
94. 0
95. 0
96. 0
97. 2
98. 1
99. 1
100. 1
101. 2
102. 0
103. 1
104. 0
105. 1
106. 1
107. 0
108. 0
109. 2
110. 0
111. 0
112. 0
113. 2
114. 1
115. 0
116. 1
117. 0
118. 1
119. 0
120. 0
121. 0
122. 0
123. 0
124. 0
125. 0
126. 0
127. 0
128. 0
129. 0
130. 0
131. 0
132. 0
133. 1
134. 0
135. 1
136. 1
137. 0
138. 1
139. 1
140. 0
141. 0
142. 0
143. 0
144. 0
145. 0
146. 0
147. 0
148. 0
149. 1
150. 1
151. 0
152. 0
153. 0
154. 0
155. 1
156. 0
157. 0
158. 0
159. 0
160. 0
161. 0
162. 0
163. 0
164. 0
165. 0
166. 1
167. 0
168. 0
169. 0
170. 0
171. 1
172. 1
173. 2
174. 0
175. 0
176. 0
177. 0
178. 0
179. 0
180. 0
181. 0
182. 0
183. 0
184. 0
185. 0
186. 0
187. 1
188. 0
189. 0
190. 1
191. 0
192. 0
193. 0
194. 0
195. 0
196. 0
197. 0
198. 1
199. 1
200. 1