3929.txt
1. 0
2. 0
3. 0
4. 0
5. 0
6. 1
7. 0
8. 0
9. 0
10. 0
11. 1
12. 1
13. 0
14. 0
15. 1
16. 1
17. 0
18. 1
19. 0
20. 0
21. 0
22. 1
23. 0
24. 0
25. 2
26. 0
27. 2
28. 0
29. 0
30. 0
31. 1
32. 1
33. 0
34. 0
35. 1
36. 0
37. 1
38. 0
39. 1
40. 0
41. 0
42. 1
43. 0
44. 0
45. 0
46. 0
47. 0
48. 0
49. 1
50. 1
51. 0
52. 0
53. 0
54. 0
55. 0
56. 0
57. 0
58. 0
59. 0
60. 0
61. 0
62. 0
63. 0
64. 0
65. 0
66. 0
67. 0
68. 0
69. 1
70. 1
71. 0
72. 1
73. 1
74. 2
75. 0
76. 0
77. 1
78. 2
79. 0
80. 0
81. 1
82. 0
83. 0
84. 0
85. 0
86. 0
87. 0
88. 0
89. 0
90. 0
91. 1
92. 0
93. 0
94. 0
95. 1
96. 1
97. 0
98. 2
99. 0
100. 0
101. 0
102. 0
103. 0
104. 0
105. 0
106. 0
107. 0
108. 0
109. 0
110. 1
111. 0
112. 0
113. 0
114. 0
115. 0
116. 0
117. 0
118. 1
119. 0
120. 0
121. 0
122. 1
123. 0
124. 1
125. 0
126. 0
127. 0
128. 1
129. 0
130. 1
131. 0
132. 0
133. 0
134. 1
135. 0
136. 0
137. 0
138. 0
139. 1
140. 0
141. 0
142. 0
143. 0
144. 0
145. 0
146. 0
147. 0
148. 0
149. 0
150. 0
151. 1
152. 0
153. 1
154. 0
155. 1
156. 0
157. 1
158. 0
159. 1
160. 0
161. 0
162. 0
163. 0
164. 1
165. 0
166. 1
167. 0
168. 0
169. 0
170. 1
171. 1
172. 0
173. 1
174. 0
175. 0
176. 0
177. 0
178. 0
179. 1
180. 0
181. 0
182. 0
183. 1
184. 0
185. 0
186. 0
187. 0
188. 0
189. 0
190. 0
191. 0
192. 1
193. 0
194. 0
195. 1
196. 0
197. 0
198. 0
199. 0
200. 0