394.txt
1. 1
2. 1
3. 1
4. 1
5. 0
6. 0
7. 2
8. 2
9. 1
10. 1
11. 0
12. 1
13. 1
14. 1
15. 1
16. 2
17. 2
18. 0
19. 1
20. 1
21. 2
22. 1
23. 0
24. 0
25. 0
26. 0
27. 1
28. 1
29. 1
30. 1
31. 0
32. 0
33. 0
34. 2
35. 1
36. 0
37. 0
38. 2
39. 0
40. 3
41. 1
42. 0
43. 1
44. 1
45. 0
46. 0
47. 3
48. 0
49. 2
50. 1
51. 1
52. 0
53. 0
54. 0
55. 0
56. 1
57. 1
58. 1
59. 0
60. 1
61. 2
62. 0
63. 0
64. 0
65. 1
66. 1
67. 2
68. 0
69. 1
70. 0
71. 2
72. 1
73. 1
74. 1
75. 0
76. 0
77. 1
78. 0
79. 1
80. 1
81. 1
82. 1
83. 1
84. 0
85. 1
86. 0
87. 2
88. 0
89. 1
90. 4
91. 1
92. 0
93. 0
94. 0
95. 1
96. 1
97. 0
98. 1
99. 1
100. 1
101. 0
102. 1
103. 0
104. 0
105. 3
106. 0
107. 1
108. 1
109. 1
110. 1
111. 0
112. 2
113. 0
114. 0
115. 1
116. 0
117. 0
118. 1
119. 1
120. 1
121. 0
122. 1
123. 1
124. 1
125. 1
126. 1
127. 1
128. 0
129. 1
130. 0
131. 2
132. 0
133. 2
134. 0
135. 2
136. 1
137. 1
138. 1
139. 1
140. 1
141. 0
142. 1
143. 1
144. 1
145. 0
146. 2
147. 1
148. 1
149. 0
150. 1
151. 1
152. 0
153. 2
154. 1
155. 1
156. 1
157. 1
158. 1
159. 2
160. 0
161. 0
162. 1
163. 0
164. 1
165. 1
166. 0
167. 1
168. 1
169. 2
170. 1
171. 1
172. 2
173. 0
174. 0
175. 2
176. 2
177. 1
178. 2
179. 0
180. 0
181. 1
182. 1
183. 1
184. 0
185. 0
186. 0
187. 1
188. 1
189. 1
190. 1
191. 0
192. 0
193. 0
194. 1
195. 2
196. 1
197. 1
198. 0
199. 1
200. 0