3975.txt
1. 1
2. 0
3. 1
4. 1
5. 0
6. 2
7. 1
8. 1
9. 1
10. 1
11. 0
12. 1
13. 0
14. 1
15. 1
16. 1
17. 1
18. 1
19. 1
20. 0
21. 1
22. 1
23. 0
24. 1
25. 1
26. 1
27. 1
28. 0
29. 1
30. 8
31. 0
32. 1
33. 0
34. 1
35. 0
36. 2
37. 1
38. 0
39. 1
40. 1
41. 0
42. 1
43. 0
44. 0
45. 1
46. 0
47. 0
48. 0
49. 0
50. 0
51. 2
52. 0
53. 0
54. 1
55. 2
56. 1
57. 2
58. 0
59. 0
60. 1
61. 0
62. 2
63. 0
64. 0
65. 1
66. 1
67. 2
68. 0
69. 0
70. 0
71. 1
72. 1
73. 2
74. 0
75. 2
76. 0
77. 0
78. 1
79. 0
80. 0
81. 0
82. 1
83. 2
84. 2
85. 0
86. 2
87. 1
88. 0
89. 0
90. 1
91. 0
92. 2
93. 1
94. 0
95. 0
96. 2
97. 0
98. 0
99. 1
100. 1
101. 0
102. 0
103. 1
104. 1
105. 1
106. 0
107. 1
108. 2
109. 0
110. 0
111. 0
112. 1
113. 1
114. 1
115. 0
116. 0
117. 0
118. 2
119. 2
120. 1
121. 0
122. 2
123. 0
124. 0
125. 1
126. 1
127. 0
128. 0
129. 0
130. 1
131. 0
132. 0
133. 1
134. 1
135. 0
136. 0
137. 0
138. 0
139. 1
140. 0
141. 1
142. 0
143. 1
144. 0
145. 0
146. 0
147. 0
148. 1
149. 1
150. 1
151. 1
152. 0
153. 0
154. 1
155. 0
156. 0
157. 1
158. 0
159. 0
160. 1
161. 1
162. 1
163. 0
164. 0
165. 0
166. 2
167. 0
168. 1
169. 0
170. 1
171. 1
172. 1
173. 1
174. 2
175. 1
176. 1
177. 1
178. 0
179. 0
180. 0
181. 0
182. 1
183. 0
184. 0
185. 2
186. 0
187. 2
188. 1
189. 0
190. 1
191. 1
192. 1
193. 2
194. 0
195. 1
196. 1
197. 0
198. 0
199. 0
200. 0