4006.txt
1. 1
2. 0
3. 0
4. 0
5. 0
6. 0
7. 0
8. 0
9. 1
10. 0
11. 0
12. 1
13. 0
14. 0
15. 0
16. 0
17. 1
18. 0
19. 0
20. 1
21. 0
22. 0
23. 0
24. 2
25. 0
26. 1
27. 0
28. 0
29. 0
30. 0
31. 0
32. 0
33. 2
34. 0
35. 0
36. 1
37. 0
38. 0
39. 1
40. 1
41. 0
42. 0
43. 0
44. 1
45. 1
46. 0
47. 0
48. 1
49. 0
50. 0
51. 0
52. 0
53. 0
54. 0
55. 0
56. 0
57. 0
58. 1
59. 0
60. 0
61. 0
62. 0
63. 1
64. 0
65. 1
66. 0
67. 1
68. 0
69. 0
70. 0
71. 0
72. 0
73. 0
74. 0
75. 0
76. 0
77. 0
78. 0
79. 0
80. 0
81. 0
82. 0
83. 1
84. 0
85. 0
86. 0
87. 0
88. 0
89. 1
90. 0
91. 0
92. 0
93. 0
94. 1
95. 1
96. 0
97. 0
98. 0
99. 2
100. 0
101. 0
102. 0
103. 1
104. 0
105. 1
106. 1
107. 0
108. 2
109. 1
110. 2
111. 0
112. 0
113. 0
114. 0
115. 1
116. 1
117. 0
118. 1
119. 0
120. 0
121. 0
122. 0
123. 0
124. 0
125. 0
126. 0
127. 0
128. 0
129. 0
130. 0
131. 0
132. 0
133. 0
134. 0
135. 0
136. 0
137. 0
138. 3
139. 0
140. 0
141. 0
142. 0
143. 2
144. 0
145. 1
146. 1
147. 0
148. 1
149. 0
150. 0
151. 1
152. 0
153. 1
154. 1
155. 0
156. 1
157. 1
158. 0
159. 1
160. 0
161. 1
162. 0
163. 0
164. 0
165. 1
166. 0
167. 0
168. 0
169. 0
170. 1
171. 0
172. 0
173. 1
174. 0
175. 0
176. 0
177. 0
178. 0
179. 0
180. 0
181. 0
182. 0
183. 0
184. 0
185. 0
186. 0
187. 0
188. 0
189. 0
190. 0
191. 0
192. 1
193. 1
194. 0
195. 0
196. 0
197. 0
198. 0
199. 0
200. 1