4022.txt
1. 2
2. 10
3. 0
4. 0
5. 1
6. 1
7. 1
8. 0
9. 0
10. 0
11. 0
12. 0
13. 0
14. 1
15. 0
16. 0
17. 1
18. 0
19. 1
20. 0
21. 0
22. 1
23. 1
24. 0
25. 1
26. 0
27. 1
28. 0
29. 1
30. 0
31. 1
32. 1
33. 0
34. 0
35. 0
36. 0
37. 0
38. 0
39. 0
40. 0
41. 1
42. 2
43. 0
44. 1
45. 1
46. 0
47. 0
48. 0
49. 2
50. 2
51. 0
52. 0
53. 0
54. 0
55. 0
56. 0
57. 0
58. 0
59. 0
60. 1
61. 0
62. 1
63. 0
64. 1
65. 1
66. 0
67. 1
68. 0
69. 0
70. 0
71. 0
72. 1
73. 0
74. 0
75. 0
76. 0
77. 1
78. 2
79. 0
80. 0
81. 1
82. 0
83. 1
84. 10
85. 0
86. 0
87. 0
88. 1
89. 0
90. 0
91. 1
92. 0
93. 0
94. 0
95. 0
96. 0
97. 0
98. 1
99. 0
100. 0
101. 0
102. 0
103. 0
104. 1
105. 0
106. 0
107. 0
108. 0
109. 0
110. 0
111. 0
112. 1
113. 0
114. 0
115. 0
116. 0
117. 0
118. 0
119. 0
120. 0
121. 0
122. 0
123. 0
124. 0
125. 0
126. 0
127. 0
128. 0
129. 0
130. 0
131. 0
132. 0
133. 0
134. 0
135. 0
136. 1
137. 0
138. 0
139. 1
140. 1
141. 1
142. 0
143. 0
144. 1
145. 1
146. 0
147. 0
148. 0
149. 0
150. 0
151. 1
152. 0
153. 1
154. 1
155. 1
156. 1
157. 0
158. 0
159. 0
160. 1
161. 0
162. 1
163. 1
164. 0
165. 0
166. 1
167. 0
168. 0
169. 0
170. 0
171. 0
172. 0
173. 0
174. 1
175. 0
176. 0
177. 0
178. 0
179. 0
180. 0
181. 1
182. 0
183. 0
184. 0
185. 1
186. 0
187. 0
188. 0
189. 0
190. 0
191. 0
192. 0
193. 0
194. 1
195. 0
196. 0
197. 0
198. 0
199. 0
200. 0