408.txt
1. 1
2. 0
3. 2
4. 1
5. 0
6. 0
7. 0
8. 1
9. 3
10. 0
11. 0
12. 1
13. 1
14. 2
15. 1
16. 0
17. 1
18. 1
19. 2
20. 1
21. 1
22. 1
23. 0
24. 0
25. 0
26. 1
27. 2
28. 0
29. 1
30. 0
31. 2
32. 0
33. 0
34. 0
35. 0
36. 1
37. 0
38. 0
39. 0
40. 0
41. 1
42. 0
43. 0
44. 0
45. 1
46. 0
47. 0
48. 1
49. 0
50. 2
51. 1
52. 1
53. 0
54. 0
55. 0
56. 1
57. 0
58. 0
59. 1
60. 1
61. 1
62. 2
63. 1
64. 1
65. 2
66. 1
67. 0
68. 0
69. 0
70. 1
71. 2
72. 0
73. 0
74. 1
75. 1
76. 0
77. 1
78. 0
79. 1
80. 1
81. 0
82. 0
83. 2
84. 0
85. 0
86. 0
87. 0
88. 0
89. 1
90. 2
91. 0
92. 0
93. 1
94. 0
95. 1
96. 1
97. 1
98. 0
99. 1
100. 2
101. 0
102. 2
103. 0
104. 1
105. 1
106. 1
107. 0
108. 0
109. 0
110. 0
111. 0
112. 0
113. 1
114. 0
115. 0
116. 0
117. 1
118. 0
119. 0
120. 1
121. 1
122. 1
123. 0
124. 0
125. 0
126. 0
127. 0
128. 0
129. 0
130. 1
131. 0
132. 0
133. 0
134. 0
135. 1
136. 0
137. 1
138. 0
139. 0
140. 1
141. 1
142. 1
143. 0
144. 0
145. 1
146. 0
147. 0
148. 0
149. 0
150. 1
151. 0
152. 0
153. 1
154. 0
155. 0
156. 0
157. 1
158. 1
159. 0
160. 0
161. 1
162. 0
163. 0
164. 1
165. 0
166. 0
167. 0
168. 0
169. 1
170. 0
171. 1
172. 0
173. 0
174. 0
175. 0
176. 1
177. 1
178. 1
179. 1
180. 1
181. 1
182. 1
183. 0
184. 1
185. 0
186. 0
187. 0
188. 0
189. 0
190. 0
191. 1
192. 0
193. 1
194. 1
195. 0
196. 0
197. 0
198. 0
199. 2
200. 0