4095.txt
1. 0
2. 0
3. 1
4. 0
5. 1
6. 1
7. 0
8. 1
9. 0
10. 0
11. 1
12. 2
13. 0
14. 1
15. 0
16. 1
17. 2
18. 1
19. 0
20. 0
21. 2
22. 1
23. 0
24. 0
25. 1
26. 1
27. 0
28. 2
29. 0
30. 0
31. 0
32. 0
33. 1
34. 0
35. 0
36. 0
37. 1
38. 0
39. 0
40. 0
41. 0
42. 0
43. 0
44. 0
45. 1
46. 1
47. 0
48. 1
49. 0
50. 1
51. 0
52. 1
53. 1
54. 0
55. 2
56. 1
57. 0
58. 0
59. 0
60. 0
61. 1
62. 0
63. 1
64. 0
65. 1
66. 1
67. 0
68. 0
69. 0
70. 0
71. 0
72. 0
73. 0
74. 0
75. 1
76. 0
77. 1
78. 0
79. 0
80. 0
81. 0
82. 1
83. 1
84. 0
85. 0
86. 1
87. 1
88. 0
89. 1
90. 1
91. 0
92. 0
93. 0
94. 1
95. 0
96. 0
97. 2
98. 0
99. 2
100. 0
101. 0
102. 0
103. 0
104. 0
105. 1
106. 1
107. 2
108. 0
109. 0
110. 1
111. 0
112. 1
113. 1
114. 0
115. 0
116. 2
117. 0
118. 1
119. 0
120. 0
121. 0
122. 1
123. 0
124. 0
125. 2
126. 2
127. 0
128. 1
129. 1
130. 1
131. 0
132. 2
133. 0
134. 0
135. 0
136. 0
137. 0
138. 0
139. 0
140. 1
141. 1
142. 0
143. 0
144. 0
145. 1
146. 1
147. 1
148. 0
149. 1
150. 1
151. 0
152. 1
153. 0
154. 0
155. 1
156. 1
157. 1
158. 0
159. 0
160. 0
161. 2
162. 0
163. 1
164. 0
165. 0
166. 1
167. 0
168. 1
169. 0
170. 1
171. 0
172. 0
173. 1
174. 1
175. 0
176. 0
177. 1
178. 1
179. 0
180. 1
181. 0
182. 0
183. 0
184. 1
185. 0
186. 1
187. 0
188. 1
189. 1
190. 2
191. 1
192. 1
193. 0
194. 0
195. 0
196. 1
197. 0
198. 1
199. 0
200. 0