4214.txt
1. 2
2. 1
3. 1
4. 1
5. 1
6. 1
7. 1
8. 1
9. 1
10. 1
11. 1
12. 0
13. 1
14. 1
15. 1
16. 0
17. 0
18. 0
19. 1
20. 1
21. 1
22. 1
23. 1
24. 1
25. 1
26. 2
27. 1
28. 1
29. 0
30. 1
31. 1
32. 1
33. 0
34. 1
35. 0
36. 1
37. 1
38. 1
39. 0
40. 1
41. 1
42. 1
43. 1
44. 1
45. 1
46. 1
47. 0
48. 1
49. 1
50. 1
51. 0
52. 0
53. 0
54. 1
55. 0
56. 0
57. 1
58. 1
59. 1
60. 1
61. 1
62. 0
63. 0
64. 1
65. 0
66. 1
67. 1
68. 1
69. 0
70. 0
71. 1
72. 1
73. 0
74. 1
75. 1
76. 1
77. 1
78. 1
79. 0
80. 0
81. 1
82. 1
83. 1
84. 0
85. 1
86. 0
87. 0
88. 1
89. 1
90. 1
91. 1
92. 0
93. 0
94. 1
95. 1
96. 1
97. 0
98. 0
99. 0
100. 1
101. 2
102. 1
103. 1
104. 1
105. 1
106. 1
107. 0
108. 0
109. 1
110. 1
111. 0
112. 1
113. 1
114. 0
115. 0
116. 0
117. 1
118. 1
119. 2
120. 0
121. 0
122. 0
123. 0
124. 0
125. 0
126. 1
127. 1
128. 0
129. 0
130. 0
131. 0
132. 1
133. 0
134. 0
135. 1
136. 0
137. 0
138. 0
139. 1
140. 1
141. 1
142. 1
143. 0
144. 0
145. 0
146. 0
147. 1
148. 0
149. 1
150. 1
151. 0
152. 1
153. 1
154. 1
155. 1
156. 0
157. 1
158. 1
159. 1
160. 1
161. 1
162. 1
163. 0
164. 1
165. 1
166. 0
167. 1
168. 0
169. 0
170. 0
171. 0
172. 0
173. 1
174. 0
175. 1
176. 1
177. 0
178. 1
179. 1
180. 1
181. 0
182. 1
183. 1
184. 0
185. 1
186. 0
187. 1
188. 0
189. 2
190. 0
191. 0
192. 0
193. 1
194. 1
195. 1
196. 2
197. 1
198. 0
199. 1
200. 1