4281.txt
1. 0
2. 1
3. 1
4. 1
5. 0
6. 0
7. 0
8. 0
9. 1
10. 0
11. 0
12. 0
13. 0
14. 0
15. 0
16. 0
17. 0
18. 2
19. 0
20. 1
21. 0
22. 1
23. 0
24. 1
25. 2
26. 0
27. 0
28. 0
29. 2
30. 0
31. 0
32. 0
33. 0
34. 0
35. 0
36. 0
37. 0
38. 0
39. 0
40. 0
41. 0
42. 0
43. 0
44. 0
45. 0
46. 2
47. 1
48. 0
49. 2
50. 0
51. 0
52. 0
53. 0
54. 0
55. 0
56. 1
57. 0
58. 1
59. 0
60. 0
61. 0
62. 0
63. 1
64. 0
65. 0
66. 0
67. 1
68. 0
69. 0
70. 1
71. 0
72. 0
73. 1
74. 0
75. 0
76. 1
77. 0
78. 0
79. 0
80. 1
81. 0
82. 2
83. 0
84. 0
85. 0
86. 0
87. 0
88. 0
89. 0
90. 1
91. 1
92. 0
93. 1
94. 0
95. 1
96. 0
97. 0
98. 0
99. 1
100. 0
101. 0
102. 1
103. 0
104. 0
105. 0
106. 0
107. 0
108. 0
109. 0
110. 1
111. 0
112. 0
113. 0
114. 1
115. 0
116. 0
117. 0
118. 0
119. 1
120. 0
121. 0
122. 1
123. 0
124. 1
125. 0
126. 0
127. 0
128. 1
129. 0
130. 0
131. 0
132. 0
133. 0
134. 0
135. 0
136. 1
137. 1
138. 1
139. 0
140. 0
141. 0
142. 0
143. 0
144. 0
145. 1
146. 0
147. 0
148. 0
149. 1
150. 0
151. 0
152. 0
153. 0
154. 0
155. 0
156. 0
157. 0
158. 0
159. 0
160. 0
161. 1
162. 0
163. 0
164. 1
165. 1
166. 0
167. 1
168. 1
169. 0
170. 1
171. 1
172. 1
173. 1
174. 0
175. 1
176. 1
177. 0
178. 0
179. 0
180. 0
181. 1
182. 1
183. 0
184. 0
185. 0
186. 0
187. 0
188. 0
189. 0
190. 0
191. 1
192. 1
193. 0
194. 0
195. 0
196. 1
197. 1
198. 0
199. 0
200. 0