429.txt
1. 1
2. 1
3. 1
4. 2
5. 0
6. 0
7. 2
8. 1
9. 2
10. 1
11. 1
12. 2
13. 1
14. 2
15. 1
16. 1
17. 0
18. 1
19. 1
20. 1
21. 1
22. 1
23. 2
24. 1
25. 1
26. 1
27. 2
28. 1
29. 1
30. 1
31. 0
32. 1
33. 1
34. 1
35. 1
36. 2
37. 1
38. 1
39. 0
40. 1
41. 1
42. 1
43. 1
44. 1
45. 2
46. 0
47. 1
48. 1
49. 0
50. 1
51. 1
52. 1
53. 1
54. 2
55. 0
56. 1
57. 1
58. 0
59. 1
60. 2
61. 1
62. 0
63. 1
64. 1
65. 1
66. 1
67. 0
68. 2
69. 1
70. 1
71. 0
72. 1
73. 1
74. 0
75. 0
76. 0
77. 1
78. 1
79. 0
80. 2
81. 1
82. 0
83. 1
84. 1
85. 1
86. 1
87. 1
88. 1
89. 1
90. 1
91. 1
92. 1
93. 1
94. 2
95. 1
96. 2
97. 0
98. 1
99. 1
100. 1
101. 0
102. 2
103. 1
104. 1
105. 1
106. 1
107. 1
108. 0
109. 0
110. 1
111. 0
112. 0
113. 1
114. 0
115. 1
116. 1
117. 1
118. 0
119. 1
120. 1
121. 0
122. 1
123. 1
124. 1
125. 0
126. 0
127. 0
128. 0
129. 0
130. 1
131. 0
132. 2
133. 0
134. 0
135. 0
136. 0
137. 0
138. 0
139. 0
140. 1
141. 0
142. 0
143. 1
144. 0
145. 1
146. 0
147. 1
148. 1
149. 1
150. 1
151. 1
152. 0
153. 0
154. 2
155. 1
156. 0
157. 0
158. 0
159. 0
160. 2
161. 0
162. 1
163. 1
164. 1
165. 1
166. 1
167. 1
168. 1
169. 1
170. 1
171. 0
172. 1
173. 1
174. 1
175. 0
176. 1
177. 1
178. 0
179. 1
180. 0
181. 1
182. 1
183. 1
184. 0
185. 0
186. 1
187. 2
188. 1
189. 0
190. 1
191. 1
192. 1
193. 1
194. 2
195. 2
196. 1
197. 0
198. 1
199. 1
200. 1