4314.txt
1. 0
2. 1
3. 1
4. 6
5. 1
6. 0
7. 1
8. 0
9. 1
10. 0
11. 0
12. 0
13. 1
14. 0
15. 0
16. 1
17. 0
18. 1
19. 1
20. 0
21. 0
22. 0
23. 0
24. 0
25. 1
26. 0
27. 0
28. 0
29. 0
30. 0
31. 1
32. 1
33. 0
34. 0
35. 0
36. 0
37. 1
38. 1
39. 1
40. 0
41. 0
42. 1
43. 1
44. 0
45. 1
46. 2
47. 1
48. 0
49. 1
50. 1
51. 0
52. 0
53. 1
54. 0
55. 0
56. 0
57. 1
58. 1
59. 1
60. 1
61. 0
62. 1
63. 0
64. 0
65. 0
66. 0
67. 1
68. 1
69. 0
70. 0
71. 0
72. 1
73. 1
74. 0
75. 0
76. 0
77. 0
78. 0
79. 0
80. 1
81. 1
82. 1
83. 1
84. 1
85. 0
86. 6
87. 0
88. 0
89. 0
90. 0
91. 0
92. 1
93. 0
94. 0
95. 1
96. 0
97. 1
98. 0
99. 2
100. 0
101. 0
102. 1
103. 0
104. 0
105. 0
106. 0
107. 0
108. 2
109. 1
110. 0
111. 0
112. 0
113. 0
114. 0
115. 1
116. 1
117. 2
118. 0
119. 0
120. 0
121. 1
122. 0
123. 2
124. 0
125. 1
126. 1
127. 1
128. 0
129. 0
130. 0
131. 0
132. 1
133. 0
134. 1
135. 0
136. 0
137. 3
138. 0
139. 0
140. 0
141. 1
142. 0
143. 0
144. 0
145. 0
146. 0
147. 0
148. 0
149. 0
150. 0
151. 0
152. 0
153. 0
154. 0
155. 0
156. 0
157. 0
158. 0
159. 1
160. 0
161. 0
162. 0
163. 0
164. 1
165. 0
166. 0
167. 0
168. 0
169. 0
170. 0
171. 1
172. 0
173. 0
174. 0
175. 0
176. 0
177. 1
178. 1
179. 2
180. 1
181. 0
182. 0
183. 1
184. 0
185. 0
186. 0
187. 0
188. 0
189. 2
190. 0
191. 1
192. 1
193. 0
194. 1
195. 0
196. 0
197. 1
198. 1
199. 0
200. 0