4338.txt
1. 1
2. 0
3. 1
4. 1
5. 1
6. 1
7. 1
8. 1
9. 1
10. 1
11. 0
12. 0
13. 2
14. 1
15. 1
16. 2
17. 1
18. 1
19. 1
20. 1
21. 0
22. 1
23. 0
24. 1
25. 1
26. 1
27. 0
28. 1
29. 0
30. 1
31. 0
32. 0
33. 1
34. 0
35. 0
36. 1
37. 0
38. 0
39. 0
40. 2
41. 0
42. 0
43. 1
44. 0
45. 0
46. 1
47. 0
48. 10
49. 1
50. 0
51. 0
52. 1
53. 0
54. 0
55. 0
56. 0
57. 0
58. 0
59. 0
60. 2
61. 0
62. 1
63. 2
64. 0
65. 0
66. 1
67. 0
68. 1
69. 0
70. 0
71. 0
72. 0
73. 1
74. 1
75. 0
76. 1
77. 0
78. 0
79. 2
80. 1
81. 0
82. 1
83. 1
84. 1
85. 0
86. 0
87. 1
88. 0
89. 1
90. 0
91. 0
92. 0
93. 1
94. 1
95. 1
96. 0
97. 1
98. 1
99. 0
100. 1
101. 1
102. 0
103. 0
104. 1
105. 0
106. 0
107. 1
108. 0
109. 0
110. 0
111. 0
112. 0
113. 1
114. 0
115. 2
116. 2
117. 0
118. 2
119. 2
120. 0
121. 0
122. 1
123. 1
124. 0
125. 1
126. 1
127. 0
128. 0
129. 1
130. 0
131. 1
132. 1
133. 0
134. 0
135. 1
136. 1
137. 1
138. 1
139. 1
140. 0
141. 0
142. 0
143. 0
144. 0
145. 0
146. 0
147. 0
148. 0
149. 0
150. 0
151. 1
152. 0
153. 1
154. 1
155. 0
156. 0
157. 0
158. 1
159. 0
160. 0
161. 2
162. 1
163. 0
164. 1
165. 0
166. 1
167. 0
168. 0
169. 0
170. 0
171. 0
172. 1
173. 0
174. 1
175. 0
176. 0
177. 0
178. 0
179. 2
180. 0
181. 0
182. 1
183. 2
184. 1
185. 0
186. 0
187. 0
188. 0
189. 1
190. 1
191. 0
192. 0
193. 1
194. 1
195. 0
196. 1
197. 0
198. 1
199. 0
200. 1