4360.txt
1. 2
2. 1
3. 0
4. 1
5. 1
6. 1
7. 1
8. 0
9. 1
10. 0
11. 0
12. 0
13. 0
14. 0
15. 0
16. 1
17. 0
18. 0
19. 0
20. 0
21. 0
22. 0
23. 0
24. 0
25. 0
26. 0
27. 1
28. 0
29. 0
30. 0
31. 0
32. 1
33. 0
34. 0
35. 0
36. 0
37. 0
38. 0
39. 1
40. 0
41. 0
42. 0
43. 0
44. 0
45. 0
46. 0
47. 1
48. 0
49. 0
50. 0
51. 0
52. 1
53. 2
54. 0
55. 0
56. 1
57. 1
58. 8
59. 0
60. 1
61. 0
62. 0
63. 0
64. 0
65. 0
66. 0
67. 1
68. 0
69. 1
70. 1
71. 1
72. 0
73. 0
74. 0
75. 1
76. 0
77. 1
78. 0
79. 0
80. 1
81. 0
82. 0
83. 1
84. 0
85. 0
86. 0
87. 0
88. 0
89. 0
90. 0
91. 0
92. 1
93. 0
94. 0
95. 0
96. 0
97. 0
98. 0
99. 1
100. 1
101. 0
102. 0
103. 1
104. 0
105. 1
106. 0
107. 0
108. 0
109. 0
110. 0
111. 0
112. 0
113. 0
114. 0
115. 0
116. 0
117. 0
118. 0
119. 0
120. 0
121. 0
122. 0
123. 1
124. 0
125. 0
126. 0
127. 1
128. 0
129. 0
130. 0
131. 0
132. 1
133. 0
134. 2
135. 0
136. 0
137. 0
138. 1
139. 1
140. 0
141. 0
142. 0
143. 0
144. 0
145. 0
146. 0
147. 0
148. 0
149. 0
150. 0
151. 1
152. 0
153. 0
154. 0
155. 1
156. 1
157. 0
158. 1
159. 0
160. 0
161. 0
162. 1
163. 0
164. 0
165. 1
166. 0
167. 0
168. 0
169. 1
170. 0
171. 0
172. 0
173. 0
174. 0
175. 1
176. 1
177. 0
178. 1
179. 1
180. 1
181. 0
182. 1
183. 0
184. 0
185. 0
186. 1
187. 0
188. 0
189. 0
190. 0
191. 0
192. 1
193. 0
194. 1
195. 0
196. 0
197. 0
198. 1
199. 0
200. 0