4369.txt
1. 2
2. 1
3. 1
4. 1
5. 0
6. 1
7. 2
8. 2
9. 1
10. 0
11. 1
12. 1
13. 2
14. 1
15. 1
16. 0
17. 1
18. 0
19. 0
20. 0
21. 0
22. 2
23. 0
24. 1
25. 0
26. 1
27. 1
28. 1
29. 0
30. 0
31. 0
32. 0
33. 0
34. 0
35. 1
36. 2
37. 1
38. 0
39. 0
40. 0
41. 0
42. 1
43. 0
44. 0
45. 1
46. 1
47. 0
48. 1
49. 0
50. 1
51. 1
52. 2
53. 0
54. 1
55. 0
56. 1
57. 0
58. 0
59. 0
60. 1
61. 0
62. 0
63. 1
64. 0
65. 1
66. 1
67. 0
68. 0
69. 1
70. 0
71. 0
72. 1
73. 1
74. 0
75. 0
76. 2
77. 1
78. 2
79. 0
80. 0
81. 0
82. 1
83. 1
84. 0
85. 1
86. 0
87. 1
88. 1
89. 2
90. 0
91. 0
92. 1
93. 1
94. 1
95. 0
96. 0
97. 2
98. 0
99. 0
100. 1
101. 1
102. 0
103. 0
104. 2
105. 1
106. 1
107. 0
108. 0
109. 0
110. 0
111. 1
112. 1
113. 0
114. 1
115. 0
116. 1
117. 0
118. 0
119. 1
120. 0
121. 0
122. 0
123. 0
124. 0
125. 0
126. 1
127. 2
128. 0
129. 0
130. 1
131. 1
132. 1
133. 1
134. 1
135. 0
136. 2
137. 0
138. 0
139. 0
140. 1
141. 0
142. 0
143. 1
144. 0
145. 0
146. 0
147. 1
148. 2
149. 1
150. 0
151. 0
152. 1
153. 0
154. 0
155. 1
156. 1
157. 0
158. 1
159. 0
160. 0
161. 2
162. 1
163. 0
164. 0
165. 0
166. 0
167. 1
168. 0
169. 1
170. 1
171. 0
172. 1
173. 0
174. 1
175. 0
176. 1
177. 0
178. 10
179. 0
180. 1
181. 1
182. 1
183. 1
184. 0
185. 1
186. 2
187. 0
188. 0
189. 0
190. 0
191. 0
192. 1
193. 0
194. 1
195. 0
196. 0
197. 0
198. 1
199. 0
200. 1