4419.txt
1. 2
2. 1
3. 1
4. 0
5. 0
6. 1
7. 2
8. 1
9. 2
10. 0
11. 1
12. 1
13. 1
14. 0
15. 1
16. 1
17. 1
18. 1
19. 1
20. 1
21. 0
22. 0
23. 1
24. 1
25. 0
26. 1
27. 0
28. 1
29. 1
30. 0
31. 1
32. 0
33. 1
34. 0
35. 0
36. 0
37. 1
38. 0
39. 0
40. 1
41. 1
42. 1
43. 1
44. 1
45. 1
46. 1
47. 1
48. 1
49. 0
50. 1
51. 0
52. 0
53. 0
54. 1
55. 2
56. 0
57. 0
58. 1
59. 1
60. 0
61. 1
62. 2
63. 1
64. 0
65. 0
66. 0
67. 0
68. 0
69. 1
70. 0
71. 1
72. 1
73. 1
74. 0
75. 0
76. 1
77. 0
78. 2
79. 0
80. 0
81. 0
82. 0
83. 0
84. 0
85. 1
86. 1
87. 1
88. 1
89. 1
90. 0
91. 0
92. 1
93. 2
94. 0
95. 1
96. 0
97. 2
98. 1
99. 1
100. 0
101. 1
102. 0
103. 1
104. 1
105. 0
106. 2
107. 1
108. 0
109. 0
110. 0
111. 0
112. 1
113. 0
114. 1
115. 0
116. 0
117. 0
118. 1
119. 0
120. 0
121. 0
122. 1
123. 0
124. 0
125. 1
126. 1
127. 0
128. 1
129. 1
130. 1
131. 0
132. 0
133. 0
134. 0
135. 1
136. 0
137. 0
138. 1
139. 1
140. 0
141. 0
142. 1
143. 0
144. 1
145. 0
146. 0
147. 2
148. 0
149. 0
150. 0
151. 0
152. 0
153. 0
154. 0
155. 0
156. 2
157. 1
158. 1
159. 1
160. 0
161. 1
162. 1
163. 0
164. 0
165. 0
166. 1
167. 0
168. 0
169. 1
170. 0
171. 0
172. 0
173. 1
174. 1
175. 0
176. 0
177. 1
178. 0
179. 0
180. 1
181. 1
182. 0
183. 1
184. 0
185. 0
186. 1
187. 0
188. 0
189. 1
190. 1
191. 0
192. 0
193. 0
194. 0
195. 0
196. 0
197. 0
198. 2
199. 0
200. 0