4455.txt
1. 0
2. 1
3. 2
4. 1
5. 1
6. 0
7. 1
8. 1
9. 0
10. 0
11. 0
12. 1
13. 1
14. 0
15. 2
16. 1
17. 0
18. 0
19. 0
20. 1
21. 1
22. 2
23. 0
24. 0
25. 0
26. 0
27. 0
28. 0
29. 0
30. 0
31. 1
32. 1
33. 0
34. 1
35. 1
36. 1
37. 0
38. 1
39. 0
40. 1
41. 1
42. 1
43. 1
44. 0
45. 2
46. 0
47. 0
48. 0
49. 0
50. 0
51. 0
52. 0
53. 0
54. 1
55. 0
56. 0
57. 0
58. 1
59. 1
60. 0
61. 1
62. 0
63. 0
64. 0
65. 0
66. 0
67. 0
68. 0
69. 0
70. 1
71. 0
72. 0
73. 0
74. 0
75. 1
76. 1
77. 0
78. 1
79. 0
80. 0
81. 0
82. 0
83. 1
84. 0
85. 0
86. 1
87. 2
88. 0
89. 0
90. 0
91. 0
92. 0
93. 1
94. 0
95. 0
96. 0
97. 0
98. 0
99. 0
100. 0
101. 1
102. 0
103. 0
104. 1
105. 1
106. 1
107. 0
108. 0
109. 2
110. 1
111. 0
112. 0
113. 1
114. 0
115. 2
116. 0
117. 1
118. 0
119. 0
120. 0
121. 1
122. 0
123. 0
124. 1
125. 0
126. 1
127. 1
128. 0
129. 0
130. 0
131. 0
132. 1
133. 1
134. 1
135. 0
136. 1
137. 0
138. 2
139. 2
140. 0
141. 0
142. 0
143. 0
144. 0
145. 0
146. 0
147. 0
148. 0
149. 0
150. 0
151. 1
152. 1
153. 1
154. 1
155. 0
156. 0
157. 1
158. 0
159. 1
160. 0
161. 0
162. 0
163. 1
164. 0
165. 0
166. 0
167. 0
168. 0
169. 1
170. 0
171. 0
172. 1
173. 0
174. 1
175. 1
176. 0
177. 1
178. 0
179. 0
180. 0
181. 0
182. 1
183. 0
184. 0
185. 1
186. 0
187. 0
188. 0
189. 0
190. 1
191. 0
192. 0
193. 0
194. 0
195. 0
196. 0
197. 2
198. 0
199. 0
200. 0