4470.txt
1. 1
2. 2
3. 1
4. 1
5. 0
6. 3
7. 0
8. 1
9. 0
10. 1
11. 0
12. 0
13. 2
14. 0
15. 0
16. 1
17. 1
18. 1
19. 3
20. 0
21. 0
22. 1
23. 0
24. 1
25. 1
26. 1
27. 0
28. 0
29. 0
30. 0
31. 0
32. 0
33. 1
34. 1
35. 1
36. 1
37. 1
38. 0
39. 0
40. 1
41. 0
42. 1
43. 0
44. 1
45. 0
46. 0
47. 1
48. 0
49. 0
50. 1
51. 0
52. 0
53. 0
54. 0
55. 0
56. 1
57. 1
58. 0
59. 0
60. 0
61. 1
62. 0
63. 1
64. 1
65. 0
66. 1
67. 1
68. 0
69. 2
70. 0
71. 0
72. 0
73. 1
74. 0
75. 1
76. 0
77. 2
78. 1
79. 0
80. 0
81. 1
82. 0
83. 0
84. 0
85. 0
86. 0
87. 0
88. 1
89. 0
90. 1
91. 1
92. 0
93. 1
94. 0
95. 1
96. 1
97. 1
98. 1
99. 1
100. 0
101. 1
102. 1
103. 0
104. 1
105. 0
106. 0
107. 1
108. 0
109. 2
110. 0
111. 0
112. 0
113. 0
114. 0
115. 1
116. 0
117. 1
118. 0
119. 1
120. 0
121. 0
122. 2
123. 0
124. 2
125. 0
126. 1
127. 1
128. 1
129. 0
130. 0
131. 0
132. 1
133. 0
134. 0
135. 0
136. 1
137. 0
138. 0
139. 0
140. 1
141. 1
142. 0
143. 0
144. 0
145. 1
146. 1
147. 0
148. 0
149. 1
150. 1
151. 1
152. 0
153. 0
154. 1
155. 1
156. 0
157. 0
158. 0
159. 0
160. 0
161. 0
162. 0
163. 0
164. 0
165. 0
166. 1
167. 1
168. 1
169. 1
170. 1
171. 0
172. 0
173. 1
174. 1
175. 0
176. 1
177. 0
178. 2
179. 2
180. 2
181. 0
182. 0
183. 2
184. 1
185. 1
186. 1
187. 0
188. 0
189. 0
190. 0
191. 0
192. 2
193. 2
194. 0
195. 1
196. 2
197. 0
198. 0
199. 0
200. 2