453.txt
1. 7
2. 3
3. 1
4. 2
5. 4
6. 1
7. 3
8. 3
9. 4
10. 2
11. 1
12. 3
13. 2
14. 4
15. 3
16. 1
17. 1
18. 1
19. 1
20. 2
21. 1
22. 1
23. 1
24. 2
25. 2
26. 1
27. 1
28. 1
29. 1
30. 3
31. 1
32. 1
33. 1
34. 2
35. 2
36. 2
37. 1
38. 1
39. 1
40. 1
41. 3
42. 3
43. 1
44. 1
45. 1
46. 1
47. 2
48. 1
49. 2
50. 1
51. 2
52. 2
53. 1
54. 1
55. 2
56. 1
57. 1
58. 2
59. 1
60. 1
61. 1
62. 1
63. 1
64. 1
65. 1
66. 1
67. 1
68. 2
69. 1
70. 1
71. 2
72. 1
73. 1
74. 1
75. 2
76. 2
77. 1
78. 1
79. 2
80. 1
81. 1
82. 1
83. 1
84. 2
85. 1
86. 2
87. 1
88. 2
89. 1
90. 2
91. 1
92. 1
93. 1
94. 2
95. 3
96. 1
97. 3
98. 2
99. 1
100. 5
101. 1
102. 1
103. 1
104. 1
105. 1
106. 1
107. 1
108. 1
109. 3
110. 1
111. 1
112. 3
113. 1
114. 2
115. 1
116. 3
117. 1
118. 1
119. 1
120. 2
121. 2
122. 1
123. 1
124. 1
125. 1
126. 1
127. 1
128. 2
129. 1
130. 1
131. 1
132. 1
133. 1
134. 1
135. 1
136. 1
137. 1
138. 3
139. 4
140. 1
141. 1
142. 1
143. 1
144. 2
145. 1
146. 2
147. 1
148. 2
149. 1
150. 2
151. 1
152. 1
153. 2
154. 1
155. 1
156. 2
157. 1
158. 1
159. 3
160. 1
161. 1
162. 1
163. 1
164. 1
165. 2
166. 1
167. 1
168. 1
169. 1
170. 1
171. 1
172. 2
173. 3
174. 1
175. 1
176. 1
177. 1
178. 1
179. 2
180. 1
181. 1
182. 2
183. 1
184. 2
185. 2
186. 2
187. 1
188. 1
189. 1
190. 1
191. 1
192. 1
193. 3
194. 2
195. 1
196. 1
197. 1
198. 1
199. 1
200. 1