4553.txt
1. 0
2. 1
3. 1
4. 0
5. 0
6. 0
7. 1
8. 0
9. 0
10. 0
11. 0
12. 1
13. 0
14. 1
15. 0
16. 1
17. 1
18. 0
19. 0
20. 0
21. 1
22. 1
23. 0
24. 0
25. 0
26. 1
27. 0
28. 0
29. 2
30. 0
31. 0
32. 1
33. 1
34. 0
35. 0
36. 1
37. 0
38. 0
39. 1
40. 0
41. 0
42. 0
43. 0
44. 1
45. 1
46. 0
47. 0
48. 0
49. 0
50. 0
51. 0
52. 0
53. 1
54. 0
55. 0
56. 1
57. 1
58. 0
59. 0
60. 1
61. 0
62. 1
63. 0
64. 0
65. 0
66. 0
67. 1
68. 0
69. 0
70. 0
71. 0
72. 0
73. 0
74. 0
75. 0
76. 0
77. 0
78. 1
79. 0
80. 0
81. 0
82. 0
83. 0
84. 0
85. 1
86. 0
87. 1
88. 0
89. 1
90. 0
91. 0
92. 0
93. 0
94. 0
95. 0
96. 1
97. 0
98. 1
99. 0
100. 1
101. 0
102. 0
103. 0
104. 0
105. 0
106. 0
107. 0
108. 0
109. 0
110. 0
111. 0
112. 1
113. 0
114. 1
115. 0
116. 0
117. 0
118. 0
119. 0
120. 1
121. 0
122. 0
123. 1
124. 0
125. 0
126. 0
127. 0
128. 0
129. 0
130. 1
131. 1
132. 1
133. 1
134. 0
135. 0
136. 0
137. 0
138. 0
139. 0
140. 0
141. 0
142. 0
143. 0
144. 1
145. 0
146. 0
147. 1
148. 0
149. 1
150. 0
151. 0
152. 1
153. 1
154. 0
155. 0
156. 0
157. 1
158. 1
159. 0
160. 0
161. 0
162. 0
163. 0
164. 0
165. 1
166. 0
167. 1
168. 0
169. 0
170. 1
171. 0
172. 0
173. 0
174. 1
175. 0
176. 0
177. 0
178. 0
179. 0
180. 0
181. 1
182. 0
183. 1
184. 1
185. 0
186. 0
187. 1
188. 0
189. 0
190. 0
191. 0
192. 0
193. 0
194. 0
195. 0
196. 1
197. 0
198. 0
199. 0
200. 0