4562.txt
1. 0
2. 1
3. 2
4. 1
5. 1
6. 1
7. 0
8. 1
9. 0
10. 0
11. 2
12. 0
13. 1
14. 1
15. 1
16. 0
17. 1
18. 2
19. 0
20. 0
21. 2
22. 0
23. 0
24. 0
25. 0
26. 1
27. 0
28. 0
29. 0
30. 0
31. 2
32. 2
33. 0
34. 1
35. 0
36. 0
37. 0
38. 1
39. 1
40. 0
41. 0
42. 0
43. 0
44. 0
45. 0
46. 0
47. 0
48. 0
49. 0
50. 1
51. 1
52. 0
53. 1
54. 0
55. 0
56. 1
57. 0
58. 1
59. 0
60. 0
61. 0
62. 1
63. 1
64. 0
65. 1
66. 0
67. 0
68. 0
69. 0
70. 0
71. 0
72. 0
73. 1
74. 1
75. 0
76. 0
77. 0
78. 0
79. 1
80. 1
81. 0
82. 0
83. 0
84. 1
85. 1
86. 0
87. 0
88. 1
89. 0
90. 0
91. 0
92. 0
93. 0
94. 0
95. 0
96. 0
97. 0
98. 1
99. 0
100. 1
101. 1
102. 0
103. 1
104. 0
105. 0
106. 0
107. 1
108. 0
109. 0
110. 0
111. 1
112. 0
113. 2
114. 0
115. 0
116. 1
117. 0
118. 0
119. 0
120. 0
121. 0
122. 1
123. 0
124. 0
125. 0
126. 0
127. 1
128. 0
129. 0
130. 0
131. 0
132. 0
133. 0
134. 1
135. 0
136. 0
137. 0
138. 0
139. 1
140. 0
141. 0
142. 0
143. 0
144. 0
145. 0
146. 1
147. 0
148. 0
149. 0
150. 0
151. 0
152. 0
153. 1
154. 0
155. 0
156. 0
157. 0
158. 0
159. 0
160. 0
161. 1
162. 1
163. 0
164. 0
165. 0
166. 1
167. 0
168. 0
169. 1
170. 1
171. 1
172. 0
173. 0
174. 0
175. 0
176. 1
177. 0
178. 0
179. 3
180. 0
181. 0
182. 0
183. 0
184. 0
185. 0
186. 0
187. 2
188. 0
189. 1
190. 1
191. 1
192. 0
193. 2
194. 0
195. 1
196. 0
197. 2
198. 1
199. 0
200. 0