4571.txt
1. 1
2. 1
3. 0
4. 1
5. 2
6. 0
7. 0
8. 0
9. 1
10. 0
11. 2
12. 0
13. 0
14. 2
15. 0
16. 1
17. 1
18. 1
19. 0
20. 1
21. 0
22. 1
23. 0
24. 0
25. 1
26. 1
27. 1
28. 0
29. 1
30. 1
31. 1
32. 1
33. 1
34. 0
35. 0
36. 1
37. 0
38. 1
39. 0
40. 1
41. 0
42. 0
43. 0
44. 0
45. 1
46. 0
47. 1
48. 0
49. 0
50. 1
51. 1
52. 1
53. 1
54. 0
55. 1
56. 0
57. 2
58. 0
59. 1
60. 1
61. 0
62. 0
63. 1
64. 0
65. 1
66. 0
67. 1
68. 0
69. 1
70. 0
71. 0
72. 0
73. 0
74. 1
75. 0
76. 0
77. 0
78. 1
79. 1
80. 0
81. 1
82. 1
83. 1
84. 1
85. 0
86. 0
87. 1
88. 1
89. 1
90. 0
91. 1
92. 0
93. 1
94. 0
95. 0
96. 0
97. 0
98. 0
99. 0
100. 1
101. 1
102. 0
103. 1
104. 0
105. 0
106. 0
107. 0
108. 0
109. 1
110. 0
111. 0
112. 0
113. 0
114. 0
115. 1
116. 0
117. 0
118. 0
119. 1
120. 2
121. 0
122. 0
123. 0
124. 0
125. 0
126. 0
127. 0
128. 1
129. 0
130. 0
131. 1
132. 1
133. 0
134. 0
135. 0
136. 0
137. 0
138. 0
139. 0
140. 0
141. 0
142. 0
143. 0
144. 0
145. 0
146. 1
147. 1
148. 0
149. 0
150. 0
151. 0
152. 0
153. 0
154. 0
155. 0
156. 0
157. 0
158. 1
159. 0
160. 0
161. 0
162. 0
163. 0
164. 1
165. 0
166. 0
167. 0
168. 0
169. 0
170. 0
171. 0
172. 0
173. 0
174. 0
175. 0
176. 0
177. 0
178. 0
179. 0
180. 0
181. 0
182. 0
183. 0
184. 1
185. 0
186. 0
187. 1
188. 0
189. 1
190. 0
191. 0
192. 0
193. 1
194. 0
195. 1
196. 0
197. 2
198. 1
199. 0
200. 0