4572.txt
1. 0
2. 1
3. 0
4. 1
5. 1
6. 1
7. 0
8. 2
9. 1
10. 0
11. 1
12. 0
13. 0
14. 0
15. 0
16. 0
17. 0
18. 0
19. 0
20. 2
21. 0
22. 0
23. 0
24. 1
25. 1
26. 0
27. 1
28. 0
29. 0
30. 3
31. 0
32. 0
33. 0
34. 0
35. 0
36. 0
37. 0
38. 0
39. 0
40. 0
41. 0
42. 1
43. 0
44. 0
45. 1
46. 0
47. 0
48. 1
49. 0
50. 0
51. 0
52. 0
53. 1
54. 0
55. 1
56. 1
57. 0
58. 0
59. 0
60. 1
61. 0
62. 0
63. 0
64. 0
65. 0
66. 1
67. 0
68. 0
69. 1
70. 0
71. 0
72. 0
73. 0
74. 0
75. 2
76. 1
77. 1
78. 0
79. 0
80. 2
81. 0
82. 0
83. 0
84. 1
85. 0
86. 0
87. 0
88. 0
89. 0
90. 0
91. 0
92. 0
93. 0
94. 0
95. 1
96. 0
97. 0
98. 0
99. 0
100. 2
101. 0
102. 0
103. 0
104. 0
105. 0
106. 0
107. 0
108. 1
109. 0
110. 0
111. 1
112. 1
113. 1
114. 1
115. 1
116. 0
117. 0
118. 1
119. 0
120. 0
121. 3
122. 0
123. 3
124. 0
125. 1
126. 0
127. 2
128. 0
129. 1
130. 0
131. 0
132. 0
133. 1
134. 0
135. 1
136. 1
137. 0
138. 0
139. 0
140. 0
141. 0
142. 0
143. 1
144. 1
145. 0
146. 0
147. 0
148. 1
149. 0
150. 0
151. 0
152. 0
153. 0
154. 1
155. 0
156. 0
157. 1
158. 0
159. 0
160. 2
161. 0
162. 0
163. 0
164. 0
165. 1
166. 0
167. 0
168. 0
169. 0
170. 1
171. 1
172. 0
173. 0
174. 0
175. 0
176. 1
177. 0
178. 0
179. 0
180. 1
181. 0
182. 0
183. 1
184. 0
185. 1
186. 1
187. 1
188. 1
189. 0
190. 0
191. 1
192. 1
193. 0
194. 1
195. 1
196. 0
197. 0
198. 0
199. 0
200. 1