4597.txt
1. 6
2. 3
3. 2
4. 3
5. 1
6. 0
7. 2
8. 0
9. 3
10. 1
11. 3
12. 1
13. 2
14. 0
15. 2
16. 2
17. 1
18. 0
19. 1
20. 3
21. 2
22. 1
23. 2
24. 2
25. 0
26. 1
27. 2
28. 2
29. 0
30. 1
31. 1
32. 1
33. 0
34. 1
35. 1
36. 0
37. 2
38. 1
39. 2
40. 0
41. 0
42. 0
43. 2
44. 1
45. 2
46. 0
47. 1
48. 3
49. 2
50. 1
51. 2
52. 0
53. 0
54. 1
55. 0
56. 0
57. 1
58. 1
59. 3
60. 1
61. 0
62. 1
63. 2
64. 0
65. 1
66. 1
67. 1
68. 0
69. 1
70. 1
71. 1
72. 3
73. 3
74. 1
75. 1
76. 1
77. 1
78. 2
79. 1
80. 3
81. 2
82. 1
83. 1
84. 1
85. 0
86. 0
87. 1
88. 0
89. 1
90. 0
91. 1
92. 1
93. 2
94. 1
95. 1
96. 1
97. 1
98. 1
99. 0
100. 1
101. 0
102. 1
103. 2
104. 0
105. 1
106. 1
107. 1
108. 2
109. 1
110. 2
111. 2
112. 1
113. 1
114. 0
115. 0
116. 1
117. 1
118. 1
119. 2
120. 1
121. 2
122. 0
123. 2
124. 0
125. 1
126. 1
127. 1
128. 1
129. 1
130. 1
131. 1
132. 2
133. 2
134. 0
135. 1
136. 1
137. 1
138. 1
139. 1
140. 2
141. 2
142. 0
143. 1
144. 1
145. 4
146. 2
147. 1
148. 1
149. 1
150. 0
151. 2
152. 2
153. 1
154. 1
155. 2
156. 0
157. 1
158. 2
159. 1
160. 2
161. 1
162. 1
163. 1
164. 1
165. 1
166. 1
167. 1
168. 2
169. 1
170. 1
171. 1
172. 2
173. 1
174. 1
175. 2
176. 1
177. 1
178. 0
179. 2
180. 1
181. 1
182. 2
183. 2
184. 2
185. 1
186. 1
187. 1
188. 0
189. 2
190. 1
191. 2
192. 0
193. 2
194. 1
195. 1
196. 1
197. 1
198. 1
199. 1
200. 1