4633.txt
1. 0
2. 1
3. 1
4. 0
5. 0
6. 0
7. 1
8. 0
9. 1
10. 2
11. 1
12. 0
13. 0
14. 1
15. 0
16. 1
17. 1
18. 2
19. 0
20. 0
21. 1
22. 0
23. 1
24. 2
25. 1
26. 0
27. 1
28. 0
29. 0
30. 1
31. 0
32. 1
33. 1
34. 1
35. 0
36. 1
37. 0
38. 0
39. 0
40. 0
41. 0
42. 0
43. 0
44. 1
45. 0
46. 1
47. 1
48. 0
49. 2
50. 0
51. 1
52. 1
53. 1
54. 1
55. 0
56. 0
57. 0
58. 1
59. 1
60. 0
61. 0
62. 0
63. 1
64. 0
65. 0
66. 0
67. 0
68. 1
69. 0
70. 1
71. 0
72. 0
73. 0
74. 0
75. 0
76. 0
77. 0
78. 0
79. 0
80. 0
81. 1
82. 0
83. 0
84. 0
85. 1
86. 0
87. 0
88. 0
89. 0
90. 0
91. 1
92. 0
93. 0
94. 0
95. 0
96. 1
97. 0
98. 0
99. 1
100. 0
101. 1
102. 1
103. 0
104. 0
105. 0
106. 0
107. 0
108. 0
109. 1
110. 2
111. 0
112. 1
113. 0
114. 1
115. 0
116. 0
117. 0
118. 0
119. 1
120. 1
121. 0
122. 0
123. 2
124. 0
125. 2
126. 1
127. 1
128. 0
129. 1
130. 0
131. 1
132. 0
133. 0
134. 0
135. 0
136. 0
137. 0
138. 0
139. 0
140. 0
141. 0
142. 0
143. 0
144. 1
145. 0
146. 0
147. 0
148. 0
149. 1
150. 0
151. 0
152. 0
153. 1
154. 1
155. 0
156. 0
157. 0
158. 1
159. 0
160. 1
161. 1
162. 0
163. 1
164. 0
165. 1
166. 1
167. 0
168. 2
169. 0
170. 0
171. 1
172. 0
173. 0
174. 0
175. 1
176. 0
177. 0
178. 0
179. 1
180. 0
181. 1
182. 1
183. 0
184. 0
185. 0
186. 0
187. 0
188. 1
189. 0
190. 0
191. 1
192. 0
193. 0
194. 1
195. 0
196. 0
197. 0
198. 0
199. 1
200. 0