4644.txt
1. 1
2. 2
3. 1
4. 0
5. 0
6. 1
7. 2
8. 0
9. 0
10. 0
11. 1
12. 1
13. 1
14. 0
15. 0
16. 0
17. 0
18. 0
19. 1
20. 0
21. 0
22. 0
23. 1
24. 0
25. 0
26. 0
27. 1
28. 1
29. 0
30. 2
31. 0
32. 0
33. 0
34. 1
35. 0
36. 0
37. 0
38. 0
39. 0
40. 1
41. 0
42. 1
43. 1
44. 0
45. 0
46. 0
47. 0
48. 0
49. 1
50. 0
51. 0
52. 0
53. 0
54. 0
55. 0
56. 0
57. 2
58. 0
59. 0
60. 1
61. 0
62. 0
63. 1
64. 0
65. 0
66. 0
67. 0
68. 0
69. 0
70. 1
71. 1
72. 0
73. 0
74. 0
75. 0
76. 0
77. 0
78. 0
79. 0
80. 1
81. 0
82. 1
83. 0
84. 1
85. 0
86. 0
87. 0
88. 0
89. 0
90. 0
91. 0
92. 0
93. 0
94. 1
95. 1
96. 1
97. 1
98. 1
99. 0
100. 0
101. 0
102. 0
103. 0
104. 1
105. 0
106. 0
107. 0
108. 0
109. 0
110. 0
111. 0
112. 0
113. 0
114. 0
115. 0
116. 0
117. 0
118. 0
119. 0
120. 1
121. 1
122. 0
123. 0
124. 0
125. 0
126. 1
127. 0
128. 0
129. 0
130. 0
131. 1
132. 0
133. 2
134. 0
135. 0
136. 0
137. 0
138. 2
139. 1
140. 0
141. 0
142. 1
143. 1
144. 1
145. 0
146. 0
147. 0
148. 1
149. 1
150. 0
151. 0
152. 1
153. 0
154. 0
155. 0
156. 0
157. 0
158. 0
159. 0
160. 0
161. 0
162. 1
163. 0
164. 0
165. 0
166. 1
167. 0
168. 1
169. 0
170. 0
171. 0
172. 0
173. 0
174. 1
175. 0
176. 0
177. 0
178. 0
179. 0
180. 0
181. 1
182. 0
183. 0
184. 1
185. 1
186. 0
187. 0
188. 0
189. 10
190. 0
191. 0
192. 0
193. 1
194. 0
195. 0
196. 0
197. 2
198. 0
199. 1
200. 0