4654.txt
1. 1
2. 1
3. 6
4. 0
5. 1
6. 0
7. 1
8. 1
9. 1
10. 2
11. 1
12. 0
13. 0
14. 4
15. 0
16. 0
17. 0
18. 2
19. 0
20. 0
21. 0
22. 7
23. 0
24. 2
25. 1
26. 0
27. 0
28. 0
29. 0
30. 0
31. 0
32. 0
33. 2
34. 3
35. 1
36. 0
37. 1
38. 1
39. 1
40. 0
41. 0
42. 0
43. 0
44. 0
45. 1
46. 0
47. 0
48. 6
49. 0
50. 0
51. 1
52. 0
53. 0
54. 0
55. 0
56. 1
57. 0
58. 0
59. 1
60. 0
61. 0
62. 0
63. 0
64. 1
65. 0
66. 3
67. 4
68. 0
69. 0
70. 0
71. 2
72. 1
73. 1
74. 0
75. 0
76. 1
77. 0
78. 0
79. 0
80. 0
81. 0
82. 2
83. 0
84. 0
85. 0
86. 1
87. 0
88. 0
89. 0
90. 0
91. 0
92. 0
93. 0
94. 0
95. 0
96. 1
97. 1
98. 1
99. 1
100. 0
101. 0
102. 2
103. 0
104. 0
105. 0
106. 0
107. 0
108. 0
109. 0
110. 0
111. 2
112. 1
113. 0
114. 0
115. 0
116. 2
117. 0
118. 2
119. 0
120. 0
121. 0
122. 0
123. 0
124. 0
125. 0
126. 0
127. 0
128. 0
129. 0
130. 1
131. 1
132. 0
133. 0
134. 1
135. 0
136. 0
137. 0
138. 0
139. 0
140. 0
141. 0
142. 1
143. 0
144. 0
145. 0
146. 0
147. 0
148. 0
149. 0
150. 1
151. 0
152. 2
153. 0
154. 0
155. 0
156. 0
157. 1
158. 0
159. 0
160. 2
161. 0
162. 0
163. 0
164. 1
165. 0
166. 1
167. 1
168. 1
169. 0
170. 0
171. 0
172. 0
173. 1
174. 0
175. 1
176. 0
177. 0
178. 0
179. 1
180. 0
181. 1
182. 0
183. 0
184. 0
185. 0
186. 1
187. 0
188. 0
189. 0
190. 0
191. 1
192. 0
193. 1
194. 0
195. 2
196. 1
197. 0
198. 1
199. 0
200. 0