467.txt
1. 1
2. 2
3. 1
4. 0
5. 0
6. 0
7. 0
8. 0
9. 1
10. 1
11. 0
12. 0
13. 0
14. 0
15. 1
16. 0
17. 1
18. 0
19. 0
20. 0
21. 0
22. 1
23. 1
24. 0
25. 0
26. 1
27. 0
28. 2
29. 2
30. 1
31. 0
32. 0
33. 0
34. 0
35. 1
36. 2
37. 0
38. 1
39. 1
40. 0
41. 0
42. 1
43. 0
44. 0
45. 0
46. 0
47. 2
48. 0
49. 0
50. 0
51. 0
52. 0
53. 0
54. 0
55. 0
56. 0
57. 1
58. 0
59. 0
60. 1
61. 0
62. 0
63. 0
64. 0
65. 1
66. 0
67. 0
68. 1
69. 0
70. 1
71. 0
72. 0
73. 1
74. 1
75. 0
76. 0
77. 0
78. 1
79. 0
80. 0
81. 1
82. 0
83. 0
84. 1
85. 1
86. 1
87. 0
88. 0
89. 1
90. 10
91. 0
92. 0
93. 0
94. 0
95. 0
96. 0
97. 0
98. 2
99. 0
100. 0
101. 0
102. 0
103. 0
104. 0
105. 0
106. 0
107. 1
108. 0
109. 0
110. 0
111. 0
112. 1
113. 0
114. 0
115. 1
116. 1
117. 1
118. 0
119. 1
120. 0
121. 0
122. 0
123. 0
124. 0
125. 1
126. 1
127. 0
128. 0
129. 1
130. 0
131. 1
132. 0
133. 0
134. 0
135. 1
136. 0
137. 0
138. 0
139. 1
140. 1
141. 0
142. 0
143. 0
144. 0
145. 1
146. 0
147. 0
148. 1
149. 1
150. 0
151. 0
152. 1
153. 0
154. 0
155. 0
156. 1
157. 0
158. 0
159. 1
160. 0
161. 0
162. 0
163. 0
164. 0
165. 0
166. 0
167. 0
168. 0
169. 1
170. 0
171. 0
172. 1
173. 0
174. 1
175. 0
176. 0
177. 0
178. 0
179. 0
180. 2
181. 0
182. 1
183. 0
184. 0
185. 0
186. 0
187. 0
188. 0
189. 0
190. 0
191. 0
192. 0
193. 0
194. 0
195. 0
196. 0
197. 0
198. 1
199. 1
200. 0