4681.txt
1. 2
2. 1
3. 0
4. 1
5. 1
6. 0
7. 1
8. 1
9. 0
10. 1
11. 1
12. 1
13. 0
14. 2
15. 0
16. 0
17. 0
18. 0
19. 0
20. 1
21. 1
22. 1
23. 0
24. 0
25. 1
26. 0
27. 1
28. 0
29. 0
30. 0
31. 0
32. 0
33. 1
34. 1
35. 0
36. 1
37. 0
38. 0
39. 1
40. 1
41. 1
42. 1
43. 0
44. 0
45. 2
46. 1
47. 1
48. 0
49. 0
50. 0
51. 0
52. 0
53. 0
54. 0
55. 0
56. 0
57. 0
58. 0
59. 2
60. 2
61. 0
62. 0
63. 1
64. 1
65. 1
66. 1
67. 0
68. 0
69. 1
70. 0
71. 1
72. 0
73. 0
74. 0
75. 0
76. 0
77. 0
78. 1
79. 0
80. 0
81. 1
82. 0
83. 0
84. 0
85. 0
86. 1
87. 0
88. 1
89. 0
90. 0
91. 1
92. 0
93. 0
94. 0
95. 0
96. 0
97. 0
98. 0
99. 0
100. 0
101. 0
102. 1
103. 0
104. 1
105. 1
106. 0
107. 1
108. 0
109. 0
110. 0
111. 0
112. 0
113. 1
114. 0
115. 0
116. 0
117. 0
118. 1
119. 1
120. 1
121. 1
122. 1
123. 1
124. 1
125. 1
126. 1
127. 1
128. 0
129. 1
130. 0
131. 0
132. 0
133. 1
134. 0
135. 0
136. 0
137. 0
138. 1
139. 0
140. 0
141. 0
142. 1
143. 0
144. 0
145. 0
146. 0
147. 0
148. 0
149. 0
150. 0
151. 0
152. 1
153. 0
154. 0
155. 0
156. 0
157. 1
158. 0
159. 0
160. 0
161. 0
162. 1
163. 0
164. 1
165. 0
166. 0
167. 1
168. 0
169. 0
170. 0
171. 0
172. 1
173. 0
174. 1
175. 0
176. 0
177. 0
178. 0
179. 0
180. 1
181. 1
182. 1
183. 1
184. 1
185. 0
186. 0
187. 0
188. 0
189. 1
190. 1
191. 2
192. 0
193. 2
194. 1
195. 1
196. 1
197. 0
198. 0
199. 0
200. 0