4705.txt
1. 0
2. 0
3. 1
4. 1
5. 1
6. 1
7. 0
8. 2
9. 0
10. 1
11. 0
12. 1
13. 0
14. 0
15. 0
16. 0
17. 1
18. 1
19. 0
20. 1
21. 0
22. 0
23. 0
24. 1
25. 0
26. 0
27. 0
28. 0
29. 0
30. 1
31. 1
32. 0
33. 0
34. 1
35. 0
36. 2
37. 1
38. 1
39. 0
40. 0
41. 0
42. 0
43. 0
44. 0
45. 0
46. 2
47. 1
48. 0
49. 0
50. 0
51. 1
52. 0
53. 0
54. 0
55. 0
56. 0
57. 0
58. 0
59. 1
60. 0
61. 0
62. 0
63. 0
64. 0
65. 1
66. 0
67. 1
68. 0
69. 0
70. 1
71. 1
72. 0
73. 0
74. 0
75. 1
76. 2
77. 1
78. 1
79. 0
80. 1
81. 0
82. 1
83. 1
84. 1
85. 0
86. 1
87. 1
88. 1
89. 1
90. 1
91. 1
92. 1
93. 1
94. 0
95. 1
96. 0
97. 0
98. 0
99. 1
100. 1
101. 1
102. 0
103. 1
104. 1
105. 1
106. 1
107. 0
108. 0
109. 1
110. 0
111. 2
112. 0
113. 1
114. 0
115. 0
116. 0
117. 0
118. 0
119. 0
120. 1
121. 0
122. 0
123. 0
124. 1
125. 0
126. 1
127. 0
128. 1
129. 0
130. 0
131. 0
132. 1
133. 1
134. 1
135. 0
136. 0
137. 0
138. 1
139. 0
140. 0
141. 0
142. 1
143. 1
144. 0
145. 0
146. 0
147. 0
148. 1
149. 0
150. 1
151. 0
152. 0
153. 0
154. 1
155. 1
156. 1
157. 1
158. 1
159. 0
160. 1
161. 1
162. 0
163. 1
164. 0
165. 0
166. 1
167. 0
168. 1
169. 0
170. 0
171. 1
172. 0
173. 1
174. 0
175. 0
176. 1
177. 0
178. 0
179. 1
180. 0
181. 0
182. 1
183. 2
184. 0
185. 1
186. 0
187. 0
188. 2
189. 0
190. 1
191. 0
192. 1
193. 0
194. 0
195. 0
196. 1
197. 0
198. 1
199. 0
200. 0