4784.txt
1. 2
2. 1
3. 0
4. 0
5. 1
6. 1
7. 0
8. 1
9. 2
10. 3
11. 1
12. 1
13. 1
14. 0
15. 0
16. 1
17. 1
18. 0
19. 1
20. 0
21. 1
22. 0
23. 0
24. 0
25. 2
26. 0
27. 0
28. 0
29. 1
30. 0
31. 0
32. 0
33. 0
34. 0
35. 0
36. 1
37. 0
38. 0
39. 1
40. 0
41. 2
42. 1
43. 2
44. 0
45. 0
46. 0
47. 0
48. 1
49. 0
50. 0
51. 1
52. 1
53. 0
54. 0
55. 0
56. 0
57. 1
58. 1
59. 0
60. 2
61. 3
62. 0
63. 0
64. 0
65. 0
66. 0
67. 0
68. 1
69. 1
70. 0
71. 0
72. 2
73. 2
74. 0
75. 0
76. 1
77. 1
78. 0
79. 0
80. 0
81. 0
82. 0
83. 0
84. 2
85. 0
86. 0
87. 0
88. 0
89. 0
90. 1
91. 2
92. 1
93. 1
94. 1
95. 0
96. 0
97. 0
98. 0
99. 0
100. 1
101. 0
102. 1
103. 0
104. 1
105. 0
106. 0
107. 0
108. 0
109. 0
110. 1
111. 0
112. 0
113. 0
114. 0
115. 0
116. 1
117. 0
118. 0
119. 0
120. 2
121. 0
122. 0
123. 0
124. 1
125. 0
126. 0
127. 0
128. 1
129. 2
130. 1
131. 0
132. 0
133. 0
134. 1
135. 0
136. 0
137. 0
138. 0
139. 0
140. 0
141. 0
142. 2
143. 1
144. 0
145. 2
146. 1
147. 0
148. 0
149. 1
150. 0
151. 0
152. 0
153. 1
154. 0
155. 1
156. 0
157. 0
158. 2
159. 0
160. 0
161. 2
162. 0
163. 1
164. 0
165. 0
166. 0
167. 0
168. 0
169. 0
170. 0
171. 1
172. 1
173. 1
174. 1
175. 0
176. 0
177. 1
178. 1
179. 1
180. 0
181. 2
182. 0
183. 0
184. 0
185. 0
186. 0
187. 0
188. 0
189. 0
190. 0
191. 0
192. 2
193. 1
194. 0
195. 0
196. 0
197. 0
198. 0
199. 1
200. 2