4807.txt
1. 1
2. 0
3. 2
4. 0
5. 0
6. 0
7. 2
8. 1
9. 1
10. 0
11. 0
12. 0
13. 1
14. 0
15. 1
16. 0
17. 1
18. 0
19. 0
20. 2
21. 1
22. 0
23. 0
24. 0
25. 0
26. 0
27. 0
28. 0
29. 1
30. 0
31. 0
32. 0
33. 0
34. 0
35. 0
36. 1
37. 0
38. 1
39. 2
40. 1
41. 1
42. 1
43. 1
44. 0
45. 0
46. 0
47. 0
48. 1
49. 1
50. 0
51. 1
52. 0
53. 0
54. 0
55. 0
56. 0
57. 1
58. 1
59. 0
60. 0
61. 0
62. 0
63. 0
64. 1
65. 0
66. 0
67. 1
68. 0
69. 1
70. 0
71. 2
72. 0
73. 0
74. 1
75. 0
76. 0
77. 0
78. 0
79. 0
80. 0
81. 0
82. 1
83. 0
84. 0
85. 0
86. 1
87. 0
88. 0
89. 0
90. 0
91. 0
92. 0
93. 0
94. 1
95. 0
96. 2
97. 1
98. 1
99. 0
100. 0
101. 0
102. 0
103. 0
104. 1
105. 0
106. 0
107. 0
108. 0
109. 1
110. 0
111. 0
112. 1
113. 0
114. 1
115. 0
116. 1
117. 0
118. 1
119. 1
120. 1
121. 0
122. 0
123. 0
124. 0
125. 1
126. 1
127. 1
128. 1
129. 0
130. 0
131. 1
132. 0
133. 0
134. 0
135. 1
136. 0
137. 0
138. 1
139. 1
140. 0
141. 1
142. 1
143. 0
144. 1
145. 0
146. 2
147. 0
148. 0
149. 1
150. 1
151. 0
152. 0
153. 0
154. 0
155. 0
156. 0
157. 0
158. 0
159. 0
160. 0
161. 1
162. 0
163. 0
164. 1
165. 0
166. 0
167. 1
168. 0
169. 0
170. 0
171. 0
172. 0
173. 0
174. 1
175. 0
176. 1
177. 0
178. 0
179. 0
180. 0
181. 0
182. 0
183. 1
184. 0
185. 0
186. 1
187. 0
188. 0
189. 0
190. 1
191. 0
192. 0
193. 2
194. 1
195. 0
196. 1
197. 0
198. 0
199. 0
200. 1