4827.txt
1. 1
2. 0
3. 0
4. 0
5. 2
6. 0
7. 1
8. 0
9. 0
10. 0
11. 0
12. 3
13. 0
14. 1
15. 0
16. 2
17. 1
18. 1
19. 1
20. 0
21. 0
22. 0
23. 0
24. 0
25. 0
26. 0
27. 1
28. 0
29. 2
30. 0
31. 1
32. 2
33. 0
34. 0
35. 0
36. 1
37. 0
38. 0
39. 0
40. 0
41. 0
42. 0
43. 0
44. 1
45. 0
46. 0
47. 0
48. 0
49. 0
50. 1
51. 0
52. 1
53. 0
54. 0
55. 1
56. 0
57. 0
58. 1
59. 0
60. 0
61. 0
62. 0
63. 0
64. 0
65. 2
66. 0
67. 1
68. 0
69. 0
70. 1
71. 1
72. 0
73. 0
74. 0
75. 0
76. 0
77. 0
78. 0
79. 1
80. 0
81. 1
82. 1
83. 1
84. 0
85. 0
86. 0
87. 1
88. 1
89. 0
90. 1
91. 0
92. 0
93. 0
94. 1
95. 0
96. 1
97. 1
98. 0
99. 0
100. 0
101. 0
102. 0
103. 1
104. 1
105. 0
106. 1
107. 0
108. 0
109. 0
110. 0
111. 1
112. 1
113. 0
114. 0
115. 0
116. 1
117. 0
118. 0
119. 0
120. 0
121. 0
122. 0
123. 0
124. 2
125. 0
126. 0
127. 0
128. 0
129. 0
130. 1
131. 0
132. 0
133. 0
134. 0
135. 0
136. 0
137. 0
138. 1
139. 1
140. 0
141. 0
142. 0
143. 0
144. 0
145. 0
146. 0
147. 0
148. 1
149. 0
150. 0
151. 1
152. 1
153. 0
154. 1
155. 0
156. 1
157. 1
158. 0
159. 1
160. 0
161. 0
162. 0
163. 0
164. 0
165. 0
166. 0
167. 1
168. 0
169. 1
170. 0
171. 0
172. 0
173. 0
174. 0
175. 1
176. 1
177. 0
178. 0
179. 0
180. 0
181. 1
182. 0
183. 0
184. 0
185. 0
186. 0
187. 0
188. 0
189. 0
190. 1
191. 2
192. 1
193. 0
194. 0
195. 0
196. 0
197. 1
198. 0
199. 2
200. 0