4905.txt
1. 2
2. 1
3. 2
4. 7
5. 3
6. 0
7. 1
8. 0
9. 1
10. 1
11. 1
12. 2
13. 1
14. 1
15. 0
16. 0
17. 1
18. 0
19. 0
20. 0
21. 2
22. 0
23. 0
24. 1
25. 0
26. 1
27. 0
28. 1
29. 0
30. 0
31. 2
32. 0
33. 0
34. 0
35. 0
36. 1
37. 0
38. 1
39. 1
40. 0
41. 0
42. 0
43. 0
44. 1
45. 0
46. 0
47. 0
48. 0
49. 0
50. 1
51. 0
52. 2
53. 0
54. 0
55. 0
56. 0
57. 2
58. 1
59. 0
60. 0
61. 1
62. 0
63. 0
64. 1
65. 0
66. 1
67. 0
68. 0
69. 0
70. 0
71. 0
72. 1
73. 0
74. 1
75. 0
76. 1
77. 2
78. 2
79. 2
80. 0
81. 0
82. 0
83. 1
84. 1
85. 1
86. 0
87. 0
88. 0
89. 1
90. 2
91. 1
92. 1
93. 0
94. 1
95. 0
96. 2
97. 0
98. 0
99. 0
100. 0
101. 1
102. 0
103. 0
104. 0
105. 0
106. 0
107. 0
108. 0
109. 0
110. 0
111. 0
112. 0
113. 1
114. 1
115. 2
116. 1
117. 0
118. 0
119. 1
120. 0
121. 1
122. 0
123. 0
124. 0
125. 0
126. 0
127. 0
128. 0
129. 0
130. 2
131. 0
132. 1
133. 1
134. 0
135. 0
136. 0
137. 0
138. 1
139. 0
140. 0
141. 0
142. 2
143. 1
144. 0
145. 0
146. 0
147. 0
148. 0
149. 0
150. 0
151. 1
152. 0
153. 0
154. 0
155. 1
156. 0
157. 0
158. 0
159. 1
160. 0
161. 0
162. 0
163. 1
164. 1
165. 0
166. 0
167. 3
168. 0
169. 0
170. 2
171. 0
172. 0
173. 1
174. 0
175. 0
176. 0
177. 0
178. 1
179. 0
180. 0
181. 0
182. 0
183. 0
184. 1
185. 0
186. 0
187. 0
188. 0
189. 0
190. 0
191. 1
192. 1
193. 1
194. 1
195. 0
196. 1
197. 1
198. 1
199. 0
200. 0