4909.txt
1. 2
2. 1
3. 1
4. 0
5. 1
6. 0
7. 1
8. 2
9. 0
10. 2
11. 2
12. 0
13. 1
14. 1
15. 2
16. 0
17. 0
18. 1
19. 1
20. 1
21. 0
22. 0
23. 1
24. 0
25. 1
26. 0
27. 2
28. 0
29. 1
30. 1
31. 0
32. 1
33. 0
34. 0
35. 1
36. 1
37. 1
38. 0
39. 0
40. 1
41. 1
42. 0
43. 0
44. 0
45. 0
46. 0
47. 0
48. 8
49. 2
50. 0
51. 0
52. 0
53. 0
54. 1
55. 0
56. 1
57. 0
58. 0
59. 0
60. 0
61. 1
62. 0
63. 1
64. 1
65. 0
66. 0
67. 1
68. 0
69. 1
70. 0
71. 0
72. 1
73. 0
74. 0
75. 6
76. 0
77. 0
78. 0
79. 0
80. 0
81. 0
82. 0
83. 0
84. 1
85. 0
86. 1
87. 0
88. 4
89. 0
90. 1
91. 0
92. 0
93. 1
94. 1
95. 0
96. 0
97. 0
98. 0
99. 0
100. 0
101. 1
102. 0
103. 1
104. 0
105. 0
106. 1
107. 0
108. 0
109. 0
110. 0
111. 0
112. 0
113. 0
114. 2
115. 0
116. 0
117. 0
118. 0
119. 1
120. 0
121. 0
122. 0
123. 0
124. 1
125. 0
126. 1
127. 2
128. 0
129. 0
130. 0
131. 0
132. 0
133. 1
134. 1
135. 0
136. 0
137. 1
138. 0
139. 0
140. 0
141. 0
142. 0
143. 0
144. 2
145. 0
146. 0
147. 1
148. 1
149. 0
150. 1
151. 0
152. 0
153. 0
154. 0
155. 0
156. 0
157. 1
158. 1
159. 0
160. 1
161. 0
162. 0
163. 0
164. 0
165. 0
166. 2
167. 1
168. 1
169. 0
170. 0
171. 0
172. 0
173. 1
174. 0
175. 0
176. 1
177. 0
178. 0
179. 0
180. 1
181. 0
182. 0
183. 0
184. 1
185. 0
186. 0
187. 0
188. 1
189. 0
190. 2
191. 1
192. 1
193. 2
194. 0
195. 0
196. 0
197. 0
198. 0
199. 2
200. 1