4917.txt
1. 1
2. 1
3. 7
4. 0
5. 0
6. 1
7. 1
8. 0
9. 1
10. 1
11. 0
12. 1
13. 0
14. 0
15. 0
16. 0
17. 2
18. 0
19. 1
20. 1
21. 0
22. 1
23. 1
24. 2
25. 1
26. 1
27. 0
28. 0
29. 1
30. 0
31. 2
32. 0
33. 1
34. 2
35. 0
36. 2
37. 0
38. 0
39. 0
40. 1
41. 0
42. 2
43. 0
44. 1
45. 0
46. 3
47. 0
48. 1
49. 1
50. 3
51. 0
52. 2
53. 0
54. 0
55. 1
56. 1
57. 1
58. 0
59. 0
60. 1
61. 1
62. 0
63. 0
64. 0
65. 0
66. 1
67. 0
68. 0
69. 0
70. 0
71. 1
72. 2
73. 0
74. 0
75. 0
76. 1
77. 1
78. 0
79. 1
80. 1
81. 0
82. 1
83. 0
84. 1
85. 0
86. 1
87. 1
88. 2
89. 2
90. 2
91. 1
92. 1
93. 0
94. 1
95. 0
96. 0
97. 3
98. 0
99. 1
100. 0
101. 0
102. 0
103. 2
104. 0
105. 0
106. 1
107. 0
108. 0
109. 0
110. 0
111. 0
112. 0
113. 1
114. 0
115. 2
116. 1
117. 0
118. 0
119. 1
120. 0
121. 0
122. 1
123. 0
124. 1
125. 0
126. 0
127. 2
128. 0
129. 0
130. 1
131. 1
132. 0
133. 1
134. 1
135. 0
136. 2
137. 0
138. 1
139. 1
140. 0
141. 0
142. 0
143. 0
144. 0
145. 2
146. 1
147. 0
148. 0
149. 0
150. 1
151. 0
152. 0
153. 2
154. 0
155. 0
156. 1
157. 1
158. 0
159. 1
160. 1
161. 0
162. 1
163. 0
164. 0
165. 1
166. 0
167. 1
168. 1
169. 0
170. 0
171. 2
172. 1
173. 1
174. 1
175. 0
176. 1
177. 1
178. 0
179. 3
180. 0
181. 0
182. 0
183. 1
184. 0
185. 1
186. 0
187. 0
188. 1
189. 0
190. 2
191. 1
192. 0
193. 0
194. 0
195. 2
196. 1
197. 0
198. 0
199. 1
200. 1