4933.txt
1. 1
2. 1
3. 7
4. 0
5. 1
6. 2
7. 3
8. 0
9. 0
10. 1
11. 0
12. 0
13. 1
14. 0
15. 1
16. 0
17. 0
18. 1
19. 1
20. 2
21. 1
22. 1
23. 1
24. 0
25. 0
26. 0
27. 1
28. 1
29. 0
30. 1
31. 1
32. 0
33. 0
34. 1
35. 0
36. 1
37. 2
38. 3
39. 1
40. 1
41. 1
42. 1
43. 1
44. 2
45. 1
46. 0
47. 0
48. 2
49. 1
50. 1
51. 1
52. 0
53. 0
54. 1
55. 2
56. 0
57. 1
58. 0
59. 0
60. 1
61. 1
62. 2
63. 1
64. 1
65. 1
66. 1
67. 1
68. 1
69. 0
70. 2
71. 3
72. 0
73. 1
74. 1
75. 3
76. 1
77. 0
78. 1
79. 1
80. 1
81. 2
82. 1
83. 1
84. 0
85. 1
86. 1
87. 2
88. 0
89. 7
90. 1
91. 3
92. 0
93. 0
94. 1
95. 0
96. 1
97. 0
98. 1
99. 0
100. 1
101. 2
102. 0
103. 0
104. 1
105. 1
106. 1
107. 1
108. 1
109. 1
110. 0
111. 0
112. 1
113. 2
114. 2
115. 0
116. 0
117. 1
118. 2
119. 1
120. 1
121. 1
122. 0
123. 1
124. 0
125. 0
126. 1
127. 3
128. 1
129. 0
130. 0
131. 1
132. 2
133. 1
134. 0
135. 1
136. 1
137. 1
138. 1
139. 1
140. 0
141. 0
142. 1
143. 1
144. 2
145. 1
146. 1
147. 1
148. 2
149. 0
150. 1
151. 0
152. 1
153. 0
154. 0
155. 1
156. 2
157. 1
158. 0
159. 1
160. 2
161. 2
162. 0
163. 0
164. 2
165. 1
166. 1
167. 0
168. 1
169. 1
170. 1
171. 0
172. 1
173. 1
174. 0
175. 0
176. 1
177. 2
178. 1
179. 1
180. 0
181. 2
182. 1
183. 0
184. 1
185. 0
186. 1
187. 0
188. 1
189. 1
190. 0
191. 1
192. 2
193. 2
194. 1
195. 0
196. 0
197. 0
198. 1
199. 1
200. 1