4948.txt
1. 0
2. 1
3. 0
4. 0
5. 1
6. 1
7. 1
8. 1
9. 0
10. 1
11. 1
12. 2
13. 0
14. 0
15. 0
16. 0
17. 1
18. 0
19. 0
20. 1
21. 0
22. 2
23. 1
24. 0
25. 0
26. 1
27. 0
28. 1
29. 1
30. 1
31. 0
32. 0
33. 1
34. 0
35. 1
36. 1
37. 0
38. 0
39. 0
40. 0
41. 0
42. 0
43. 0
44. 0
45. 0
46. 0
47. 0
48. 0
49. 0
50. 0
51. 0
52. 0
53. 0
54. 0
55. 0
56. 0
57. 0
58. 0
59. 1
60. 1
61. 1
62. 0
63. 0
64. 0
65. 1
66. 1
67. 0
68. 0
69. 0
70. 0
71. 0
72. 1
73. 1
74. 0
75. 0
76. 1
77. 1
78. 1
79. 1
80. 0
81. 1
82. 0
83. 0
84. 1
85. 1
86. 0
87. 0
88. 0
89. 1
90. 1
91. 0
92. 1
93. 0
94. 1
95. 0
96. 0
97. 0
98. 0
99. 0
100. 0
101. 0
102. 1
103. 0
104. 0
105. 0
106. 0
107. 1
108. 1
109. 0
110. 1
111. 0
112. 0
113. 1
114. 0
115. 0
116. 1
117. 1
118. 0
119. 0
120. 0
121. 0
122. 0
123. 0
124. 0
125. 0
126. 1
127. 0
128. 0
129. 1
130. 0
131. 0
132. 0
133. 1
134. 0
135. 0
136. 0
137. 0
138. 0
139. 1
140. 1
141. 0
142. 1
143. 1
144. 0
145. 0
146. 1
147. 1
148. 2
149. 0
150. 0
151. 0
152. 1
153. 0
154. 0
155. 0
156. 1
157. 1
158. 0
159. 1
160. 1
161. 0
162. 1
163. 0
164. 0
165. 0
166. 1
167. 0
168. 0
169. 0
170. 0
171. 1
172. 0
173. 0
174. 2
175. 1
176. 1
177. 1
178. 0
179. 0
180. 0
181. 1
182. 1
183. 0
184. 0
185. 1
186. 1
187. 0
188. 0
189. 0
190. 1
191. 1
192. 1
193. 0
194. 0
195. 1
196. 0
197. 1
198. 0
199. 0
200. 1