4970.txt
1. 1
2. 0
3. 2
4. 0
5. 0
6. 0
7. 3
8. 0
9. 1
10. 1
11. 1
12. 1
13. 1
14. 0
15. 0
16. 1
17. 0
18. 0
19. 2
20. 0
21. 1
22. 2
23. 1
24. 2
25. 2
26. 1
27. 1
28. 0
29. 1
30. 0
31. 1
32. 0
33. 0
34. 0
35. 0
36. 0
37. 0
38. 0
39. 1
40. 1
41. 0
42. 1
43. 1
44. 1
45. 0
46. 2
47. 0
48. 1
49. 1
50. 1
51. 1
52. 1
53. 1
54. 1
55. 1
56. 0
57. 1
58. 0
59. 0
60. 0
61. 0
62. 0
63. 1
64. 0
65. 0
66. 1
67. 0
68. 0
69. 0
70. 0
71. 0
72. 0
73. 1
74. 0
75. 0
76. 1
77. 0
78. 0
79. 0
80. 0
81. 0
82. 0
83. 0
84. 0
85. 0
86. 0
87. 0
88. 0
89. 1
90. 0
91. 0
92. 1
93. 1
94. 0
95. 0
96. 1
97. 0
98. 1
99. 1
100. 0
101. 1
102. 1
103. 1
104. 1
105. 1
106. 1
107. 0
108. 1
109. 2
110. 1
111. 1
112. 1
113. 2
114. 0
115. 0
116. 0
117. 2
118. 1
119. 0
120. 0
121. 0
122. 1
123. 0
124. 0
125. 2
126. 1
127. 0
128. 0
129. 0
130. 0
131. 0
132. 0
133. 0
134. 0
135. 1
136. 0
137. 1
138. 0
139. 1
140. 0
141. 0
142. 0
143. 0
144. 0
145. 1
146. 0
147. 1
148. 0
149. 0
150. 0
151. 0
152. 0
153. 1
154. 0
155. 0
156. 0
157. 0
158. 1
159. 1
160. 2
161. 0
162. 1
163. 0
164. 0
165. 0
166. 0
167. 0
168. 0
169. 1
170. 0
171. 0
172. 1
173. 0
174. 0
175. 0
176. 1
177. 0
178. 0
179. 1
180. 2
181. 1
182. 1
183. 0
184. 0
185. 0
186. 1
187. 1
188. 0
189. 0
190. 0
191. 1
192. 0
193. 1
194. 1
195. 1
196. 1
197. 0
198. 0
199. 2
200. 1