4972.txt
1. 0
2. 1
3. 1
4. 0
5. 1
6. 0
7. 0
8. 0
9. 2
10. 0
11. 2
12. 0
13. 0
14. 0
15. 0
16. 1
17. 0
18. 1
19. 2
20. 1
21. 0
22. 0
23. 1
24. 1
25. 0
26. 2
27. 0
28. 1
29. 0
30. 1
31. 0
32. 1
33. 0
34. 0
35. 0
36. 1
37. 0
38. 0
39. 0
40. 1
41. 0
42. 1
43. 0
44. 0
45. 1
46. 0
47. 1
48. 0
49. 0
50. 0
51. 0
52. 0
53. 1
54. 1
55. 1
56. 0
57. 0
58. 0
59. 0
60. 0
61. 0
62. 1
63. 0
64. 0
65. 0
66. 2
67. 0
68. 0
69. 0
70. 0
71. 1
72. 1
73. 0
74. 0
75. 0
76. 0
77. 0
78. 0
79. 2
80. 0
81. 0
82. 1
83. 1
84. 0
85. 0
86. 1
87. 0
88. 0
89. 0
90. 0
91. 0
92. 0
93. 1
94. 2
95. 2
96. 0
97. 1
98. 0
99. 1
100. 0
101. 0
102. 0
103. 0
104. 0
105. 0
106. 1
107. 0
108. 0
109. 0
110. 0
111. 1
112. 0
113. 1
114. 0
115. 2
116. 0
117. 0
118. 1
119. 0
120. 0
121. 0
122. 0
123. 0
124. 0
125. 0
126. 0
127. 1
128. 0
129. 0
130. 0
131. 0
132. 0
133. 0
134. 0
135. 1
136. 0
137. 0
138. 0
139. 0
140. 0
141. 0
142. 0
143. 0
144. 1
145. 0
146. 0
147. 1
148. 0
149. 0
150. 0
151. 0
152. 0
153. 0
154. 0
155. 0
156. 0
157. 0
158. 0
159. 0
160. 0
161. 0
162. 0
163. 1
164. 0
165. 0
166. 0
167. 0
168. 0
169. 0
170. 1
171. 0
172. 0
173. 0
174. 0
175. 10
176. 0
177. 1
178. 1
179. 0
180. 1
181. 0
182. 1
183. 0
184. 0
185. 0
186. 0
187. 0
188. 0
189. 0
190. 0
191. 1
192. 0
193. 0
194. 1
195. 0
196. 1
197. 2
198. 1
199. 0
200. 0