4986.txt
1. 1
2. 2
3. 1
4. 1
5. 0
6. 0
7. 2
8. 1
9. 1
10. 0
11. 0
12. 0
13. 0
14. 0
15. 0
16. 2
17. 1
18. 1
19. 1
20. 1
21. 0
22. 2
23. 0
24. 1
25. 0
26. 0
27. 1
28. 2
29. 0
30. 1
31. 0
32. 1
33. 1
34. 0
35. 0
36. 1
37. 0
38. 1
39. 0
40. 0
41. 0
42. 0
43. 0
44. 0
45. 0
46. 0
47. 0
48. 0
49. 1
50. 1
51. 1
52. 0
53. 0
54. 0
55. 0
56. 0
57. 0
58. 0
59. 2
60. 0
61. 0
62. 0
63. 0
64. 1
65. 0
66. 0
67. 1
68. 0
69. 0
70. 0
71. 0
72. 1
73. 0
74. 0
75. 1
76. 0
77. 1
78. 0
79. 0
80. 1
81. 0
82. 1
83. 0
84. 0
85. 0
86. 1
87. 0
88. 0
89. 1
90. 0
91. 0
92. 0
93. 0
94. 0
95. 1
96. 0
97. 1
98. 1
99. 1
100. 0
101. 0
102. 0
103. 0
104. 0
105. 0
106. 0
107. 0
108. 1
109. 1
110. 1
111. 0
112. 0
113. 1
114. 1
115. 0
116. 0
117. 0
118. 0
119. 1
120. 1
121. 1
122. 0
123. 1
124. 0
125. 0
126. 1
127. 0
128. 0
129. 0
130. 1
131. 0
132. 0
133. 0
134. 0
135. 1
136. 0
137. 0
138. 0
139. 1
140. 0
141. 0
142. 1
143. 0
144. 0
145. 1
146. 1
147. 1
148. 1
149. 0
150. 0
151. 1
152. 0
153. 0
154. 0
155. 0
156. 0
157. 1
158. 0
159. 1
160. 0
161. 0
162. 0
163. 1
164. 0
165. 0
166. 1
167. 0
168. 0
169. 2
170. 0
171. 0
172. 0
173. 0
174. 0
175. 0
176. 0
177. 0
178. 0
179. 0
180. 0
181. 0
182. 0
183. 0
184. 1
185. 1
186. 0
187. 1
188. 0
189. 0
190. 0
191. 0
192. 1
193. 1
194. 0
195. 1
196. 0
197. 0
198. 1
199. 0
200. 0