5002.txt
1. 0
2. 0
3. 1
4. 0
5. 1
6. 2
7. 1
8. 0
9. 0
10. 1
11. 0
12. 1
13. 1
14. 0
15. 1
16. 1
17. 1
18. 0
19. 1
20. 0
21. 0
22. 0
23. 2
24. 1
25. 0
26. 1
27. 1
28. 0
29. 2
30. 1
31. 1
32. 0
33. 0
34. 2
35. 0
36. 1
37. 0
38. 1
39. 0
40. 0
41. 0
42. 0
43. 1
44. 1
45. 0
46. 1
47. 0
48. 1
49. 1
50. 0
51. 0
52. 0
53. 1
54. 0
55. 1
56. 0
57. 1
58. 2
59. 0
60. 0
61. 0
62. 0
63. 1
64. 0
65. 0
66. 1
67. 1
68. 1
69. 1
70. 0
71. 0
72. 0
73. 0
74. 2
75. 0
76. 0
77. 0
78. 2
79. 2
80. 0
81. 0
82. 1
83. 1
84. 0
85. 0
86. 0
87. 0
88. 1
89. 1
90. 0
91. 1
92. 1
93. 0
94. 0
95. 0
96. 0
97. 1
98. 1
99. 2
100. 0
101. 1
102. 0
103. 1
104. 0
105. 0
106. 0
107. 1
108. 1
109. 0
110. 0
111. 0
112. 0
113. 0
114. 0
115. 1
116. 2
117. 1
118. 1
119. 0
120. 0
121. 0
122. 0
123. 1
124. 0
125. 0
126. 1
127. 0
128. 0
129. 0
130. 1
131. 0
132. 0
133. 1
134. 1
135. 1
136. 0
137. 1
138. 0
139. 0
140. 0
141. 1
142. 0
143. 0
144. 0
145. 0
146. 1
147. 1
148. 0
149. 1
150. 0
151. 1
152. 1
153. 0
154. 0
155. 1
156. 0
157. 0
158. 0
159. 0
160. 0
161. 0
162. 0
163. 1
164. 0
165. 0
166. 1
167. 1
168. 1
169. 0
170. 0
171. 1
172. 1
173. 0
174. 0
175. 0
176. 0
177. 0
178. 2
179. 0
180. 0
181. 0
182. 1
183. 0
184. 0
185. 0
186. 0
187. 1
188. 1
189. 1
190. 0
191. 1
192. 0
193. 0
194. 0
195. 1
196. 1
197. 0
198. 0
199. 0
200. 0