5020.txt
1. 1
2. 1
3. 0
4. 1
5. 1
6. 1
7. 1
8. 1
9. 0
10. 2
11. 2
12. 1
13. 2
14. 1
15. 0
16. 1
17. 2
18. 2
19. 1
20. 1
21. 2
22. 0
23. 1
24. 2
25. 1
26. 2
27. 0
28. 1
29. 0
30. 1
31. 0
32. 0
33. 1
34. 1
35. 2
36. 1
37. 0
38. 1
39. 0
40. 2
41. 1
42. 1
43. 0
44. 1
45. 0
46. 1
47. 1
48. 0
49. 2
50. 1
51. 0
52. 1
53. 1
54. 1
55. 0
56. 1
57. 0
58. 1
59. 1
60. 0
61. 1
62. 1
63. 1
64. 1
65. 0
66. 1
67. 0
68. 0
69. 1
70. 0
71. 0
72. 1
73. 0
74. 1
75. 0
76. 1
77. 1
78. 2
79. 1
80. 0
81. 1
82. 0
83. 0
84. 2
85. 1
86. 1
87. 1
88. 0
89. 0
90. 1
91. 1
92. 0
93. 1
94. 0
95. 1
96. 0
97. 1
98. 1
99. 0
100. 0
101. 1
102. 1
103. 1
104. 1
105. 1
106. 2
107. 0
108. 1
109. 1
110. 2
111. 1
112. 1
113. 2
114. 2
115. 1
116. 1
117. 1
118. 1
119. 1
120. 2
121. 1
122. 0
123. 1
124. 0
125. 1
126. 1
127. 0
128. 0
129. 1
130. 1
131. 2
132. 0
133. 0
134. 0
135. 0
136. 1
137. 1
138. 1
139. 0
140. 2
141. 0
142. 0
143. 1
144. 1
145. 1
146. 1
147. 2
148. 0
149. 0
150. 1
151. 2
152. 1
153. 1
154. 1
155. 2
156. 0
157. 0
158. 1
159. 2
160. 1
161. 0
162. 0
163. 2
164. 0
165. 1
166. 2
167. 0
168. 1
169. 0
170. 1
171. 0
172. 0
173. 2
174. 0
175. 0
176. 0
177. 1
178. 2
179. 0
180. 1
181. 2
182. 0
183. 1
184. 2
185. 1
186. 2
187. 1
188. 1
189. 0
190. 2
191. 0
192. 0
193. 1
194. 1
195. 1
196. 0
197. 2
198. 1
199. 1
200. 1