5069.txt
1. 1
2. 1
3. 1
4. 2
5. 1
6. 0
7. 0
8. 0
9. 2
10. 0
11. 1
12. 1
13. 1
14. 1
15. 2
16. 0
17. 0
18. 0
19. 0
20. 1
21. 2
22. 0
23. 1
24. 1
25. 3
26. 1
27. 2
28. 0
29. 0
30. 0
31. 0
32. 0
33. 0
34. 0
35. 0
36. 1
37. 1
38. 1
39. 0
40. 0
41. 1
42. 1
43. 0
44. 1
45. 2
46. 1
47. 1
48. 0
49. 0
50. 0
51. 0
52. 2
53. 9
54. 0
55. 0
56. 1
57. 0
58. 0
59. 0
60. 0
61. 2
62. 0
63. 0
64. 1
65. 0
66. 0
67. 0
68. 0
69. 0
70. 0
71. 0
72. 0
73. 0
74. 2
75. 0
76. 1
77. 1
78. 0
79. 2
80. 0
81. 0
82. 1
83. 0
84. 0
85. 1
86. 1
87. 0
88. 1
89. 0
90. 1
91. 0
92. 1
93. 0
94. 0
95. 0
96. 0
97. 1
98. 1
99. 0
100. 2
101. 0
102. 0
103. 0
104. 1
105. 0
106. 0
107. 0
108. 0
109. 0
110. 2
111. 1
112. 1
113. 0
114. 0
115. 0
116. 2
117. 0
118. 0
119. 1
120. 0
121. 0
122. 0
123. 0
124. 0
125. 0
126. 2
127. 0
128. 1
129. 0
130. 1
131. 1
132. 0
133. 0
134. 1
135. 0
136. 0
137. 0
138. 0
139. 0
140. 0
141. 1
142. 2
143. 0
144. 0
145. 0
146. 1
147. 0
148. 1
149. 1
150. 0
151. 0
152. 1
153. 0
154. 2
155. 1
156. 0
157. 1
158. 2
159. 2
160. 0
161. 0
162. 0
163. 0
164. 0
165. 0
166. 0
167. 0
168. 0
169. 0
170. 2
171. 0
172. 0
173. 0
174. 2
175. 0
176. 0
177. 2
178. 1
179. 0
180. 0
181. 0
182. 0
183. 0
184. 0
185. 1
186. 1
187. 0
188. 0
189. 0
190. 2
191. 0
192. 1
193. 0
194. 1
195. 0
196. 0
197. 0
198. 0
199. 0
200. 0