5142.txt
1. 1
2. 1
3. 0
4. 1
5. 2
6. 0
7. 0
8. 0
9. 0
10. 1
11. 0
12. 0
13. 1
14. 0
15. 1
16. 0
17. 0
18. 0
19. 1
20. 0
21. 1
22. 0
23. 0
24. 0
25. 0
26. 1
27. 0
28. 1
29. 1
30. 0
31. 1
32. 0
33. 0
34. 0
35. 0
36. 0
37. 0
38. 0
39. 0
40. 0
41. 0
42. 1
43. 0
44. 1
45. 0
46. 1
47. 0
48. 0
49. 0
50. 0
51. 1
52. 0
53. 0
54. 0
55. 1
56. 1
57. 0
58. 1
59. 0
60. 1
61. 1
62. 1
63. 0
64. 1
65. 0
66. 0
67. 0
68. 0
69. 0
70. 0
71. 0
72. 0
73. 0
74. 1
75. 0
76. 1
77. 0
78. 0
79. 0
80. 1
81. 1
82. 0
83. 0
84. 0
85. 0
86. 1
87. 0
88. 1
89. 0
90. 0
91. 0
92. 2
93. 0
94. 1
95. 0
96. 0
97. 0
98. 0
99. 0
100. 0
101. 1
102. 0
103. 0
104. 0
105. 2
106. 0
107. 0
108. 1
109. 0
110. 0
111. 0
112. 0
113. 0
114. 1
115. 0
116. 0
117. 1
118. 0
119. 1
120. 1
121. 0
122. 0
123. 0
124. 0
125. 0
126. 0
127. 1
128. 0
129. 0
130. 0
131. 1
132. 0
133. 0
134. 0
135. 0
136. 1
137. 0
138. 0
139. 2
140. 0
141. 0
142. 0
143. 0
144. 0
145. 2
146. 0
147. 0
148. 0
149. 1
150. 0
151. 1
152. 0
153. 0
154. 0
155. 0
156. 1
157. 1
158. 0
159. 0
160. 0
161. 0
162. 0
163. 0
164. 0
165. 0
166. 1
167. 0
168. 1
169. 0
170. 0
171. 0
172. 1
173. 0
174. 1
175. 1
176. 0
177. 0
178. 0
179. 0
180. 0
181. 0
182. 0
183. 0
184. 0
185. 0
186. 1
187. 1
188. 1
189. 0
190. 1
191. 0
192. 0
193. 0
194. 0
195. 1
196. 0
197. 0
198. 0
199. 0
200. 0