5180.txt
1. 2
2. 1
3. 1
4. 1
5. 0
6. 0
7. 2
8. 1
9. 0
10. 0
11. 0
12. 1
13. 1
14. 1
15. 1
16. 1
17. 1
18. 1
19. 0
20. 1
21. 1
22. 1
23. 0
24. 0
25. 0
26. 0
27. 0
28. 0
29. 1
30. 0
31. 0
32. 1
33. 0
34. 0
35. 1
36. 0
37. 1
38. 0
39. 0
40. 0
41. 0
42. 0
43. 0
44. 0
45. 2
46. 1
47. 0
48. 1
49. 0
50. 0
51. 0
52. 0
53. 0
54. 0
55. 0
56. 0
57. 0
58. 2
59. 0
60. 0
61. 0
62. 0
63. 1
64. 1
65. 0
66. 0
67. 0
68. 1
69. 0
70. 1
71. 0
72. 0
73. 1
74. 0
75. 0
76. 0
77. 0
78. 0
79. 0
80. 0
81. 0
82. 0
83. 0
84. 0
85. 0
86. 0
87. 0
88. 0
89. 0
90. 1
91. 0
92. 0
93. 0
94. 0
95. 1
96. 0
97. 0
98. 2
99. 0
100. 0
101. 0
102. 0
103. 1
104. 0
105. 0
106. 1
107. 0
108. 0
109. 1
110. 0
111. 0
112. 0
113. 0
114. 0
115. 0
116. 0
117. 0
118. 0
119. 0
120. 0
121. 1
122. 0
123. 0
124. 1
125. 0
126. 0
127. 1
128. 1
129. 0
130. 1
131. 0
132. 0
133. 0
134. 0
135. 1
136. 0
137. 0
138. 0
139. 0
140. 0
141. 0
142. 0
143. 1
144. 0
145. 0
146. 0
147. 0
148. 0
149. 0
150. 0
151. 0
152. 0
153. 0
154. 0
155. 0
156. 0
157. 0
158. 0
159. 0
160. 0
161. 1
162. 0
163. 0
164. 0
165. 0
166. 0
167. 0
168. 1
169. 0
170. 0
171. 0
172. 0
173. 1
174. 1
175. 0
176. 0
177. 0
178. 0
179. 0
180. 0
181. 0
182. 1
183. 0
184. 0
185. 0
186. 0
187. 0
188. 2
189. 0
190. 1
191. 0
192. 0
193. 1
194. 0
195. 0
196. 2
197. 0
198. 1
199. 0
200. 0