5188.txt
1. 1
2. 2
3. 0
4. 1
5. 0
6. 1
7. 1
8. 0
9. 1
10. 0
11. 2
12. 1
13. 0
14. 1
15. 1
16. 1
17. 0
18. 2
19. 0
20. 0
21. 1
22. 1
23. 1
24. 0
25. 0
26. 1
27. 0
28. 0
29. 1
30. 0
31. 1
32. 0
33. 0
34. 0
35. 0
36. 0
37. 0
38. 1
39. 1
40. 0
41. 1
42. 1
43. 2
44. 0
45. 0
46. 1
47. 0
48. 0
49. 0
50. 0
51. 1
52. 0
53. 1
54. 1
55. 0
56. 0
57. 0
58. 0
59. 0
60. 0
61. 1
62. 0
63. 0
64. 0
65. 1
66. 0
67. 0
68. 0
69. 1
70. 0
71. 0
72. 0
73. 0
74. 0
75. 0
76. 1
77. 2
78. 0
79. 0
80. 1
81. 0
82. 1
83. 1
84. 0
85. 0
86. 1
87. 0
88. 0
89. 0
90. 0
91. 0
92. 0
93. 0
94. 0
95. 2
96. 0
97. 0
98. 0
99. 0
100. 0
101. 1
102. 0
103. 0
104. 0
105. 0
106. 1
107. 0
108. 2
109. 0
110. 0
111. 0
112. 0
113. 0
114. 0
115. 1
116. 1
117. 1
118. 0
119. 1
120. 0
121. 1
122. 0
123. 1
124. 0
125. 0
126. 0
127. 0
128. 0
129. 0
130. 0
131. 1
132. 2
133. 0
134. 0
135. 1
136. 0
137. 0
138. 1
139. 0
140. 0
141. 1
142. 0
143. 0
144. 1
145. 0
146. 1
147. 0
148. 1
149. 1
150. 1
151. 0
152. 0
153. 1
154. 0
155. 1
156. 0
157. 0
158. 0
159. 1
160. 1
161. 1
162. 1
163. 2
164. 0
165. 0
166. 0
167. 0
168. 0
169. 0
170. 1
171. 0
172. 0
173. 0
174. 0
175. 0
176. 0
177. 2
178. 0
179. 2
180. 1
181. 0
182. 1
183. 0
184. 1
185. 0
186. 0
187. 1
188. 1
189. 1
190. 0
191. 2
192. 0
193. 1
194. 0
195. 1
196. 1
197. 0
198. 1
199. 0
200. 1