5265.txt
1. 1
2. 1
3. 2
4. 0
5. 2
6. 0
7. 1
8. 1
9. 1
10. 1
11. 3
12. 0
13. 0
14. 0
15. 0
16. 2
17. 0
18. 0
19. 3
20. 0
21. 2
22. 1
23. 1
24. 0
25. 1
26. 0
27. 0
28. 1
29. 0
30. 1
31. 2
32. 1
33. 1
34. 0
35. 0
36. 2
37. 1
38. 0
39. 0
40. 1
41. 0
42. 0
43. 0
44. 1
45. 0
46. 0
47. 0
48. 0
49. 0
50. 1
51. 1
52. 1
53. 0
54. 1
55. 1
56. 3
57. 0
58. 1
59. 0
60. 0
61. 0
62. 0
63. 2
64. 0
65. 0
66. 0
67. 0
68. 0
69. 0
70. 0
71. 0
72. 0
73. 0
74. 0
75. 1
76. 0
77. 0
78. 0
79. 0
80. 0
81. 0
82. 0
83. 0
84. 0
85. 1
86. 0
87. 0
88. 0
89. 1
90. 0
91. 2
92. 0
93. 1
94. 0
95. 0
96. 0
97. 1
98. 2
99. 0
100. 0
101. 0
102. 1
103. 1
104. 0
105. 0
106. 0
107. 0
108. 0
109. 1
110. 0
111. 0
112. 0
113. 1
114. 0
115. 0
116. 0
117. 0
118. 0
119. 0
120. 1
121. 0
122. 0
123. 1
124. 0
125. 0
126. 0
127. 1
128. 1
129. 1
130. 0
131. 1
132. 1
133. 0
134. 0
135. 2
136. 0
137. 0
138. 1
139. 1
140. 1
141. 0
142. 1
143. 1
144. 1
145. 1
146. 1
147. 0
148. 0
149. 0
150. 0
151. 1
152. 0
153. 0
154. 0
155. 3
156. 0
157. 1
158. 1
159. 0
160. 0
161. 0
162. 0
163. 0
164. 0
165. 1
166. 0
167. 0
168. 0
169. 0
170. 0
171. 0
172. 1
173. 1
174. 0
175. 0
176. 0
177. 0
178. 0
179. 2
180. 0
181. 1
182. 0
183. 0
184. 1
185. 0
186. 1
187. 0
188. 0
189. 0
190. 2
191. 0
192. 1
193. 1
194. 0
195. 1
196. 0
197. 0
198. 1
199. 0
200. 0