5281.txt
1. 0
2. 0
3. 1
4. 1
5. 1
6. 0
7. 1
8. 2
9. 1
10. 0
11. 0
12. 1
13. 1
14. 1
15. 0
16. 1
17. 1
18. 0
19. 1
20. 7
21. 0
22. 6
23. 0
24. 0
25. 0
26. 1
27. 0
28. 0
29. 1
30. 0
31. 0
32. 0
33. 1
34. 0
35. 1
36. 0
37. 0
38. 1
39. 0
40. 1
41. 0
42. 2
43. 1
44. 1
45. 1
46. 0
47. 0
48. 0
49. 1
50. 0
51. 0
52. 0
53. 2
54. 0
55. 0
56. 0
57. 0
58. 0
59. 0
60. 0
61. 0
62. 0
63. 1
64. 1
65. 0
66. 2
67. 0
68. 0
69. 0
70. 0
71. 0
72. 1
73. 1
74. 0
75. 1
76. 0
77. 1
78. 0
79. 0
80. 0
81. 1
82. 2
83. 0
84. 0
85. 0
86. 2
87. 0
88. 0
89. 0
90. 0
91. 0
92. 0
93. 1
94. 1
95. 0
96. 1
97. 1
98. 1
99. 0
100. 1
101. 1
102. 1
103. 1
104. 0
105. 0
106. 1
107. 1
108. 1
109. 1
110. 0
111. 1
112. 0
113. 1
114. 0
115. 0
116. 0
117. 1
118. 0
119. 0
120. 0
121. 0
122. 1
123. 2
124. 1
125. 0
126. 0
127. 1
128. 0
129. 0
130. 1
131. 1
132. 2
133. 0
134. 0
135. 1
136. 0
137. 0
138. 0
139. 0
140. 2
141. 1
142. 1
143. 1
144. 1
145. 0
146. 1
147. 0
148. 0
149. 2
150. 2
151. 0
152. 0
153. 0
154. 1
155. 1
156. 0
157. 2
158. 0
159. 1
160. 1
161. 1
162. 0
163. 0
164. 0
165. 0
166. 1
167. 0
168. 0
169. 0
170. 0
171. 1
172. 1
173. 1
174. 1
175. 1
176. 0
177. 1
178. 1
179. 0
180. 0
181. 0
182. 0
183. 1
184. 0
185. 0
186. 0
187. 1
188. 0
189. 0
190. 0
191. 0
192. 0
193. 0
194. 1
195. 1
196. 1
197. 1
198. 1
199. 0
200. 0