5294.txt
1. 0
2. 0
3. 0
4. 0
5. 1
6. 1
7. 0
8. 0
9. 1
10. 1
11. 1
12. 1
13. 0
14. 1
15. 0
16. 2
17. 1
18. 1
19. 1
20. 2
21. 0
22. 1
23. 0
24. 0
25. 0
26. 0
27. 0
28. 0
29. 0
30. 0
31. 1
32. 1
33. 0
34. 1
35. 0
36. 0
37. 1
38. 0
39. 1
40. 1
41. 0
42. 0
43. 0
44. 0
45. 0
46. 1
47. 1
48. 2
49. 1
50. 0
51. 0
52. 1
53. 1
54. 0
55. 1
56. 1
57. 2
58. 0
59. 0
60. 0
61. 1
62. 0
63. 1
64. 0
65. 1
66. 0
67. 2
68. 0
69. 1
70. 0
71. 0
72. 0
73. 1
74. 1
75. 0
76. 0
77. 1
78. 0
79. 0
80. 1
81. 0
82. 0
83. 1
84. 1
85. 1
86. 0
87. 0
88. 0
89. 0
90. 0
91. 0
92. 1
93. 0
94. 0
95. 0
96. 1
97. 0
98. 0
99. 0
100. 0
101. 0
102. 0
103. 0
104. 1
105. 0
106. 0
107. 1
108. 2
109. 0
110. 0
111. 0
112. 0
113. 0
114. 0
115. 0
116. 1
117. 1
118. 0
119. 1
120. 1
121. 1
122. 0
123. 1
124. 0
125. 0
126. 1
127. 0
128. 1
129. 0
130. 0
131. 0
132. 0
133. 0
134. 0
135. 0
136. 1
137. 0
138. 0
139. 0
140. 1
141. 0
142. 0
143. 0
144. 1
145. 1
146. 1
147. 0
148. 0
149. 1
150. 0
151. 1
152. 1
153. 1
154. 0
155. 0
156. 1
157. 0
158. 0
159. 0
160. 1
161. 1
162. 1
163. 0
164. 0
165. 1
166. 1
167. 1
168. 0
169. 1
170. 0
171. 1
172. 0
173. 0
174. 0
175. 1
176. 0
177. 0
178. 0
179. 0
180. 1
181. 0
182. 2
183. 1
184. 0
185. 0
186. 0
187. 0
188. 0
189. 1
190. 0
191. 0
192. 0
193. 0
194. 1
195. 0
196. 1
197. 0
198. 0
199. 0
200. 0