5328.txt
1. 1
2. 1
3. 2
4. 0
5. 0
6. 0
7. 1
8. 1
9. 0
10. 1
11. 1
12. 0
13. 0
14. 1
15. 0
16. 2
17. 0
18. 1
19. 1
20. 0
21. 0
22. 0
23. 0
24. 2
25. 0
26. 1
27. 0
28. 0
29. 0
30. 0
31. 1
32. 0
33. 0
34. 1
35. 0
36. 1
37. 0
38. 1
39. 0
40. 0
41. 1
42. 1
43. 0
44. 1
45. 0
46. 0
47. 0
48. 0
49. 0
50. 1
51. 0
52. 0
53. 0
54. 0
55. 1
56. 0
57. 0
58. 1
59. 1
60. 1
61. 0
62. 0
63. 2
64. 0
65. 0
66. 0
67. 2
68. 1
69. 1
70. 0
71. 1
72. 0
73. 0
74. 0
75. 0
76. 1
77. 1
78. 1
79. 0
80. 0
81. 1
82. 0
83. 0
84. 1
85. 0
86. 1
87. 0
88. 1
89. 0
90. 0
91. 0
92. 1
93. 1
94. 0
95. 0
96. 0
97. 1
98. 1
99. 1
100. 2
101. 1
102. 0
103. 1
104. 1
105. 1
106. 0
107. 2
108. 0
109. 0
110. 0
111. 1
112. 0
113. 0
114. 0
115. 0
116. 1
117. 0
118. 0
119. 2
120. 0
121. 0
122. 0
123. 1
124. 1
125. 0
126. 2
127. 1
128. 0
129. 1
130. 1
131. 0
132. 0
133. 0
134. 0
135. 0
136. 0
137. 1
138. 0
139. 0
140. 1
141. 0
142. 2
143. 1
144. 0
145. 1
146. 1
147. 0
148. 0
149. 1
150. 0
151. 0
152. 1
153. 0
154. 0
155. 0
156. 1
157. 0
158. 1
159. 0
160. 0
161. 0
162. 0
163. 0
164. 0
165. 2
166. 1
167. 1
168. 1
169. 1
170. 0
171. 0
172. 0
173. 0
174. 1
175. 1
176. 1
177. 1
178. 1
179. 0
180. 0
181. 1
182. 0
183. 1
184. 0
185. 0
186. 0
187. 1
188. 0
189. 0
190. 1
191. 0
192. 1
193. 0
194. 0
195. 0
196. 2
197. 0
198. 2
199. 0
200. 1