5351.txt
1. 1
2. 1
3. 0
4. 0
5. 0
6. 0
7. 0
8. 1
9. 0
10. 2
11. 0
12. 1
13. 0
14. 1
15. 0
16. 1
17. 1
18. 1
19. 1
20. 0
21. 0
22. 1
23. 1
24. 0
25. 0
26. 1
27. 0
28. 1
29. 0
30. 1
31. 0
32. 0
33. 0
34. 0
35. 0
36. 0
37. 0
38. 1
39. 0
40. 2
41. 0
42. 0
43. 0
44. 1
45. 1
46. 1
47. 0
48. 1
49. 0
50. 1
51. 0
52. 0
53. 0
54. 0
55. 2
56. 0
57. 1
58. 1
59. 1
60. 0
61. 1
62. 0
63. 1
64. 1
65. 0
66. 0
67. 0
68. 0
69. 1
70. 0
71. 1
72. 1
73. 0
74. 0
75. 0
76. 0
77. 0
78. 0
79. 1
80. 1
81. 0
82. 1
83. 1
84. 0
85. 1
86. 0
87. 0
88. 0
89. 0
90. 1
91. 0
92. 0
93. 1
94. 0
95. 1
96. 0
97. 0
98. 1
99. 0
100. 0
101. 1
102. 0
103. 1
104. 1
105. 0
106. 0
107. 1
108. 1
109. 0
110. 1
111. 1
112. 0
113. 0
114. 0
115. 0
116. 1
117. 0
118. 0
119. 0
120. 0
121. 1
122. 0
123. 1
124. 0
125. 1
126. 1
127. 0
128. 1
129. 1
130. 0
131. 0
132. 1
133. 0
134. 1
135. 0
136. 0
137. 0
138. 1
139. 1
140. 0
141. 1
142. 1
143. 1
144. 0
145. 0
146. 1
147. 1
148. 0
149. 1
150. 0
151. 1
152. 1
153. 1
154. 2
155. 1
156. 1
157. 1
158. 1
159. 0
160. 0
161. 0
162. 0
163. 0
164. 2
165. 0
166. 0
167. 0
168. 2
169. 0
170. 0
171. 1
172. 0
173. 1
174. 0
175. 0
176. 0
177. 1
178. 0
179. 2
180. 0
181. 1
182. 1
183. 2
184. 1
185. 10
186. 1
187. 0
188. 0
189. 0
190. 0
191. 0
192. 0
193. 0
194. 0
195. 1
196. 0
197. 1
198. 1
199. 1
200. 0