5359.txt
1. 1
2. 3
3. 2
4. 0
5. 0
6. 1
7. 0
8. 0
9. 0
10. 1
11. 0
12. 2
13. 2
14. 0
15. 1
16. 2
17. 1
18. 1
19. 1
20. 2
21. 0
22. 0
23. 0
24. 1
25. 0
26. 0
27. 1
28. 1
29. 0
30. 0
31. 0
32. 1
33. 0
34. 1
35. 0
36. 1
37. 1
38. 1
39. 1
40. 1
41. 2
42. 0
43. 1
44. 0
45. 3
46. 0
47. 2
48. 1
49. 0
50. 0
51. 2
52. 1
53. 0
54. 1
55. 7
56. 1
57. 1
58. 0
59. 0
60. 1
61. 0
62. 1
63. 0
64. 0
65. 0
66. 0
67. 0
68. 0
69. 0
70. 0
71. 2
72. 1
73. 1
74. 0
75. 0
76. 1
77. 1
78. 1
79. 0
80. 0
81. 2
82. 2
83. 1
84. 1
85. 1
86. 0
87. 1
88. 1
89. 0
90. 0
91. 1
92. 0
93. 0
94. 0
95. 1
96. 1
97. 0
98. 1
99. 1
100. 1
101. 0
102. 1
103. 0
104. 0
105. 0
106. 1
107. 0
108. 0
109. 2
110. 1
111. 1
112. 0
113. 0
114. 2
115. 1
116. 1
117. 0
118. 0
119. 0
120. 2
121. 0
122. 0
123. 1
124. 0
125. 0
126. 1
127. 1
128. 0
129. 0
130. 0
131. 0
132. 0
133. 0
134. 0
135. 0
136. 0
137. 0
138. 0
139. 0
140. 1
141. 1
142. 1
143. 0
144. 1
145. 2
146. 1
147. 0
148. 1
149. 0
150. 1
151. 0
152. 0
153. 0
154. 1
155. 1
156. 0
157. 0
158. 0
159. 0
160. 0
161. 0
162. 0
163. 0
164. 1
165. 2
166. 1
167. 0
168. 0
169. 0
170. 1
171. 0
172. 0
173. 0
174. 0
175. 0
176. 1
177. 0
178. 2
179. 0
180. 0
181. 0
182. 1
183. 1
184. 0
185. 1
186. 0
187. 0
188. 0
189. 2
190. 0
191. 0
192. 0
193. 0
194. 0
195. 1
196. 0
197. 1
198. 0
199. 1
200. 0