5392.txt
1. 0
2. 7
3. 5
4. 1
5. 0
6. 0
7. 0
8. 2
9. 1
10. 1
11. 0
12. 0
13. 1
14. 0
15. 0
16. 3
17. 1
18. 1
19. 3
20. 1
21. 0
22. 2
23. 0
24. 1
25. 0
26. 0
27. 1
28. 0
29. 1
30. 1
31. 0
32. 2
33. 0
34. 0
35. 0
36. 0
37. 1
38. 0
39. 0
40. 0
41. 0
42. 1
43. 0
44. 2
45. 1
46. 1
47. 0
48. 2
49. 0
50. 0
51. 0
52. 0
53. 1
54. 1
55. 0
56. 1
57. 0
58. 0
59. 0
60. 0
61. 0
62. 0
63. 0
64. 1
65. 1
66. 2
67. 1
68. 1
69. 0
70. 1
71. 1
72. 0
73. 0
74. 1
75. 0
76. 1
77. 0
78. 1
79. 1
80. 1
81. 1
82. 0
83. 0
84. 1
85. 0
86. 0
87. 0
88. 0
89. 0
90. 0
91. 0
92. 1
93. 1
94. 0
95. 0
96. 1
97. 0
98. 0
99. 0
100. 0
101. 0
102. 0
103. 0
104. 1
105. 0
106. 0
107. 1
108. 0
109. 0
110. 0
111. 1
112. 2
113. 1
114. 1
115. 0
116. 0
117. 1
118. 0
119. 0
120. 0
121. 1
122. 0
123. 1
124. 1
125. 0
126. 0
127. 1
128. 1
129. 0
130. 0
131. 0
132. 0
133. 1
134. 0
135. 0
136. 0
137. 0
138. 2
139. 0
140. 1
141. 0
142. 0
143. 0
144. 0
145. 0
146. 0
147. 1
148. 0
149. 0
150. 2
151. 0
152. 1
153. 0
154. 0
155. 0
156. 0
157. 1
158. 0
159. 0
160. 0
161. 0
162. 1
163. 0
164. 0
165. 1
166. 0
167. 0
168. 1
169. 1
170. 0
171. 1
172. 1
173. 0
174. 1
175. 0
176. 0
177. 1
178. 0
179. 0
180. 1
181. 0
182. 1
183. 1
184. 0
185. 0
186. 0
187. 0
188. 1
189. 1
190. 1
191. 2
192. 0
193. 1
194. 0
195. 1
196. 1
197. 1
198. 0
199. 2
200. 0