5415.txt
1. 1
2. 0
3. 0
4. 0
5. 1
6. 1
7. 1
8. 0
9. 0
10. 1
11. 1
12. 1
13. 1
14. 1
15. 0
16. 0
17. 0
18. 0
19. 0
20. 0
21. 0
22. 1
23. 0
24. 1
25. 0
26. 0
27. 0
28. 0
29. 1
30. 0
31. 0
32. 1
33. 0
34. 0
35. 0
36. 0
37. 0
38. 0
39. 1
40. 0
41. 0
42. 2
43. 0
44. 0
45. 1
46. 0
47. 2
48. 0
49. 0
50. 0
51. 1
52. 0
53. 0
54. 0
55. 0
56. 0
57. 0
58. 0
59. 0
60. 0
61. 0
62. 0
63. 0
64. 0
65. 1
66. 0
67. 0
68. 0
69. 0
70. 0
71. 1
72. 0
73. 0
74. 0
75. 0
76. 0
77. 0
78. 1
79. 1
80. 0
81. 0
82. 1
83. 0
84. 1
85. 0
86. 0
87. 1
88. 0
89. 0
90. 1
91. 1
92. 0
93. 0
94. 0
95. 1
96. 0
97. 0
98. 1
99. 0
100. 1
101. 1
102. 2
103. 1
104. 0
105. 0
106. 0
107. 0
108. 0
109. 1
110. 0
111. 0
112. 0
113. 1
114. 0
115. 1
116. 1
117. 1
118. 0
119. 0
120. 0
121. 0
122. 0
123. 0
124. 0
125. 0
126. 0
127. 0
128. 0
129. 0
130. 0
131. 0
132. 0
133. 0
134. 1
135. 0
136. 0
137. 0
138. 0
139. 1
140. 0
141. 0
142. 0
143. 1
144. 1
145. 1
146. 1
147. 0
148. 1
149. 0
150. 0
151. 0
152. 1
153. 0
154. 1
155. 0
156. 0
157. 0
158. 1
159. 0
160. 0
161. 1
162. 0
163. 1
164. 0
165. 0
166. 0
167. 0
168. 0
169. 0
170. 0
171. 1
172. 0
173. 0
174. 0
175. 1
176. 0
177. 0
178. 2
179. 1
180. 0
181. 0
182. 1
183. 1
184. 0
185. 0
186. 0
187. 0
188. 0
189. 1
190. 0
191. 1
192. 0
193. 0
194. 0
195. 1
196. 0
197. 0
198. 2
199. 0
200. 0