5482.txt
1. 2
2. 0
3. 1
4. 3
5. 1
6. 0
7. 0
8. 1
9. 0
10. 2
11. 1
12. 0
13. 1
14. 0
15. 0
16. 0
17. 0
18. 0
19. 1
20. 0
21. 1
22. 1
23. 1
24. 0
25. 2
26. 0
27. 1
28. 1
29. 0
30. 1
31. 0
32. 1
33. 1
34. 0
35. 1
36. 1
37. 0
38. 1
39. 0
40. 0
41. 1
42. 1
43. 1
44. 0
45. 1
46. 1
47. 1
48. 0
49. 0
50. 1
51. 0
52. 0
53. 0
54. 0
55. 0
56. 0
57. 1
58. 0
59. 1
60. 0
61. 2
62. 2
63. 0
64. 0
65. 1
66. 0
67. 1
68. 1
69. 0
70. 1
71. 1
72. 0
73. 1
74. 1
75. 1
76. 0
77. 1
78. 0
79. 0
80. 0
81. 0
82. 1
83. 0
84. 1
85. 1
86. 1
87. 2
88. 1
89. 1
90. 0
91. 0
92. 0
93. 1
94. 1
95. 1
96. 1
97. 0
98. 1
99. 0
100. 0
101. 1
102. 0
103. 0
104. 10
105. 0
106. 0
107. 1
108. 0
109. 0
110. 0
111. 0
112. 1
113. 0
114. 1
115. 1
116. 0
117. 0
118. 1
119. 0
120. 0
121. 0
122. 0
123. 0
124. 0
125. 1
126. 0
127. 0
128. 1
129. 0
130. 2
131. 0
132. 0
133. 0
134. 0
135. 0
136. 0
137. 0
138. 1
139. 0
140. 0
141. 0
142. 0
143. 1
144. 1
145. 0
146. 0
147. 0
148. 0
149. 0
150. 0
151. 0
152. 0
153. 1
154. 1
155. 0
156. 1
157. 0
158. 0
159. 0
160. 0
161. 0
162. 0
163. 1
164. 0
165. 0
166. 0
167. 1
168. 1
169. 1
170. 1
171. 0
172. 0
173. 2
174. 0
175. 0
176. 0
177. 0
178. 1
179. 0
180. 0
181. 0
182. 0
183. 0
184. 1
185. 0
186. 0
187. 0
188. 0
189. 0
190. 0
191. 0
192. 0
193. 0
194. 0
195. 0
196. 0
197. 0
198. 1
199. 0
200. 1