5485.txt
1. 1
2. 2
3. 1
4. 1
5. 0
6. 0
7. 1
8. 2
9. 0
10. 1
11. 1
12. 0
13. 0
14. 0
15. 0
16. 0
17. 1
18. 0
19. 0
20. 1
21. 0
22. 0
23. 0
24. 0
25. 0
26. 0
27. 0
28. 0
29. 0
30. 0
31. 1
32. 0
33. 0
34. 0
35. 1
36. 1
37. 0
38. 1
39. 0
40. 0
41. 0
42. 0
43. 1
44. 0
45. 0
46. 1
47. 0
48. 0
49. 0
50. 1
51. 0
52. 0
53. 1
54. 0
55. 0
56. 0
57. 0
58. 0
59. 1
60. 0
61. 0
62. 0
63. 1
64. 1
65. 0
66. 0
67. 1
68. 0
69. 0
70. 1
71. 0
72. 0
73. 0
74. 0
75. 0
76. 0
77. 1
78. 0
79. 0
80. 0
81. 0
82. 1
83. 0
84. 0
85. 1
86. 0
87. 1
88. 0
89. 1
90. 0
91. 2
92. 1
93. 0
94. 1
95. 0
96. 0
97. 0
98. 1
99. 0
100. 1
101. 0
102. 1
103. 1
104. 1
105. 0
106. 0
107. 0
108. 0
109. 0
110. 0
111. 1
112. 2
113. 1
114. 0
115. 0
116. 0
117. 0
118. 0
119. 0
120. 0
121. 0
122. 1
123. 0
124. 0
125. 1
126. 0
127. 0
128. 0
129. 0
130. 0
131. 0
132. 1
133. 0
134. 1
135. 0
136. 1
137. 0
138. 1
139. 0
140. 0
141. 1
142. 0
143. 0
144. 0
145. 0
146. 1
147. 1
148. 0
149. 0
150. 0
151. 0
152. 0
153. 0
154. 0
155. 1
156. 0
157. 0
158. 0
159. 0
160. 1
161. 0
162. 0
163. 0
164. 1
165. 0
166. 0
167. 0
168. 0
169. 1
170. 2
171. 1
172. 0
173. 0
174. 0
175. 0
176. 0
177. 0
178. 0
179. 0
180. 1
181. 0
182. 0
183. 1
184. 0
185. 1
186. 1
187. 0
188. 0
189. 1
190. 0
191. 1
192. 0
193. 1
194. 0
195. 0
196. 0
197. 0
198. 1
199. 0
200. 0