5494.txt
1. 1
2. 1
3. 0
4. 0
5. 1
6. 1
7. 1
8. 2
9. 1
10. 1
11. 1
12. 2
13. 0
14. 0
15. 1
16. 0
17. 1
18. 1
19. 1
20. 2
21. 1
22. 1
23. 0
24. 0
25. 0
26. 1
27. 0
28. 1
29. 0
30. 0
31. 0
32. 0
33. 1
34. 0
35. 0
36. 2
37. 0
38. 1
39. 1
40. 1
41. 1
42. 1
43. 0
44. 0
45. 0
46. 0
47. 1
48. 1
49. 0
50. 1
51. 1
52. 0
53. 1
54. 1
55. 0
56. 0
57. 1
58. 1
59. 0
60. 0
61. 0
62. 0
63. 0
64. 0
65. 0
66. 1
67. 2
68. 1
69. 0
70. 0
71. 1
72. 1
73. 0
74. 0
75. 0
76. 1
77. 0
78. 0
79. 0
80. 1
81. 0
82. 1
83. 0
84. 2
85. 0
86. 0
87. 1
88. 0
89. 1
90. 0
91. 0
92. 0
93. 0
94. 0
95. 0
96. 0
97. 0
98. 0
99. 0
100. 1
101. 0
102. 1
103. 1
104. 0
105. 0
106. 0
107. 0
108. 0
109. 0
110. 1
111. 0
112. 2
113. 2
114. 0
115. 1
116. 0
117. 1
118. 1
119. 1
120. 0
121. 0
122. 1
123. 1
124. 0
125. 0
126. 1
127. 1
128. 0
129. 0
130. 0
131. 1
132. 0
133. 0
134. 1
135. 0
136. 2
137. 0
138. 0
139. 0
140. 1
141. 0
142. 0
143. 0
144. 0
145. 0
146. 1
147. 0
148. 1
149. 0
150. 1
151. 0
152. 0
153. 1
154. 0
155. 1
156. 0
157. 0
158. 0
159. 1
160. 1
161. 0
162. 1
163. 1
164. 0
165. 1
166. 2
167. 0
168. 0
169. 0
170. 1
171. 1
172. 0
173. 0
174. 1
175. 0
176. 0
177. 1
178. 1
179. 0
180. 0
181. 0
182. 0
183. 0
184. 0
185. 0
186. 1
187. 0
188. 1
189. 0
190. 1
191. 1
192. 0
193. 0
194. 0
195. 0
196. 1
197. 1
198. 1
199. 1
200. 1