5498.txt
1. 0
2. 1
3. 3
4. 0
5. 0
6. 1
7. 0
8. 2
9. 1
10. 0
11. 0
12. 0
13. 0
14. 0
15. 2
16. 1
17. 0
18. 1
19. 1
20. 0
21. 0
22. 0
23. 2
24. 0
25. 1
26. 1
27. 0
28. 0
29. 1
30. 0
31. 0
32. 0
33. 1
34. 1
35. 0
36. 1
37. 0
38. 0
39. 0
40. 0
41. 0
42. 2
43. 2
44. 0
45. 0
46. 0
47. 0
48. 0
49. 0
50. 0
51. 0
52. 0
53. 0
54. 0
55. 1
56. 0
57. 0
58. 0
59. 0
60. 1
61. 0
62. 0
63. 0
64. 0
65. 3
66. 1
67. 0
68. 0
69. 0
70. 0
71. 0
72. 1
73. 0
74. 0
75. 0
76. 0
77. 0
78. 1
79. 0
80. 0
81. 0
82. 0
83. 0
84. 0
85. 0
86. 0
87. 0
88. 1
89. 0
90. 0
91. 1
92. 1
93. 3
94. 0
95. 2
96. 0
97. 0
98. 0
99. 0
100. 2
101. 2
102. 0
103. 0
104. 1
105. 0
106. 0
107. 1
108. 0
109. 0
110. 0
111. 1
112. 1
113. 0
114. 2
115. 0
116. 0
117. 2
118. 0
119. 0
120. 0
121. 0
122. 0
123. 1
124. 0
125. 0
126. 0
127. 0
128. 0
129. 0
130. 0
131. 0
132. 1
133. 0
134. 1
135. 0
136. 0
137. 1
138. 0
139. 1
140. 0
141. 0
142. 1
143. 0
144. 0
145. 1
146. 0
147. 0
148. 1
149. 0
150. 0
151. 1
152. 0
153. 1
154. 1
155. 0
156. 1
157. 0
158. 0
159. 0
160. 0
161. 0
162. 0
163. 0
164. 0
165. 0
166. 0
167. 0
168. 0
169. 0
170. 1
171. 2
172. 1
173. 1
174. 1
175. 0
176. 0
177. 2
178. 0
179. 0
180. 0
181. 2
182. 0
183. 0
184. 1
185. 2
186. 1
187. 0
188. 0
189. 0
190. 0
191. 0
192. 1
193. 0
194. 0
195. 1
196. 0
197. 0
198. 1
199. 1
200. 0