56.txt
1. 2
2. 1
3. 1
4. 0
5. 0
6. 0
7. 1
8. 1
9. 1
10. 0
11. 1
12. 0
13. 1
14. 0
15. 1
16. 0
17. 1
18. 0
19. 1
20. 1
21. 0
22. 0
23. 1
24. 1
25. 0
26. 1
27. 1
28. 0
29. 1
30. 0
31. 0
32. 1
33. 1
34. 1
35. 0
36. 0
37. 0
38. 1
39. 0
40. 1
41. 0
42. 0
43. 0
44. 0
45. 1
46. 1
47. 0
48. 0
49. 0
50. 0
51. 0
52. 0
53. 0
54. 0
55. 0
56. 1
57. 1
58. 1
59. 1
60. 0
61. 0
62. 0
63. 1
64. 1
65. 0
66. 1
67. 1
68. 0
69. 0
70. 1
71. 0
72. 1
73. 1
74. 1
75. 0
76. 0
77. 0
78. 0
79. 0
80. 1
81. 1
82. 0
83. 0
84. 0
85. 0
86. 0
87. 1
88. 0
89. 0
90. 0
91. 0
92. 1
93. 0
94. 0
95. 0
96. 1
97. 0
98. 0
99. 1
100. 0
101. 0
102. 0
103. 1
104. 0
105. 0
106. 0
107. 0
108. 0
109. 1
110. 1
111. 0
112. 0
113. 1
114. 0
115. 1
116. 0
117. 0
118. 1
119. 1
120. 1
121. 0
122. 0
123. 1
124. 1
125. 0
126. 0
127. 0
128. 0
129. 0
130. 0
131. 0
132. 0
133. 0
134. 0
135. 0
136. 0
137. 0
138. 0
139. 0
140. 0
141. 0
142. 1
143. 0
144. 1
145. 0
146. 1
147. 0
148. 0
149. 0
150. 0
151. 0
152. 0
153. 1
154. 0
155. 0
156. 0
157. 0
158. 10
159. 0
160. 1
161. 0
162. 0
163. 0
164. 1
165. 0
166. 0
167. 1
168. 1
169. 1
170. 1
171. 0
172. 0
173. 0
174. 1
175. 0
176. 1
177. 1
178. 0
179. 0
180. 1
181. 0
182. 1
183. 0
184. 1
185. 0
186. 1
187. 1
188. 0
189. 0
190. 0
191. 0
192. 1
193. 1
194. 0
195. 1
196. 1
197. 1
198. 1
199. 1
200. 1