562.txt
1. 1
2. 1
3. 1
4. 0
5. 1
6. 0
7. 1
8. 1
9. 1
10. 0
11. 0
12. 0
13. 1
14. 1
15. 0
16. 1
17. 1
18. 1
19. 0
20. 1
21. 0
22. 1
23. 1
24. 2
25. 0
26. 0
27. 1
28. 0
29. 0
30. 2
31. 1
32. 0
33. 1
34. 0
35. 0
36. 1
37. 1
38. 1
39. 1
40. 1
41. 1
42. 1
43. 1
44. 0
45. 1
46. 1
47. 1
48. 0
49. 0
50. 1
51. 0
52. 1
53. 0
54. 1
55. 1
56. 0
57. 1
58. 0
59. 1
60. 0
61. 0
62. 1
63. 0
64. 0
65. 1
66. 0
67. 1
68. 0
69. 1
70. 2
71. 0
72. 2
73. 0
74. 2
75. 0
76. 0
77. 0
78. 1
79. 0
80. 1
81. 0
82. 0
83. 0
84. 1
85. 1
86. 1
87. 1
88. 2
89. 0
90. 0
91. 0
92. 0
93. 0
94. 1
95. 1
96. 0
97. 1
98. 1
99. 1
100. 1
101. 1
102. 0
103. 0
104. 0
105. 0
106. 0
107. 2
108. 0
109. 1
110. 1
111. 1
112. 0
113. 0
114. 0
115. 1
116. 0
117. 0
118. 0
119. 1
120. 1
121. 0
122. 2
123. 1
124. 2
125. 1
126. 0
127. 0
128. 1
129. 1
130. 1
131. 1
132. 1
133. 0
134. 0
135. 0
136. 0
137. 0
138. 2
139. 1
140. 1
141. 1
142. 0
143. 1
144. 0
145. 2
146. 1
147. 1
148. 0
149. 1
150. 2
151. 0
152. 0
153. 1
154. 1
155. 0
156. 0
157. 0
158. 0
159. 0
160. 1
161. 1
162. 2
163. 1
164. 0
165. 0
166. 1
167. 0
168. 2
169. 1
170. 1
171. 0
172. 1
173. 0
174. 0
175. 1
176. 0
177. 0
178. 0
179. 0
180. 1
181. 1
182. 0
183. 1
184. 2
185. 2
186. 0
187. 0
188. 1
189. 1
190. 1
191. 0
192. 1
193. 0
194. 1
195. 0
196. 0
197. 1
198. 1
199. 1
200. 0