5629.txt
1. 1
2. 0
3. 2
4. 0
5. 0
6. 0
7. 0
8. 0
9. 0
10. 1
11. 1
12. 0
13. 1
14. 0
15. 0
16. 1
17. 0
18. 0
19. 0
20. 0
21. 1
22. 1
23. 1
24. 1
25. 0
26. 2
27. 0
28. 1
29. 0
30. 0
31. 0
32. 2
33. 1
34. 1
35. 0
36. 0
37. 0
38. 0
39. 1
40. 0
41. 0
42. 0
43. 0
44. 1
45. 1
46. 1
47. 1
48. 0
49. 0
50. 1
51. 0
52. 0
53. 1
54. 0
55. 0
56. 0
57. 0
58. 1
59. 0
60. 1
61. 0
62. 0
63. 0
64. 1
65. 0
66. 0
67. 0
68. 1
69. 0
70. 0
71. 0
72. 1
73. 0
74. 0
75. 1
76. 2
77. 0
78. 0
79. 0
80. 2
81. 0
82. 0
83. 0
84. 0
85. 0
86. 0
87. 1
88. 0
89. 1
90. 1
91. 2
92. 2
93. 0
94. 0
95. 0
96. 0
97. 0
98. 1
99. 0
100. 0
101. 1
102. 0
103. 0
104. 0
105. 1
106. 1
107. 0
108. 1
109. 0
110. 0
111. 0
112. 0
113. 0
114. 1
115. 1
116. 1
117. 0
118. 0
119. 0
120. 1
121. 0
122. 1
123. 1
124. 0
125. 0
126. 0
127. 0
128. 0
129. 0
130. 0
131. 0
132. 1
133. 0
134. 0
135. 0
136. 0
137. 0
138. 0
139. 0
140. 1
141. 0
142. 0
143. 0
144. 2
145. 0
146. 1
147. 0
148. 0
149. 0
150. 1
151. 0
152. 0
153. 0
154. 0
155. 1
156. 0
157. 0
158. 0
159. 0
160. 1
161. 0
162. 0
163. 1
164. 0
165. 1
166. 1
167. 1
168. 1
169. 0
170. 0
171. 1
172. 1
173. 1
174. 0
175. 0
176. 1
177. 0
178. 0
179. 0
180. 0
181. 2
182. 1
183. 1
184. 0
185. 0
186. 1
187. 0
188. 1
189. 0
190. 0
191. 1
192. 1
193. 0
194. 1
195. 0
196. 1
197. 1
198. 0
199. 0
200. 0