5662.txt
1. 1
2. 1
3. 1
4. 0
5. 1
6. 0
7. 1
8. 0
9. 1
10. 1
11. 0
12. 0
13. 0
14. 1
15. 0
16. 1
17. 1
18. 1
19. 0
20. 0
21. 0
22. 0
23. 1
24. 0
25. 0
26. 0
27. 0
28. 1
29. 0
30. 2
31. 1
32. 0
33. 0
34. 1
35. 0
36. 0
37. 0
38. 0
39. 2
40. 1
41. 1
42. 0
43. 1
44. 0
45. 0
46. 0
47. 1
48. 1
49. 1
50. 0
51. 1
52. 1
53. 1
54. 1
55. 0
56. 1
57. 0
58. 0
59. 0
60. 0
61. 1
62. 0
63. 1
64. 1
65. 0
66. 1
67. 0
68. 1
69. 0
70. 0
71. 0
72. 0
73. 0
74. 1
75. 0
76. 0
77. 1
78. 0
79. 0
80. 0
81. 1
82. 0
83. 0
84. 0
85. 1
86. 1
87. 1
88. 1
89. 0
90. 1
91. 0
92. 0
93. 0
94. 0
95. 0
96. 1
97. 2
98. 1
99. 0
100. 0
101. 0
102. 0
103. 0
104. 0
105. 1
106. 0
107. 2
108. 0
109. 1
110. 0
111. 0
112. 0
113. 1
114. 0
115. 0
116. 1
117. 1
118. 1
119. 0
120. 0
121. 1
122. 1
123. 0
124. 1
125. 0
126. 1
127. 1
128. 0
129. 1
130. 1
131. 1
132. 0
133. 0
134. 0
135. 0
136. 1
137. 0
138. 1
139. 0
140. 0
141. 1
142. 0
143. 0
144. 1
145. 0
146. 2
147. 1
148. 1
149. 0
150. 0
151. 1
152. 1
153. 0
154. 0
155. 0
156. 0
157. 0
158. 1
159. 1
160. 0
161. 1
162. 0
163. 0
164. 0
165. 0
166. 2
167. 1
168. 2
169. 1
170. 0
171. 2
172. 0
173. 0
174. 1
175. 0
176. 1
177. 1
178. 0
179. 1
180. 0
181. 0
182. 1
183. 1
184. 0
185. 1
186. 1
187. 0
188. 0
189. 0
190. 1
191. 0
192. 0
193. 0
194. 1
195. 0
196. 1
197. 1
198. 0
199. 0
200. 0