5757.txt
1. 1
2. 1
3. 1
4. 1
5. 0
6. 1
7. 0
8. 1
9. 0
10. 1
11. 0
12. 1
13. 1
14. 1
15. 0
16. 0
17. 2
18. 2
19. 1
20. 0
21. 1
22. 1
23. 1
24. 0
25. 1
26. 0
27. 0
28. 1
29. 0
30. 1
31. 0
32. 0
33. 0
34. 0
35. 0
36. 0
37. 0
38. 0
39. 1
40. 1
41. 0
42. 1
43. 1
44. 0
45. 0
46. 1
47. 0
48. 0
49. 0
50. 0
51. 0
52. 1
53. 0
54. 1
55. 2
56. 0
57. 1
58. 0
59. 0
60. 2
61. 1
62. 0
63. 1
64. 0
65. 0
66. 0
67. 1
68. 0
69. 1
70. 2
71. 0
72. 1
73. 0
74. 0
75. 0
76. 1
77. 0
78. 0
79. 0
80. 0
81. 1
82. 0
83. 0
84. 0
85. 0
86. 1
87. 1
88. 0
89. 1
90. 2
91. 1
92. 0
93. 1
94. 0
95. 1
96. 0
97. 0
98. 0
99. 1
100. 0
101. 1
102. 1
103. 0
104. 1
105. 0
106. 0
107. 1
108. 1
109. 1
110. 0
111. 1
112. 1
113. 0
114. 1
115. 2
116. 0
117. 1
118. 1
119. 1
120. 1
121. 1
122. 0
123. 1
124. 0
125. 0
126. 0
127. 0
128. 1
129. 0
130. 1
131. 0
132. 1
133. 0
134. 1
135. 1
136. 2
137. 1
138. 1
139. 1
140. 1
141. 1
142. 1
143. 0
144. 0
145. 1
146. 1
147. 0
148. 1
149. 0
150. 1
151. 1
152. 1
153. 1
154. 1
155. 0
156. 1
157. 1
158. 1
159. 1
160. 0
161. 0
162. 1
163. 0
164. 0
165. 1
166. 0
167. 1
168. 1
169. 1
170. 0
171. 1
172. 0
173. 1
174. 1
175. 0
176. 0
177. 1
178. 0
179. 1
180. 0
181. 0
182. 0
183. 0
184. 0
185. 1
186. 1
187. 0
188. 0
189. 0
190. 0
191. 0
192. 0
193. 1
194. 0
195. 0
196. 0
197. 0
198. 2
199. 0
200. 0