5788.txt
1. 0
2. 1
3. 0
4. 0
5. 0
6. 0
7. 1
8. 0
9. 1
10. 2
11. 0
12. 1
13. 0
14. 1
15. 0
16. 0
17. 0
18. 0
19. 2
20. 1
21. 2
22. 0
23. 1
24. 0
25. 0
26. 1
27. 0
28. 2
29. 0
30. 0
31. 0
32. 1
33. 0
34. 0
35. 0
36. 0
37. 1
38. 0
39. 0
40. 1
41. 0
42. 2
43. 1
44. 0
45. 0
46. 0
47. 2
48. 0
49. 0
50. 0
51. 0
52. 0
53. 1
54. 2
55. 1
56. 1
57. 0
58. 0
59. 0
60. 0
61. 1
62. 0
63. 0
64. 0
65. 0
66. 0
67. 0
68. 0
69. 0
70. 0
71. 1
72. 0
73. 1
74. 1
75. 1
76. 0
77. 0
78. 1
79. 0
80. 1
81. 1
82. 0
83. 1
84. 0
85. 0
86. 0
87. 1
88. 1
89. 0
90. 1
91. 0
92. 0
93. 0
94. 0
95. 0
96. 1
97. 0
98. 1
99. 0
100. 0
101. 0
102. 0
103. 1
104. 0
105. 1
106. 0
107. 0
108. 0
109. 0
110. 1
111. 0
112. 1
113. 0
114. 0
115. 1
116. 0
117. 0
118. 0
119. 0
120. 0
121. 0
122. 0
123. 0
124. 1
125. 0
126. 0
127. 0
128. 1
129. 0
130. 0
131. 0
132. 0
133. 1
134. 1
135. 0
136. 0
137. 0
138. 0
139. 0
140. 0
141. 0
142. 0
143. 0
144. 1
145. 0
146. 0
147. 1
148. 1
149. 2
150. 0
151. 0
152. 0
153. 1
154. 0
155. 0
156. 0
157. 0
158. 0
159. 1
160. 1
161. 0
162. 0
163. 1
164. 1
165. 1
166. 0
167. 0
168. 0
169. 0
170. 0
171. 0
172. 0
173. 0
174. 0
175. 0
176. 0
177. 0
178. 0
179. 1
180. 0
181. 0
182. 0
183. 0
184. 1
185. 2
186. 0
187. 0
188. 1
189. 0
190. 0
191. 0
192. 1
193. 0
194. 1
195. 0
196. 0
197. 0
198. 0
199. 0
200. 1