5844.txt
1. 0
2. 1
3. 8
4. 2
5. 1
6. 0
7. 0
8. 0
9. 1
10. 2
11. 1
12. 0
13. 1
14. 2
15. 0
16. 1
17. 1
18. 2
19. 0
20. 0
21. 0
22. 1
23. 1
24. 0
25. 0
26. 2
27. 0
28. 1
29. 0
30. 0
31. 0
32. 0
33. 1
34. 0
35. 0
36. 2
37. 0
38. 0
39. 1
40. 1
41. 1
42. 1
43. 1
44. 1
45. 0
46. 1
47. 0
48. 2
49. 1
50. 0
51. 1
52. 1
53. 0
54. 1
55. 0
56. 0
57. 1
58. 1
59. 2
60. 1
61. 2
62. 1
63. 0
64. 0
65. 2
66. 0
67. 0
68. 0
69. 2
70. 1
71. 0
72. 1
73. 1
74. 0
75. 1
76. 2
77. 0
78. 0
79. 1
80. 0
81. 1
82. 0
83. 0
84. 1
85. 0
86. 1
87. 0
88. 0
89. 0
90. 1
91. 0
92. 0
93. 0
94. 0
95. 1
96. 2
97. 0
98. 0
99. 0
100. 0
101. 1
102. 0
103. 0
104. 0
105. 0
106. 0
107. 0
108. 1
109. 1
110. 0
111. 1
112. 1
113. 1
114. 0
115. 0
116. 0
117. 0
118. 1
119. 1
120. 1
121. 0
122. 2
123. 0
124. 2
125. 1
126. 1
127. 1
128. 0
129. 1
130. 0
131. 1
132. 2
133. 1
134. 0
135. 0
136. 1
137. 0
138. 0
139. 0
140. 2
141. 1
142. 1
143. 2
144. 1
145. 0
146. 1
147. 1
148. 0
149. 0
150. 1
151. 1
152. 0
153. 0
154. 1
155. 1
156. 0
157. 0
158. 0
159. 0
160. 0
161. 1
162. 0
163. 2
164. 1
165. 1
166. 0
167. 1
168. 0
169. 1
170. 0
171. 2
172. 1
173. 1
174. 0
175. 0
176. 1
177. 0
178. 0
179. 0
180. 0
181. 1
182. 1
183. 1
184. 0
185. 2
186. 1
187. 0
188. 0
189. 1
190. 1
191. 0
192. 1
193. 1
194. 0
195. 0
196. 0
197. 0
198. 0
199. 1
200. 0