587.txt
1. 0
2. 1
3. 0
4. 0
5. 0
6. 1
7. 0
8. 0
9. 0
10. 0
11. 1
12. 1
13. 0
14. 0
15. 0
16. 1
17. 0
18. 2
19. 1
20. 0
21. 1
22. 1
23. 0
24. 0
25. 0
26. 2
27. 0
28. 0
29. 0
30. 1
31. 1
32. 0
33. 1
34. 2
35. 0
36. 1
37. 1
38. 0
39. 1
40. 0
41. 0
42. 1
43. 1
44. 0
45. 0
46. 1
47. 0
48. 0
49. 1
50. 0
51. 0
52. 1
53. 0
54. 0
55. 0
56. 1
57. 1
58. 0
59. 0
60. 1
61. 0
62. 0
63. 0
64. 1
65. 0
66. 0
67. 1
68. 0
69. 0
70. 1
71. 0
72. 0
73. 1
74. 1
75. 0
76. 0
77. 0
78. 0
79. 0
80. 1
81. 1
82. 0
83. 0
84. 0
85. 1
86. 0
87. 0
88. 0
89. 0
90. 0
91. 1
92. 0
93. 0
94. 0
95. 0
96. 1
97. 0
98. 0
99. 0
100. 0
101. 0
102. 0
103. 0
104. 0
105. 1
106. 0
107. 0
108. 0
109. 1
110. 1
111. 1
112. 1
113. 0
114. 0
115. 0
116. 0
117. 0
118. 0
119. 0
120. 1
121. 0
122. 1
123. 0
124. 0
125. 0
126. 0
127. 0
128. 0
129. 0
130. 0
131. 0
132. 0
133. 0
134. 0
135. 0
136. 1
137. 0
138. 0
139. 0
140. 0
141. 0
142. 0
143. 0
144. 0
145. 0
146. 0
147. 0
148. 0
149. 0
150. 0
151. 1
152. 1
153. 0
154. 0
155. 1
156. 1
157. 0
158. 0
159. 0
160. 0
161. 0
162. 0
163. 1
164. 0
165. 1
166. 0
167. 0
168. 0
169. 0
170. 0
171. 1
172. 0
173. 0
174. 1
175. 0
176. 1
177. 0
178. 0
179. 0
180. 1
181. 0
182. 0
183. 0
184. 0
185. 1
186. 0
187. 0
188. 1
189. 0
190. 0
191. 0
192. 0
193. 0
194. 0
195. 0
196. 0
197. 0
198. 1
199. 1
200. 0