5898.txt
1. 1
2. 1
3. 2
4. 1
5. 1
6. 2
7. 3
8. 0
9. 1
10. 0
11. 1
12. 0
13. 4
14. 1
15. 0
16. 1
17. 0
18. 0
19. 0
20. 0
21. 0
22. 0
23. 0
24. 0
25. 0
26. 1
27. 0
28. 0
29. 1
30. 2
31. 0
32. 1
33. 0
34. 1
35. 0
36. 0
37. 1
38. 1
39. 1
40. 1
41. 1
42. 1
43. 1
44. 0
45. 0
46. 0
47. 1
48. 0
49. 0
50. 0
51. 0
52. 0
53. 0
54. 0
55. 1
56. 0
57. 0
58. 1
59. 0
60. 0
61. 0
62. 0
63. 0
64. 0
65. 1
66. 0
67. 1
68. 0
69. 0
70. 1
71. 0
72. 0
73. 0
74. 0
75. 0
76. 0
77. 1
78. 1
79. 0
80. 0
81. 0
82. 1
83. 0
84. 0
85. 0
86. 1
87. 2
88. 0
89. 0
90. 0
91. 0
92. 1
93. 0
94. 0
95. 0
96. 0
97. 0
98. 0
99. 1
100. 1
101. 1
102. 1
103. 1
104. 0
105. 2
106. 0
107. 0
108. 1
109. 1
110. 1
111. 1
112. 0
113. 0
114. 0
115. 1
116. 1
117. 2
118. 0
119. 0
120. 0
121. 1
122. 1
123. 0
124. 1
125. 1
126. 0
127. 0
128. 0
129. 0
130. 1
131. 0
132. 1
133. 1
134. 0
135. 0
136. 1
137. 0
138. 0
139. 1
140. 1
141. 1
142. 0
143. 1
144. 0
145. 0
146. 0
147. 0
148. 0
149. 0
150. 0
151. 0
152. 0
153. 0
154. 1
155. 0
156. 0
157. 0
158. 0
159. 1
160. 0
161. 1
162. 0
163. 0
164. 0
165. 0
166. 1
167. 0
168. 0
169. 1
170. 0
171. 0
172. 1
173. 0
174. 1
175. 2
176. 0
177. 1
178. 0
179. 2
180. 2
181. 1
182. 0
183. 1
184. 1
185. 0
186. 0
187. 0
188. 0
189. 0
190. 0
191. 0
192. 0
193. 1
194. 1
195. 0
196. 1
197. 0
198. 1
199. 1
200. 0