5951.txt
1. 2
2. 0
3. 1
4. 0
5. 0
6. 2
7. 1
8. 1
9. 1
10. 0
11. 0
12. 0
13. 0
14. 0
15. 0
16. 1
17. 0
18. 0
19. 0
20. 0
21. 1
22. 0
23. 0
24. 0
25. 0
26. 0
27. 1
28. 0
29. 1
30. 1
31. 0
32. 0
33. 0
34. 0
35. 0
36. 0
37. 0
38. 1
39. 1
40. 0
41. 0
42. 0
43. 0
44. 0
45. 1
46. 0
47. 1
48. 2
49. 1
50. 0
51. 1
52. 0
53. 0
54. 0
55. 0
56. 0
57. 2
58. 1
59. 0
60. 0
61. 0
62. 2
63. 0
64. 0
65. 0
66. 0
67. 2
68. 0
69. 0
70. 1
71. 0
72. 0
73. 0
74. 0
75. 0
76. 1
77. 0
78. 0
79. 0
80. 0
81. 1
82. 1
83. 0
84. 0
85. 0
86. 0
87. 0
88. 0
89. 0
90. 0
91. 1
92. 0
93. 0
94. 0
95. 1
96. 1
97. 2
98. 0
99. 2
100. 0
101. 2
102. 0
103. 0
104. 0
105. 0
106. 0
107. 0
108. 1
109. 1
110. 1
111. 0
112. 0
113. 1
114. 0
115. 0
116. 0
117. 0
118. 0
119. 0
120. 0
121. 0
122. 0
123. 0
124. 0
125. 1
126. 1
127. 0
128. 0
129. 0
130. 0
131. 1
132. 0
133. 2
134. 0
135. 0
136. 0
137. 0
138. 0
139. 0
140. 0
141. 0
142. 0
143. 1
144. 1
145. 0
146. 1
147. 2
148. 0
149. 0
150. 0
151. 0
152. 0
153. 0
154. 0
155. 1
156. 0
157. 0
158. 0
159. 1
160. 0
161. 1
162. 2
163. 1
164. 0
165. 0
166. 0
167. 0
168. 0
169. 0
170. 0
171. 0
172. 1
173. 1
174. 0
175. 0
176. 0
177. 0
178. 0
179. 0
180. 1
181. 0
182. 1
183. 0
184. 0
185. 0
186. 0
187. 0
188. 0
189. 0
190. 0
191. 0
192. 0
193. 0
194. 0
195. 0
196. 1
197. 1
198. 1
199. 0
200. 0