5973.txt
1. 2
2. 1
3. 0
4. 1
5. 0
6. 2
7. 1
8. 1
9. 1
10. 1
11. 0
12. 1
13. 1
14. 1
15. 1
16. 1
17. 0
18. 1
19. 2
20. 0
21. 0
22. 0
23. 1
24. 0
25. 0
26. 1
27. 1
28. 0
29. 0
30. 0
31. 1
32. 1
33. 0
34. 0
35. 0
36. 0
37. 1
38. 1
39. 1
40. 0
41. 0
42. 1
43. 1
44. 0
45. 0
46. 0
47. 1
48. 1
49. 1
50. 2
51. 0
52. 1
53. 0
54. 0
55. 0
56. 0
57. 1
58. 0
59. 1
60. 0
61. 0
62. 0
63. 0
64. 0
65. 0
66. 2
67. 0
68. 1
69. 0
70. 0
71. 0
72. 0
73. 0
74. 1
75. 1
76. 1
77. 0
78. 1
79. 0
80. 0
81. 0
82. 1
83. 1
84. 0
85. 0
86. 0
87. 0
88. 0
89. 0
90. 0
91. 1
92. 1
93. 0
94. 2
95. 0
96. 0
97. 0
98. 1
99. 1
100. 0
101. 1
102. 1
103. 1
104. 0
105. 0
106. 0
107. 1
108. 1
109. 1
110. 1
111. 1
112. 1
113. 0
114. 0
115. 0
116. 0
117. 2
118. 0
119. 0
120. 0
121. 1
122. 1
123. 0
124. 0
125. 0
126. 1
127. 1
128. 0
129. 1
130. 0
131. 1
132. 0
133. 0
134. 0
135. 1
136. 0
137. 0
138. 1
139. 0
140. 1
141. 1
142. 0
143. 0
144. 0
145. 0
146. 0
147. 0
148. 0
149. 0
150. 0
151. 0
152. 1
153. 0
154. 0
155. 0
156. 1
157. 1
158. 1
159. 0
160. 0
161. 1
162. 1
163. 0
164. 1
165. 0
166. 0
167. 1
168. 0
169. 1
170. 1
171. 0
172. 1
173. 1
174. 1
175. 0
176. 0
177. 0
178. 0
179. 0
180. 1
181. 0
182. 0
183. 0
184. 0
185. 0
186. 0
187. 0
188. 0
189. 0
190. 0
191. 0
192. 1
193. 2
194. 0
195. 1
196. 0
197. 1
198. 0
199. 1
200. 1