598.txt
1. 0
2. 0
3. 0
4. 0
5. 2
6. 2
7. 0
8. 2
9. 0
10. 0
11. 2
12. 2
13. 0
14. 0
15. 0
16. 0
17. 0
18. 0
19. 0
20. 0
21. 0
22. 0
23. 2
24. 0
25. 0
26. 0
27. 0
28. 2
29. 0
30. 0
31. 0
32. 0
33. 0
34. 0
35. 2
36. 2
37. 0
38. 0
39. 0
40. 2
41. 2
42. 2
43. 0
44. 0
45. 0
46. 0
47. 0
48. 2
49. 0
50. 2
51. 2
52. 2
53. 2
54. 0
55. 0
56. 0
57. 0
58. 0
59. 2
60. 0
61. 0
62. 0
63. 0
64. 0
65. 0
66. 0
67. 0
68. 2
69. 0
70. 0
71. 0
72. 0
73. 0
74. 0
75. 2
76. 0
77. 0
78. 0
79. 0
80. 2
81. 0
82. 0
83. 2
84. 0
85. 0
86. 0
87. 0
88. 2
89. 0
90. 0
91. 0
92. 0
93. 0
94. 0
95. 2
96. 2
97. 0
98. 0
99. 2
100. 0
101. 0
102. 2
103. 0
104. 0
105. 2
106. 0
107. 0
108. 2
109. 0
110. 0
111. 0
112. 2
113. 0
114. 2
115. 0
116. 2
117. 2
118. 0
119. 2
120. 0
121. 2
122. 0
123. 2
124. 0
125. 2
126. 0
127. 0
128. 0
129. 2
130. 0
131. 2
132. 0
133. 2
134. 2
135. 0
136. 0
137. 0
138. 0
139. 0
140. 0
141. 2
142. 2
143. 0
144. 0
145. 0
146. 0
147. 2
148. 0
149. 0
150. 0
151. 0
152. 2
153. 2
154. 0
155. 2
156. 0
157. 0
158. 0
159. 0
160. 2
161. 0
162. 0
163. 2
164. 2
165. 0
166. 2
167. 2
168. 0
169. 0
170. 0
171. 0
172. 0
173. 2
174. 0
175. 0
176. 0
177. 0
178. 0
179. 0
180. 2
181. 0
182. 0
183. 2
184. 2
185. 0
186. 0
187. 0
188. 0
189. 0
190. 0
191. 2
192. 0
193. 0
194. 0
195. 2
196. 0
197. 0
198. 0
199. 0
200. 2