5994.txt
1. 1
2. 0
3. 1
4. 1
5. 0
6. 1
7. 1
8. 0
9. 0
10. 2
11. 1
12. 0
13. 1
14. 0
15. 1
16. 1
17. 1
18. 1
19. 1
20. 0
21. 0
22. 0
23. 0
24. 1
25. 0
26. 0
27. 0
28. 1
29. 1
30. 1
31. 0
32. 1
33. 0
34. 0
35. 0
36. 0
37. 0
38. 0
39. 0
40. 0
41. 2
42. 0
43. 0
44. 0
45. 1
46. 9
47. 0
48. 1
49. 1
50. 1
51. 0
52. 2
53. 0
54. 1
55. 2
56. 0
57. 1
58. 0
59. 0
60. 0
61. 2
62. 0
63. 0
64. 0
65. 0
66. 0
67. 0
68. 0
69. 1
70. 1
71. 1
72. 0
73. 1
74. 1
75. 0
76. 0
77. 1
78. 1
79. 0
80. 1
81. 0
82. 0
83. 1
84. 0
85. 0
86. 0
87. 0
88. 0
89. 0
90. 0
91. 1
92. 0
93. 0
94. 1
95. 1
96. 1
97. 1
98. 1
99. 0
100. 0
101. 0
102. 2
103. 0
104. 0
105. 0
106. 1
107. 0
108. 0
109. 1
110. 0
111. 0
112. 1
113. 0
114. 1
115. 1
116. 0
117. 1
118. 1
119. 0
120. 0
121. 0
122. 0
123. 0
124. 0
125. 0
126. 0
127. 0
128. 0
129. 0
130. 0
131. 1
132. 1
133. 1
134. 0
135. 0
136. 0
137. 0
138. 0
139. 0
140. 0
141. 1
142. 0
143. 0
144. 1
145. 0
146. 2
147. 0
148. 0
149. 0
150. 0
151. 1
152. 1
153. 0
154. 0
155. 1
156. 0
157. 0
158. 0
159. 1
160. 0
161. 0
162. 0
163. 0
164. 0
165. 1
166. 0
167. 0
168. 0
169. 1
170. 0
171. 0
172. 1
173. 1
174. 0
175. 0
176. 1
177. 2
178. 0
179. 1
180. 0
181. 0
182. 1
183. 0
184. 0
185. 1
186. 1
187. 0
188. 0
189. 0
190. 0
191. 0
192. 0
193. 1
194. 1
195. 1
196. 0
197. 0
198. 1
199. 0
200. 2