6007.txt
1. 1
2. 2
3. 2
4. 1
5. 2
6. 1
7. 0
8. 1
9. 1
10. 1
11. 1
12. 1
13. 1
14. 0
15. 0
16. 1
17. 0
18. 0
19. 0
20. 0
21. 2
22. 0
23. 0
24. 2
25. 0
26. 1
27. 0
28. 1
29. 1
30. 0
31. 2
32. 0
33. 0
34. 0
35. 0
36. 1
37. 0
38. 0
39. 0
40. 0
41. 0
42. 1
43. 1
44. 0
45. 1
46. 0
47. 1
48. 1
49. 0
50. 0
51. 1
52. 0
53. 1
54. 0
55. 1
56. 0
57. 1
58. 1
59. 0
60. 0
61. 1
62. 1
63. 0
64. 0
65. 0
66. 0
67. 0
68. 1
69. 1
70. 0
71. 0
72. 1
73. 1
74. 1
75. 0
76. 0
77. 0
78. 1
79. 0
80. 1
81. 0
82. 0
83. 0
84. 1
85. 0
86. 0
87. 1
88. 0
89. 1
90. 0
91. 0
92. 1
93. 0
94. 0
95. 0
96. 0
97. 2
98. 0
99. 0
100. 1
101. 0
102. 0
103. 0
104. 0
105. 0
106. 0
107. 0
108. 0
109. 1
110. 0
111. 0
112. 0
113. 1
114. 0
115. 0
116. 0
117. 1
118. 0
119. 1
120. 0
121. 0
122. 1
123. 1
124. 1
125. 1
126. 0
127. 0
128. 1
129. 1
130. 0
131. 1
132. 0
133. 1
134. 0
135. 0
136. 0
137. 0
138. 1
139. 0
140. 0
141. 0
142. 0
143. 0
144. 1
145. 1
146. 0
147. 0
148. 0
149. 1
150. 0
151. 0
152. 0
153. 1
154. 0
155. 0
156. 1
157. 0
158. 1
159. 0
160. 0
161. 0
162. 0
163. 0
164. 2
165. 0
166. 1
167. 0
168. 1
169. 1
170. 1
171. 0
172. 0
173. 1
174. 0
175. 0
176. 0
177. 0
178. 0
179. 1
180. 10
181. 0
182. 0
183. 0
184. 0
185. 0
186. 0
187. 0
188. 0
189. 1
190. 0
191. 0
192. 1
193. 2
194. 0
195. 1
196. 0
197. 0
198. 0
199. 0
200. 0