68.txt
1. 1
2. 2
3. 2
4. 1
5. 1
6. 1
7. 1
8. 1
9. 1
10. 1
11. 0
12. 1
13. 0
14. 1
15. 1
16. 0
17. 1
18. 1
19. 1
20. 1
21. 1
22. 0
23. 0
24. 2
25. 0
26. 2
27. 1
28. 0
29. 1
30. 0
31. 1
32. 1
33. 0
34. 1
35. 1
36. 0
37. 0
38. 1
39. 0
40. 1
41. 1
42. 0
43. 0
44. 0
45. 1
46. 0
47. 0
48. 0
49. 0
50. 1
51. 1
52. 0
53. 0
54. 0
55. 0
56. 0
57. 1
58. 1
59. 1
60. 0
61. 0
62. 1
63. 0
64. 1
65. 1
66. 1
67. 1
68. 0
69. 1
70. 1
71. 0
72. 0
73. 1
74. 0
75. 0
76. 1
77. 0
78. 2
79. 0
80. 2
81. 0
82. 1
83. 0
84. 0
85. 0
86. 1
87. 1
88. 0
89. 0
90. 0
91. 1
92. 0
93. 0
94. 0
95. 0
96. 1
97. 0
98. 1
99. 0
100. 0
101. 0
102. 1
103. 0
104. 0
105. 0
106. 1
107. 1
108. 0
109. 1
110. 0
111. 0
112. 1
113. 0
114. 1
115. 0
116. 1
117. 0
118. 1
119. 1
120. 0
121. 0
122. 0
123. 0
124. 0
125. 1
126. 0
127. 0
128. 1
129. 0
130. 1
131. 1
132. 0
133. 0
134. 0
135. 0
136. 0
137. 1
138. 1
139. 0
140. 0
141. 0
142. 0
143. 1
144. 0
145. 0
146. 1
147. 1
148. 0
149. 1
150. 1
151. 1
152. 1
153. 0
154. 1
155. 0
156. 1
157. 0
158. 0
159. 0
160. 0
161. 0
162. 0
163. 0
164. 0
165. 0
166. 0
167. 2
168. 1
169. 1
170. 0
171. 0
172. 0
173. 1
174. 0
175. 0
176. 0
177. 0
178. 1
179. 0
180. 0
181. 0
182. 1
183. 0
184. 0
185. 1
186. 1
187. 0
188. 1
189. 1
190. 1
191. 1
192. 0
193. 1
194. 0
195. 1
196. 1
197. 1
198. 1
199. 1
200. 0