680.txt
1. 1
2. 1
3. 0
4. 0
5. 0
6. 0
7. 0
8. 3
9. 0
10. 0
11. 1
12. 1
13. 0
14. 1
15. 1
16. 0
17. 0
18. 0
19. 1
20. 1
21. 0
22. 0
23. 0
24. 0
25. 0
26. 0
27. 2
28. 0
29. 0
30. 0
31. 0
32. 1
33. 0
34. 0
35. 1
36. 0
37. 1
38. 0
39. 0
40. 1
41. 0
42. 0
43. 1
44. 1
45. 0
46. 1
47. 0
48. 0
49. 1
50. 0
51. 0
52. 0
53. 0
54. 1
55. 1
56. 0
57. 1
58. 0
59. 1
60. 0
61. 0
62. 0
63. 0
64. 0
65. 0
66. 0
67. 1
68. 1
69. 0
70. 0
71. 1
72. 0
73. 0
74. 0
75. 0
76. 1
77. 0
78. 10
79. 2
80. 0
81. 1
82. 0
83. 0
84. 0
85. 0
86. 0
87. 0
88. 0
89. 0
90. 1
91. 1
92. 0
93. 0
94. 0
95. 1
96. 0
97. 1
98. 0
99. 1
100. 1
101. 1
102. 1
103. 0
104. 0
105. 0
106. 0
107. 1
108. 0
109. 0
110. 1
111. 0
112. 0
113. 0
114. 0
115. 0
116. 2
117. 0
118. 0
119. 0
120. 0
121. 0
122. 0
123. 0
124. 0
125. 0
126. 2
127. 1
128. 0
129. 0
130. 2
131. 0
132. 0
133. 0
134. 1
135. 0
136. 0
137. 0
138. 0
139. 0
140. 0
141. 0
142. 1
143. 0
144. 0
145. 0
146. 0
147. 1
148. 0
149. 0
150. 1
151. 1
152. 1
153. 0
154. 0
155. 1
156. 0
157. 1
158. 1
159. 1
160. 0
161. 1
162. 0
163. 1
164. 0
165. 0
166. 0
167. 0
168. 0
169. 0
170. 0
171. 0
172. 0
173. 1
174. 0
175. 0
176. 1
177. 1
178. 1
179. 1
180. 0
181. 1
182. 0
183. 0
184. 1
185. 1
186. 0
187. 0
188. 1
189. 0
190. 1
191. 0
192. 0
193. 1
194. 0
195. 0
196. 0
197. 0
198. 1
199. 0
200. 0