694.txt
1. 1
2. 0
3. 0
4. 1
5. 1
6. 1
7. 0
8. 1
9. 0
10. 1
11. 0
12. 0
13. 1
14. 0
15. 0
16. 2
17. 1
18. 0
19. 0
20. 0
21. 1
22. 1
23. 1
24. 1
25. 0
26. 1
27. 0
28. 0
29. 2
30. 0
31. 0
32. 1
33. 0
34. 1
35. 1
36. 0
37. 0
38. 1
39. 1
40. 1
41. 1
42. 0
43. 0
44. 0
45. 0
46. 1
47. 0
48. 0
49. 0
50. 0
51. 0
52. 0
53. 1
54. 0
55. 1
56. 1
57. 0
58. 0
59. 0
60. 2
61. 0
62. 1
63. 1
64. 0
65. 2
66. 0
67. 0
68. 0
69. 0
70. 0
71. 0
72. 0
73. 0
74. 0
75. 0
76. 0
77. 0
78. 0
79. 0
80. 0
81. 0
82. 0
83. 0
84. 0
85. 0
86. 0
87. 0
88. 1
89. 1
90. 1
91. 0
92. 0
93. 0
94. 0
95. 0
96. 1
97. 0
98. 0
99. 0
100. 0
101. 2
102. 1
103. 1
104. 0
105. 0
106. 0
107. 0
108. 0
109. 0
110. 0
111. 0
112. 0
113. 1
114. 0
115. 1
116. 1
117. 0
118. 0
119. 1
120. 0
121. 0
122. 0
123. 0
124. 1
125. 0
126. 1
127. 1
128. 0
129. 0
130. 0
131. 1
132. 0
133. 0
134. 1
135. 1
136. 0
137. 0
138. 0
139. 0
140. 1
141. 1
142. 2
143. 0
144. 0
145. 0
146. 0
147. 1
148. 0
149. 2
150. 0
151. 0
152. 0
153. 0
154. 0
155. 0
156. 1
157. 0
158. 0
159. 0
160. 0
161. 0
162. 1
163. 1
164. 1
165. 0
166. 0
167. 0
168. 1
169. 1
170. 0
171. 1
172. 0
173. 2
174. 0
175. 0
176. 1
177. 0
178. 1
179. 0
180. 0
181. 0
182. 1
183. 0
184. 1
185. 1
186. 0
187. 2
188. 0
189. 0
190. 0
191. 0
192. 1
193. 1
194. 0
195. 0
196. 0
197. 0
198. 1
199. 0
200. 0