705.txt
1. 1
2. 0
3. 0
4. 2
5. 0
6. 0
7. 1
8. 1
9. 0
10. 1
11. 1
12. 0
13. 2
14. 0
15. 0
16. 2
17. 0
18. 0
19. 1
20. 0
21. 0
22. 0
23. 0
24. 1
25. 0
26. 1
27. 0
28. 0
29. 0
30. 1
31. 1
32. 0
33. 1
34. 2
35. 1
36. 0
37. 0
38. 1
39. 1
40. 2
41. 0
42. 0
43. 0
44. 0
45. 0
46. 0
47. 1
48. 1
49. 1
50. 0
51. 1
52. 0
53. 1
54. 0
55. 0
56. 1
57. 0
58. 1
59. 0
60. 1
61. 0
62. 0
63. 0
64. 1
65. 2
66. 0
67. 0
68. 0
69. 0
70. 0
71. 0
72. 0
73. 0
74. 0
75. 0
76. 0
77. 0
78. 0
79. 0
80. 0
81. 1
82. 0
83. 0
84. 1
85. 1
86. 1
87. 1
88. 0
89. 2
90. 0
91. 0
92. 1
93. 0
94. 0
95. 1
96. 0
97. 0
98. 0
99. 1
100. 1
101. 1
102. 1
103. 0
104. 1
105. 2
106. 0
107. 0
108. 0
109. 0
110. 1
111. 0
112. 0
113. 0
114. 0
115. 0
116. 0
117. 0
118. 1
119. 1
120. 0
121. 0
122. 0
123. 0
124. 0
125. 0
126. 0
127. 0
128. 1
129. 0
130. 2
131. 0
132. 0
133. 0
134. 0
135. 1
136. 1
137. 1
138. 0
139. 0
140. 0
141. 0
142. 0
143. 0
144. 0
145. 0
146. 0
147. 1
148. 0
149. 0
150. 0
151. 1
152. 1
153. 0
154. 0
155. 2
156. 0
157. 0
158. 0
159. 1
160. 0
161. 0
162. 1
163. 0
164. 0
165. 1
166. 1
167. 1
168. 0
169. 1
170. 0
171. 0
172. 0
173. 0
174. 0
175. 0
176. 1
177. 1
178. 0
179. 0
180. 1
181. 2
182. 0
183. 0
184. 0
185. 0
186. 0
187. 0
188. 0
189. 0
190. 0
191. 1
192. 1
193. 0
194. 0
195. 0
196. 0
197. 0
198. 2
199. 2
200. 0