730.txt
1. 1
2. 0
3. 2
4. 0
5. 0
6. 3
7. 0
8. 0
9. 0
10. 1
11. 1
12. 0
13. 0
14. 0
15. 0
16. 2
17. 1
18. 0
19. 0
20. 2
21. 0
22. 0
23. 0
24. 1
25. 0
26. 1
27. 1
28. 2
29. 0
30. 0
31. 2
32. 0
33. 0
34. 0
35. 0
36. 1
37. 0
38. 2
39. 0
40. 0
41. 0
42. 1
43. 0
44. 3
45. 0
46. 1
47. 3
48. 2
49. 1
50. 1
51. 0
52. 0
53. 0
54. 1
55. 0
56. 2
57. 2
58. 0
59. 0
60. 1
61. 0
62. 0
63. 0
64. 0
65. 0
66. 1
67. 0
68. 0
69. 0
70. 1
71. 0
72. 1
73. 0
74. 0
75. 0
76. 1
77. 0
78. 2
79. 0
80. 0
81. 0
82. 1
83. 0
84. 1
85. 0
86. 1
87. 2
88. 0
89. 1
90. 1
91. 0
92. 1
93. 0
94. 2
95. 1
96. 0
97. 1
98. 1
99. 0
100. 0
101. 0
102. 1
103. 1
104. 1
105. 0
106. 2
107. 0
108. 0
109. 0
110. 1
111. 5
112. 0
113. 1
114. 0
115. 0
116. 1
117. 0
118. 1
119. 0
120. 2
121. 0
122. 0
123. 0
124. 2
125. 1
126. 1
127. 1
128. 2
129. 2
130. 0
131. 0
132. 0
133. 1
134. 2
135. 0
136. 0
137. 1
138. 0
139. 0
140. 1
141. 1
142. 0
143. 0
144. 0
145. 0
146. 1
147. 1
148. 0
149. 2
150. 0
151. 0
152. 0
153. 0
154. 1
155. 0
156. 0
157. 1
158. 0
159. 0
160. 0
161. 1
162. 0
163. 1
164. 1
165. 0
166. 0
167. 0
168. 0
169. 0
170. 1
171. 0
172. 0
173. 0
174. 1
175. 1
176. 0
177. 1
178. 1
179. 1
180. 1
181. 1
182. 0
183. 0
184. 0
185. 0
186. 0
187. 1
188. 2
189. 0
190. 0
191. 0
192. 1
193. 1
194. 0
195. 0
196. 0
197. 0
198. 1
199. 0
200. 0