743.txt
1. 0
2. 1
3. 0
4. 0
5. 0
6. 0
7. 0
8. 0
9. 1
10. 1
11. 1
12. 2
13. 0
14. 1
15. 2
16. 1
17. 0
18. 0
19. 0
20. 0
21. 0
22. 1
23. 0
24. 0
25. 0
26. 1
27. 1
28. 2
29. 1
30. 0
31. 0
32. 0
33. 0
34. 1
35. 0
36. 0
37. 0
38. 1
39. 2
40. 0
41. 1
42. 1
43. 1
44. 0
45. 1
46. 0
47. 0
48. 1
49. 0
50. 0
51. 0
52. 1
53. 1
54. 0
55. 0
56. 0
57. 0
58. 0
59. 0
60. 0
61. 0
62. 0
63. 0
64. 0
65. 0
66. 0
67. 2
68. 0
69. 0
70. 1
71. 0
72. 0
73. 0
74. 0
75. 0
76. 0
77. 1
78. 1
79. 0
80. 0
81. 0
82. 0
83. 0
84. 0
85. 0
86. 1
87. 1
88. 1
89. 0
90. 2
91. 1
92. 0
93. 1
94. 1
95. 0
96. 0
97. 1
98. 1
99. 0
100. 1
101. 1
102. 0
103. 9
104. 1
105. 0
106. 0
107. 0
108. 0
109. 2
110. 1
111. 0
112. 0
113. 1
114. 0
115. 0
116. 0
117. 0
118. 0
119. 1
120. 2
121. 0
122. 0
123. 0
124. 0
125. 1
126. 0
127. 0
128. 0
129. 1
130. 2
131. 0
132. 1
133. 1
134. 1
135. 0
136. 2
137. 0
138. 0
139. 0
140. 2
141. 0
142. 0
143. 0
144. 0
145. 0
146. 0
147. 1
148. 0
149. 0
150. 0
151. 0
152. 0
153. 0
154. 0
155. 0
156. 0
157. 0
158. 0
159. 1
160. 1
161. 0
162. 1
163. 0
164. 1
165. 0
166. 0
167. 0
168. 1
169. 0
170. 0
171. 0
172. 0
173. 0
174. 0
175. 1
176. 0
177. 0
178. 1
179. 0
180. 0
181. 0
182. 0
183. 1
184. 1
185. 0
186. 0
187. 0
188. 1
189. 0
190. 0
191. 0
192. 0
193. 0
194. 0
195. 0
196. 0
197. 1
198. 0
199. 0
200. 0