80.txt
1. 0
2. 1
3. 1
4. 1
5. 2
6. 0
7. 1
8. 0
9. 1
10. 0
11. 1
12. 1
13. 2
14. 1
15. 1
16. 0
17. 1
18. 0
19. 1
20. 0
21. 0
22. 2
23. 1
24. 0
25. 1
26. 1
27. 0
28. 0
29. 0
30. 1
31. 0
32. 0
33. 1
34. 0
35. 1
36. 0
37. 0
38. 0
39. 2
40. 1
41. 0
42. 1
43. 0
44. 1
45. 0
46. 0
47. 0
48. 0
49. 0
50. 0
51. 0
52. 1
53. 0
54. 0
55. 0
56. 1
57. 0
58. 0
59. 0
60. 0
61. 0
62. 0
63. 0
64. 1
65. 0
66. 2
67. 1
68. 0
69. 1
70. 1
71. 0
72. 1
73. 0
74. 0
75. 0
76. 1
77. 0
78. 0
79. 0
80. 1
81. 1
82. 0
83. 0
84. 2
85. 0
86. 0
87. 0
88. 1
89. 1
90. 1
91. 1
92. 2
93. 0
94. 0
95. 2
96. 0
97. 0
98. 0
99. 1
100. 0
101. 1
102. 0
103. 1
104. 0
105. 1
106. 0
107. 0
108. 0
109. 1
110. 0
111. 0
112. 0
113. 0
114. 0
115. 0
116. 0
117. 0
118. 1
119. 1
120. 0
121. 0
122. 0
123. 1
124. 0
125. 0
126. 0
127. 0
128. 1
129. 0
130. 0
131. 0
132. 0
133. 0
134. 0
135. 0
136. 1
137. 0
138. 0
139. 0
140. 0
141. 1
142. 0
143. 0
144. 0
145. 1
146. 1
147. 0
148. 1
149. 1
150. 1
151. 0
152. 0
153. 0
154. 0
155. 0
156. 1
157. 2
158. 0
159. 0
160. 0
161. 2
162. 0
163. 0
164. 1
165. 0
166. 0
167. 2
168. 0
169. 0
170. 0
171. 2
172. 1
173. 0
174. 1
175. 1
176. 0
177. 1
178. 0
179. 0
180. 0
181. 0
182. 0
183. 0
184. 2
185. 0
186. 1
187. 0
188. 0
189. 1
190. 0
191. 0
192. 0
193. 2
194. 1
195. 0
196. 1
197. 0
198. 0
199. 0
200. 0