823.txt
1. 1
2. 0
3. 1
4. 1
5. 1
6. 0
7. 1
8. 1
9. 1
10. 1
11. 0
12. 2
13. 0
14. 2
15. 1
16. 2
17. 0
18. 0
19. 0
20. 1
21. 2
22. 1
23. 2
24. 0
25. 1
26. 0
27. 0
28. 1
29. 0
30. 0
31. 0
32. 0
33. 0
34. 0
35. 0
36. 0
37. 1
38. 0
39. 1
40. 0
41. 1
42. 0
43. 0
44. 0
45. 0
46. 0
47. 0
48. 1
49. 0
50. 1
51. 0
52. 0
53. 0
54. 0
55. 0
56. 0
57. 2
58. 0
59. 1
60. 1
61. 2
62. 0
63. 1
64. 2
65. 0
66. 1
67. 0
68. 0
69. 0
70. 0
71. 1
72. 1
73. 1
74. 0
75. 1
76. 0
77. 0
78. 0
79. 1
80. 0
81. 0
82. 1
83. 0
84. 0
85. 0
86. 0
87. 1
88. 1
89. 0
90. 1
91. 0
92. 0
93. 0
94. 1
95. 1
96. 0
97. 0
98. 0
99. 1
100. 1
101. 0
102. 0
103. 0
104. 2
105. 1
106. 0
107. 1
108. 1
109. 1
110. 1
111. 0
112. 0
113. 0
114. 2
115. 0
116. 0
117. 1
118. 2
119. 0
120. 0
121. 0
122. 0
123. 0
124. 0
125. 0
126. 1
127. 0
128. 1
129. 1
130. 1
131. 2
132. 0
133. 0
134. 1
135. 0
136. 1
137. 0
138. 0
139. 0
140. 0
141. 0
142. 1
143. 0
144. 0
145. 1
146. 0
147. 0
148. 1
149. 0
150. 1
151. 0
152. 1
153. 0
154. 0
155. 0
156. 0
157. 0
158. 0
159. 0
160. 1
161. 1
162. 0
163. 0
164. 1
165. 0
166. 1
167. 0
168. 2
169. 1
170. 1
171. 1
172. 1
173. 1
174. 1
175. 0
176. 1
177. 1
178. 0
179. 1
180. 0
181. 0
182. 1
183. 0
184. 0
185. 0
186. 0
187. 0
188. 1
189. 0
190. 1
191. 1
192. 0
193. 1
194. 1
195. 0
196. 0
197. 1
198. 2
199. 1
200. 1