841.txt
1. 0
2. 0
3. 0
4. 2
5. 2
6. 0
7. 0
8. 0
9. 1
10. 0
11. 0
12. 1
13. 1
14. 0
15. 1
16. 0
17. 1
18. 1
19. 0
20. 1
21. 0
22. 0
23. 1
24. 0
25. 1
26. 0
27. 0
28. 0
29. 0
30. 0
31. 0
32. 0
33. 1
34. 0
35. 1
36. 0
37. 0
38. 0
39. 0
40. 1
41. 1
42. 1
43. 0
44. 1
45. 0
46. 0
47. 0
48. 0
49. 2
50. 1
51. 0
52. 0
53. 0
54. 1
55. 1
56. 0
57. 0
58. 0
59. 0
60. 0
61. 0
62. 0
63. 0
64. 1
65. 1
66. 0
67. 0
68. 0
69. 0
70. 0
71. 1
72. 0
73. 1
74. 1
75. 0
76. 0
77. 0
78. 0
79. 0
80. 0
81. 0
82. 0
83. 1
84. 0
85. 0
86. 2
87. 0
88. 0
89. 1
90. 1
91. 0
92. 0
93. 0
94. 0
95. 0
96. 0
97. 0
98. 0
99. 1
100. 0
101. 0
102. 0
103. 2
104. 0
105. 1
106. 1
107. 0
108. 0
109. 0
110. 0
111. 0
112. 0
113. 0
114. 1
115. 0
116. 2
117. 0
118. 0
119. 0
120. 1
121. 0
122. 0
123. 0
124. 0
125. 0
126. 0
127. 0
128. 0
129. 0
130. 0
131. 0
132. 0
133. 0
134. 0
135. 1
136. 0
137. 0
138. 0
139. 0
140. 0
141. 0
142. 0
143. 1
144. 0
145. 1
146. 0
147. 0
148. 0
149. 0
150. 1
151. 0
152. 0
153. 0
154. 0
155. 1
156. 0
157. 0
158. 0
159. 0
160. 0
161. 0
162. 0
163. 0
164. 0
165. 0
166. 0
167. 1
168. 0
169. 1
170. 1
171. 0
172. 0
173. 0
174. 0
175. 0
176. 0
177. 1
178. 1
179. 1
180. 0
181. 1
182. 1
183. 0
184. 0
185. 0
186. 0
187. 0
188. 1
189. 0
190. 0
191. 0
192. 0
193. 1
194. 0
195. 1
196. 1
197. 0
198. 1
199. 0
200. 0