862.txt
1. 0
2. 0
3. 1
4. 1
5. 0
6. 1
7. 0
8. 0
9. 0
10. 1
11. 1
12. 0
13. 1
14. 0
15. 0
16. 0
17. 0
18. 0
19. 0
20. 0
21. 0
22. 1
23. 1
24. 0
25. 1
26. 1
27. 0
28. 0
29. 0
30. 0
31. 1
32. 1
33. 1
34. 0
35. 0
36. 1
37. 0
38. 0
39. 0
40. 0
41. 1
42. 0
43. 1
44. 0
45. 1
46. 0
47. 1
48. 0
49. 1
50. 0
51. 1
52. 1
53. 2
54. 1
55. 2
56. 0
57. 1
58. 0
59. 1
60. 1
61. 0
62. 0
63. 0
64. 1
65. 1
66. 0
67. 1
68. 1
69. 0
70. 0
71. 0
72. 1
73. 0
74. 0
75. 1
76. 0
77. 0
78. 0
79. 1
80. 0
81. 1
82. 1
83. 1
84. 1
85. 0
86. 1
87. 0
88. 0
89. 0
90. 1
91. 0
92. 0
93. 1
94. 0
95. 1
96. 0
97. 0
98. 0
99. 0
100. 0
101. 0
102. 1
103. 1
104. 1
105. 0
106. 1
107. 1
108. 0
109. 0
110. 1
111. 0
112. 0
113. 0
114. 0
115. 1
116. 1
117. 1
118. 1
119. 2
120. 0
121. 0
122. 0
123. 0
124. 0
125. 1
126. 2
127. 0
128. 0
129. 0
130. 1
131. 0
132. 1
133. 0
134. 0
135. 0
136. 0
137. 0
138. 0
139. 1
140. 0
141. 1
142. 0
143. 0
144. 0
145. 0
146. 1
147. 1
148. 0
149. 0
150. 0
151. 0
152. 0
153. 1
154. 0
155. 1
156. 0
157. 1
158. 1
159. 0
160. 1
161. 0
162. 0
163. 1
164. 0
165. 0
166. 1
167. 0
168. 1
169. 0
170. 0
171. 1
172. 0
173. 1
174. 0
175. 0
176. 0
177. 1
178. 0
179. 1
180. 1
181. 0
182. 0
183. 0
184. 1
185. 1
186. 0
187. 0
188. 0
189. 0
190. 0
191. 1
192. 0
193. 1
194. 0
195. 1
196. 0
197. 0
198. 1
199. 0
200. 1