869.txt
1. 1
2. 1
3. 1
4. 0
5. 1
6. 1
7. 1
8. 1
9. 1
10. 0
11. 1
12. 1
13. 1
14. 0
15. 0
16. 2
17. 0
18. 0
19. 0
20. 1
21. 1
22. 0
23. 2
24. 0
25. 3
26. 0
27. 0
28. 1
29. 3
30. 0
31. 0
32. 0
33. 1
34. 0
35. 0
36. 0
37. 0
38. 0
39. 0
40. 1
41. 0
42. 0
43. 1
44. 0
45. 0
46. 1
47. 0
48. 0
49. 1
50. 0
51. 0
52. 0
53. 0
54. 0
55. 0
56. 1
57. 0
58. 1
59. 0
60. 1
61. 1
62. 1
63. 1
64. 0
65. 1
66. 1
67. 1
68. 0
69. 2
70. 0
71. 1
72. 0
73. 1
74. 0
75. 0
76. 1
77. 1
78. 0
79. 0
80. 1
81. 0
82. 0
83. 0
84. 0
85. 0
86. 0
87. 0
88. 0
89. 0
90. 0
91. 1
92. 0
93. 1
94. 1
95. 0
96. 0
97. 0
98. 1
99. 0
100. 1
101. 0
102. 0
103. 0
104. 0
105. 0
106. 0
107. 0
108. 1
109. 0
110. 0
111. 0
112. 1
113. 1
114. 0
115. 0
116. 0
117. 0
118. 1
119. 0
120. 1
121. 0
122. 0
123. 0
124. 1
125. 0
126. 0
127. 0
128. 0
129. 0
130. 0
131. 1
132. 1
133. 0
134. 0
135. 1
136. 0
137. 1
138. 0
139. 0
140. 0
141. 0
142. 0
143. 0
144. 1
145. 0
146. 0
147. 0
148. 0
149. 1
150. 0
151. 1
152. 0
153. 1
154. 0
155. 0
156. 0
157. 1
158. 0
159. 0
160. 0
161. 1
162. 1
163. 0
164. 1
165. 1
166. 0
167. 0
168. 0
169. 1
170. 0
171. 0
172. 0
173. 0
174. 0
175. 0
176. 0
177. 1
178. 0
179. 1
180. 0
181. 0
182. 0
183. 0
184. 0
185. 0
186. 0
187. 0
188. 0
189. 1
190. 1
191. 0
192. 0
193. 0
194. 1
195. 0
196. 0
197. 0
198. 0
199. 0
200. 0