917.txt
1. 1
2. 1
3. 1
4. 0
5. 0
6. 1
7. 1
8. 0
9. 1
10. 1
11. 0
12. 0
13. 1
14. 1
15. 1
16. 0
17. 1
18. 0
19. 1
20. 1
21. 0
22. 0
23. 0
24. 0
25. 1
26. 0
27. 1
28. 0
29. 0
30. 0
31. 0
32. 1
33. 0
34. 0
35. 1
36. 0
37. 1
38. 1
39. 1
40. 1
41. 0
42. 1
43. 0
44. 0
45. 0
46. 0
47. 0
48. 1
49. 0
50. 1
51. 0
52. 0
53. 0
54. 0
55. 0
56. 0
57. 0
58. 1
59. 0
60. 1
61. 0
62. 1
63. 0
64. 0
65. 0
66. 0
67. 0
68. 1
69. 0
70. 0
71. 1
72. 1
73. 1
74. 1
75. 0
76. 0
77. 0
78. 0
79. 0
80. 0
81. 0
82. 0
83. 1
84. 0
85. 0
86. 1
87. 2
88. 0
89. 0
90. 0
91. 1
92. 0
93. 1
94. 0
95. 0
96. 0
97. 0
98. 1
99. 0
100. 1
101. 1
102. 0
103. 1
104. 0
105. 0
106. 0
107. 0
108. 0
109. 0
110. 0
111. 0
112. 1
113. 1
114. 0
115. 1
116. 1
117. 0
118. 1
119. 2
120. 1
121. 1
122. 0
123. 0
124. 1
125. 1
126. 0
127. 1
128. 0
129. 0
130. 0
131. 0
132. 0
133. 0
134. 1
135. 0
136. 1
137. 1
138. 0
139. 1
140. 0
141. 0
142. 0
143. 0
144. 1
145. 1
146. 2
147. 0
148. 1
149. 10
150. 1
151. 2
152. 0
153. 1
154. 0
155. 0
156. 0
157. 1
158. 1
159. 0
160. 2
161. 0
162. 1
163. 0
164. 1
165. 1
166. 0
167. 0
168. 0
169. 0
170. 1
171. 0
172. 2
173. 0
174. 0
175. 0
176. 1
177. 1
178. 0
179. 0
180. 1
181. 1
182. 1
183. 1
184. 0
185. 1
186. 0
187. 0
188. 0
189. 1
190. 1
191. 0
192. 1
193. 0
194. 0
195. 0
196. 1
197. 0
198. 0
199. 0
200. 1