918.txt
1. 2
2. 1
3. 0
4. 1
5. 0
6. 1
7. 1
8. 1
9. 1
10. 1
11. 0
12. 1
13. 1
14. 0
15. 0
16. 0
17. 0
18. 0
19. 0
20. 0
21. 0
22. 1
23. 1
24. 0
25. 0
26. 1
27. 1
28. 0
29. 0
30. 0
31. 1
32. 1
33. 1
34. 0
35. 1
36. 1
37. 1
38. 0
39. 1
40. 0
41. 0
42. 0
43. 1
44. 0
45. 1
46. 0
47. 1
48. 1
49. 0
50. 1
51. 1
52. 1
53. 0
54. 1
55. 0
56. 1
57. 0
58. 0
59. 0
60. 0
61. 1
62. 0
63. 0
64. 1
65. 1
66. 0
67. 1
68. 0
69. 1
70. 0
71. 1
72. 1
73. 0
74. 0
75. 0
76. 0
77. 0
78. 0
79. 1
80. 1
81. 0
82. 1
83. 1
84. 0
85. 0
86. 0
87. 0
88. 0
89. 1
90. 1
91. 1
92. 1
93. 1
94. 0
95. 1
96. 0
97. 0
98. 0
99. 0
100. 1
101. 1
102. 0
103. 1
104. 1
105. 0
106. 1
107. 0
108. 1
109. 1
110. 0
111. 0
112. 0
113. 0
114. 0
115. 1
116. 0
117. 1
118. 0
119. 1
120. 0
121. 0
122. 1
123. 1
124. 1
125. 0
126. 0
127. 0
128. 0
129. 1
130. 1
131. 0
132. 0
133. 0
134. 0
135. 1
136. 0
137. 1
138. 1
139. 0
140. 0
141. 0
142. 0
143. 1
144. 1
145. 0
146. 1
147. 0
148. 1
149. 1
150. 1
151. 2
152. 1
153. 0
154. 0
155. 0
156. 0
157. 0
158. 0
159. 1
160. 0
161. 0
162. 0
163. 0
164. 0
165. 0
166. 1
167. 0
168. 0
169. 1
170. 0
171. 0
172. 0
173. 0
174. 0
175. 1
176. 0
177. 1
178. 0
179. 0
180. 0
181. 0
182. 1
183. 1
184. 1
185. 0
186. 1
187. 1
188. 0
189. 0
190. 1
191. 1
192. 0
193. 0
194. 0
195. 0
196. 1
197. 0
198. 0
199. 0
200. 0