1025.txt
1. 2
2. 1
3. 1
4. 1
5. 6
6. 3
7. 1
8. 4
9. 2
10. 2
11. 2
12. 1
13. 2
14. 4
15. 3
16. 2
17. 1
18. 2
19. 4
20. 4
21. 1
22. 1
23. 4
24. 2
25. 4
26. 3
27. 4
28. 6
29. 3
30. 2
31. 1
32. 1
33. 1
34. 3
35. 1
36. 2
37. 4
38. 3
39. 3
40. 3
41. 1
42. 3
43. 1
44. 1
45. 2
46. 2
47. 1
48. 2
49. 3
50. 3
51. 4
52. 5
53. 1
54. 6
55. 3
56. 2
57. 3
58. 2
59. 2
60. 3
61. 2
62. 3
63. 5
64. 4
65. 2
66. 2
67. 2
68. 3
69. 2
70. 3
71. 1
72. 3
73. 3
74. 2
75. 3
76. 2
77. 2
78. 3
79. 2
80. 3
81. 4
82. 3
83. 4
84. 3
85. 1
86. 2
87. 3
88. 2
89. 3
90. 2
91. 1
92. 2
93. 2
94. 2
95. 2
96. 2
97. 3
98. 3
99. 1
100. 2
101. 2
102. 3
103. 2
104. 2
105. 5
106. 3
107. 2
108. 2
109. 3
110. 1
111. 3
112. 1
113. 2
114. 5
115. 4
116. 2
117. 1
118. 2
119. 2
120. 3
121. 2
122. 2
123. 1
124. 4
125. 2
126. 1
127. 3
128. 1
129. 2
130. 2
131. 3
132. 1
133. 3
134. 5
135. 5
136. 2
137. 2
138. 2
139. 2
140. 1
141. 4
142. 3
143. 3
144. 3
145. 2
146. 2
147. 3
148. 2
149. 2
150. 2
151. 3
152. 2
153. 3
154. 2
155. 3
156. 2
157. 3
158. 2
159. 3
160. 1
161. 4
162. 2
163. 3
164. 1
165. 1
166. 4
167. 2
168. 1
169. 2
170. 3
171. 2
172. 2
173. 8
174. 2
175. 2
176. 7
177. 2
178. 2
179. 2
180. 2
181. 3
182. 2
183. 3
184. 2
185. 4
186. 2
187. 2
188. 3
189. 2
190. 3
191. 3
192. 1
193. 3
194. 2
195. 2
196. 1
197. 1
198. 3
199. 3
200. 2