1027.txt
1. 0
2. 0
3. 8
4. 0
5. 4
6. 0
7. 2
8. 2
9. 1
10. 2
11. 0
12. 9
13. 4
14. 3
15. 2
16. 3
17. 0
18. 2
19. 1
20. 0
21. 0
22. 2
23. 1
24. 0
25. 4
26. 3
27. 1
28. 2
29. 0
30. 1
31. 2
32. 0
33. 0
34. 1
35. 0
36. 1
37. 1
38. 0
39. 2
40. 1
41. 0
42. 0
43. 1
44. 2
45. 1
46. 0
47. 1
48. 2
49. 2
50. 1
51. 7
52. 1
53. 3
54. 3
55. 1
56. 3
57. 0
58. 0
59. 2
60. 0
61. 2
62. 2
63. 2
64. 2
65. 0
66. 0
67. 2
68. 2
69. 0
70. 2
71. 3
72. 7
73. 1
74. 0
75. 4
76. 1
77. 6
78. 0
79. 2
80. 2
81. 1
82. 2
83. 1
84. 0
85. 2
86. 1
87. 1
88. 1
89. 0
90. 3
91. 3
92. 4
93. 3
94. 2
95. 2
96. 4
97. 1
98. 1
99. 2
100. 5
101. 0
102. 0
103. 1
104. 3
105. 2
106. 1
107. 2
108. 0
109. 1
110. 2
111. 3
112. 1
113. 0
114. 0
115. 3
116. 2
117. 3
118. 3
119. 1
120. 6
121. 5
122. 2
123. 2
124. 0
125. 1
126. 2
127. 2
128. 0
129. 3
130. 0
131. 1
132. 2
133. 1
134. 1
135. 1
136. 1
137. 1
138. 1
139. 0
140. 1
141. 3
142. 1
143. 0
144. 3
145. 3
146. 1
147. 0
148. 1
149. 2
150. 1
151. 2
152. 1
153. 2
154. 2
155. 2
156. 4
157. 1
158. 1
159. 1
160. 2
161. 1
162. 1
163. 1
164. 2
165. 1
166. 4
167. 3
168. 3
169. 3
170. 1
171. 1
172. 2
173. 2
174. 1
175. 3
176. 1
177. 1
178. 1
179. 3
180. 2
181. 3
182. 3
183. 1
184. 1
185. 2
186. 2
187. 1
188. 2
189. 3
190. 1
191. 3
192. 2
193. 2
194. 1
195. 2
196. 0
197. 1
198. 1
199. 1
200. 2