1034.txt
1. 0
2. 3
3. 0
4. 0
5. 4
6. 0
7. 0
8. 2
9. 0
10. 2
11. 0
12. 2
13. 0
14. 2
15. 2
16. 3
17. 3
18. 0
19. 3
20. 3
21. 2
22. 4
23. 4
24. 0
25. 0
26. 0
27. 0
28. 0
29. 0
30. 0
31. 0
32. 0
33. 3
34. 0
35. 3
36. 0
37. 0
38. 0
39. 2
40. 0
41. 3
42. 2
43. 2
44. 8
45. 3
46. 0
47. 0
48. 2
49. 3
50. 0
51. 4
52. 2
53. 0
54. 5
55. 0
56. 0
57. 0
58. 2
59. 3
60. 0
61. 4
62. 0
63. 0
64. 2
65. 0
66. 4
67. 0
68. 2
69. 0
70. 0
71. 2
72. 3
73. 0
74. 2
75. 2
76. 0
77. 0
78. 0
79. 0
80. 2
81. 0
82. 0
83. 3
84. 0
85. 2
86. 0
87. 4
88. 2
89. 0
90. 2
91. 0
92. 3
93. 0
94. 5
95. 0
96. 2
97. 2
98. 0
99. 0
100. 2
101. 0
102. 2
103. 0
104. 0
105. 2
106. 0
107. 0
108. 0
109. 0
110. 3
111. 0
112. 0
113. 2
114. 5
115. 0
116. 3
117. 3
118. 2
119. 0
120. 0
121. 2
122. 3
123. 3
124. 2
125. 0
126. 3
127. 2
128. 0
129. 0
130. 0
131. 0
132. 0
133. 4
134. 0
135. 2
136. 2
137. 0
138. 2
139. 4
140. 3
141. 0
142. 0
143. 0
144. 0
145. 0
146. 0
147. 0
148. 0
149. 2
150. 2
151. 0
152. 2
153. 2
154. 2
155. 4
156. 3
157. 0
158. 0
159. 3
160. 4
161. 0
162. 2
163. 3
164. 0
165. 2
166. 3
167. 0
168. 3
169. 0
170. 0
171. 3
172. 0
173. 0
174. 0
175. 0
176. 0
177. 2
178. 2
179. 3
180. 0
181. 6
182. 0
183. 0
184. 2
185. 0
186. 0
187. 4
188. 0
189. 5
190. 4
191. 0
192. 2
193. 0
194. 0
195. 0
196. 0
197. 2
198. 0
199. 0
200. 4