1053.txt
1. 7
2. 3
3. 2
4. 1
5. 2
6. 2
7. 2
8. 3
9. 4
10. 1
11. 4
12. 2
13. 3
14. 1
15. 1
16. 3
17. 2
18. 4
19. 2
20. 1
21. 4
22. 4
23. 1
24. 2
25. 2
26. 2
27. 4
28. 3
29. 5
30. 2
31. 2
32. 2
33. 3
34. 2
35. 3
36. 3
37. 5
38. 4
39. 4
40. 2
41. 3
42. 2
43. 7
44. 2
45. 2
46. 3
47. 3
48. 3
49. 2
50. 2
51. 4
52. 6
53. 2
54. 1
55. 2
56. 5
57. 2
58. 3
59. 2
60. 2
61. 2
62. 2
63. 4
64. 2
65. 2
66. 3
67. 2
68. 3
69. 4
70. 2
71. 2
72. 2
73. 2
74. 2
75. 2
76. 2
77. 3
78. 3
79. 5
80. 2
81. 4
82. 2
83. 2
84. 4
85. 1
86. 2
87. 2
88. 3
89. 1
90. 5
91. 3
92. 2
93. 3
94. 4
95. 2
96. 3
97. 3
98. 2
99. 2
100. 2
101. 2
102. 3
103. 2
104. 2
105. 2
106. 4
107. 2
108. 2
109. 4
110. 2
111. 2
112. 2
113. 3
114. 4
115. 2
116. 2
117. 3
118. 3
119. 3
120. 4
121. 2
122. 3
123. 4
124. 3
125. 2
126. 3
127. 2
128. 2
129. 2
130. 3
131. 2
132. 3
133. 2
134. 3
135. 2
136. 3
137. 2
138. 3
139. 3
140. 4
141. 3
142. 2
143. 2
144. 2
145. 5
146. 2
147. 4
148. 3
149. 3
150. 3
151. 1
152. 2
153. 5
154. 3
155. 2
156. 3
157. 2
158. 2
159. 2
160. 4
161. 2
162. 2
163. 2
164. 3
165. 2
166. 3
167. 2
168. 2
169. 1
170. 2
171. 2
172. 3
173. 3
174. 2
175. 2
176. 3
177. 2
178. 2
179. 2
180. 2
181. 2
182. 3
183. 3
184. 1
185. 3
186. 2
187. 1
188. 3
189. 4
190. 3
191. 2
192. 3
193. 3
194. 2
195. 2
196. 2
197. 1
198. 2
199. 3
200. 3