1055.txt
1. 2
2. 4
3. 1
4. 2
5. 1
6. 1
7. 0
8. 3
9. 0
10. 1
11. 2
12. 1
13. 2
14. 1
15. 5
16. 3
17. 2
18. 1
19. 2
20. 2
21. 3
22. 3
23. 2
24. 2
25. 2
26. 6
27. 2
28. 2
29. 0
30. 2
31. 1
32. 2
33. 4
34. 3
35. 3
36. 1
37. 5
38. 1
39. 1
40. 3
41. 0
42. 3
43. 3
44. 1
45. 5
46. 3
47. 3
48. 7
49. 1
50. 2
51. 1
52. 2
53. 2
54. 4
55. 2
56. 1
57. 3
58. 1
59. 2
60. 1
61. 2
62. 2
63. 2
64. 2
65. 2
66. 2
67. 1
68. 2
69. 1
70. 3
71. 1
72. 4
73. 2
74. 5
75. 1
76. 2
77. 1
78. 4
79. 4
80. 2
81. 3
82. 1
83. 1
84. 2
85. 2
86. 1
87. 2
88. 1
89. 2
90. 2
91. 5
92. 2
93. 1
94. 2
95. 2
96. 2
97. 2
98. 1
99. 5
100. 4
101. 1
102. 2
103. 2
104. 2
105. 1
106. 2
107. 1
108. 1
109. 4
110. 2
111. 1
112. 2
113. 7
114. 1
115. 1
116. 1
117. 2
118. 3
119. 2
120. 1
121. 2
122. 1
123. 3
124. 1
125. 2
126. 1
127. 3
128. 1
129. 2
130. 2
131. 2
132. 1
133. 3
134. 2
135. 2
136. 2
137. 1
138. 3
139. 1
140. 2
141. 2
142. 1
143. 1
144. 2
145. 2
146. 2
147. 2
148. 3
149. 2
150. 5
151. 1
152. 2
153. 2
154. 1
155. 1
156. 3
157. 1
158. 2
159. 4
160. 2
161. 3
162. 1
163. 3
164. 2
165. 1
166. 3
167. 1
168. 2
169. 5
170. 1
171. 1
172. 1
173. 2
174. 2
175. 3
176. 7
177. 1
178. 3
179. 1
180. 2
181. 1
182. 2
183. 1
184. 1
185. 2
186. 1
187. 2
188. 2
189. 1
190. 2
191. 1
192. 2
193. 4
194. 1
195. 2
196. 2
197. 3
198. 5
199. 2
200. 5