1064.txt
1. 2
2. 4
3. 1
4. 1
5. 3
6. 1
7. 2
8. 4
9. 3
10. 2
11. 8
12. 1
13. 3
14. 2
15. 2
16. 8
17. 3
18. 3
19. 2
20. 1
21. 2
22. 1
23. 3
24. 5
25. 2
26. 2
27. 1
28. 3
29. 3
30. 4
31. 1
32. 2
33. 1
34. 3
35. 2
36. 3
37. 3
38. 3
39. 6
40. 2
41. 2
42. 5
43. 4
44. 2
45. 2
46. 4
47. 1
48. 3
49. 2
50. 2
51. 4
52. 3
53. 2
54. 4
55. 3
56. 3
57. 2
58. 2
59. 3
60. 1
61. 2
62. 3
63. 5
64. 2
65. 2
66. 2
67. 2
68. 3
69. 4
70. 2
71. 3
72. 4
73. 3
74. 2
75. 5
76. 2
77. 2
78. 1
79. 2
80. 4
81. 6
82. 3
83. 3
84. 2
85. 1
86. 1
87. 3
88. 2
89. 3
90. 1
91. 3
92. 3
93. 4
94. 2
95. 3
96. 7
97. 2
98. 2
99. 1
100. 2
101. 2
102. 1
103. 3
104. 2
105. 4
106. 2
107. 2
108. 2
109. 2
110. 3
111. 2
112. 2
113. 4
114. 2
115. 2
116. 2
117. 2
118. 3
119. 6
120. 3
121. 2
122. 4
123. 4
124. 2
125. 2
126. 5
127. 2
128. 3
129. 1
130. 2
131. 3
132. 3
133. 4
134. 2
135. 2
136. 3
137. 3
138. 2
139. 2
140. 4
141. 1
142. 2
143. 3
144. 3
145. 4
146. 2
147. 2
148. 2
149. 4
150. 2
151. 2
152. 2
153. 3
154. 4
155. 2
156. 3
157. 4
158. 2
159. 2
160. 2
161. 2
162. 7
163. 4
164. 3
165. 3
166. 3
167. 2
168. 3
169. 2
170. 2
171. 2
172. 4
173. 3
174. 4
175. 3
176. 2
177. 2
178. 2
179. 3
180. 3
181. 5
182. 2
183. 2
184. 3
185. 2
186. 3
187. 3
188. 5
189. 2
190. 2
191. 5
192. 2
193. 3
194. 2
195. 3
196. 4
197. 3
198. 1
199. 2
200. 1