1068.txt
1. 0
2. 3
3. 0
4. 4
5. 0
6. 2
7. 2
8. 0
9. 3
10. 2
11. 2
12. 0
13. 0
14. 0
15. 4
16. 0
17. 3
18. 0
19. 0
20. 4
21. 0
22. 2
23. 2
24. 6
25. 0
26. 2
27. 0
28. 3
29. 2
30. 2
31. 0
32. 0
33. 2
34. 0
35. 0
36. 0
37. 2
38. 3
39. 0
40. 2
41. 2
42. 0
43. 4
44. 0
45. 2
46. 2
47. 4
48. 0
49. 5
50. 3
51. 2
52. 0
53. 4
54. 0
55. 0
56. 4
57. 0
58. 0
59. 0
60. 0
61. 3
62. 2
63. 0
64. 3
65. 4
66. 4
67. 2
68. 3
69. 2
70. 0
71. 2
72. 4
73. 0
74. 0
75. 0
76. 2
77. 0
78. 2
79. 2
80. 2
81. 0
82. 0
83. 2
84. 0
85. 0
86. 2
87. 0
88. 0
89. 2
90. 0
91. 2
92. 0
93. 4
94. 0
95. 0
96. 2
97. 2
98. 3
99. 2
100. 0
101. 2
102. 0
103. 3
104. 3
105. 2
106. 0
107. 2
108. 0
109. 0
110. 2
111. 0
112. 0
113. 5
114. 2
115. 0
116. 0
117. 3
118. 2
119. 0
120. 3
121. 0
122. 0
123. 2
124. 0
125. 2
126. 0
127. 4
128. 2
129. 4
130. 0
131. 2
132. 0
133. 0
134. 0
135. 0
136. 0
137. 3
138. 0
139. 0
140. 0
141. 0
142. 2
143. 0
144. 0
145. 0
146. 0
147. 2
148. 2
149. 0
150. 5
151. 3
152. 0
153. 4
154. 2
155. 3
156. 0
157. 0
158. 2
159. 0
160. 2
161. 0
162. 2
163. 0
164. 2
165. 0
166. 2
167. 0
168. 0
169. 0
170. 6
171. 3
172. 0
173. 0
174. 0
175. 3
176. 3
177. 2
178. 0
179. 0
180. 4
181. 3
182. 0
183. 0
184. 0
185. 2
186. 0
187. 3
188. 0
189. 0
190. 0
191. 3
192. 3
193. 0
194. 2
195. 3
196. 0
197. 0
198. 0
199. 2
200. 4