1072.txt
1. 0
2. 4
3. 1
4. 4
5. 2
6. 6
7. 1
8. 2
9. 1
10. 1
11. 0
12. 0
13. 3
14. 0
15. 4
16. 2
17. 3
18. 2
19. 3
20. 1
21. 2
22. 2
23. 1
24. 3
25. 2
26. 0
27. 2
28. 1
29. 1
30. 3
31. 3
32. 1
33. 3
34. 1
35. 0
36. 1
37. 2
38. 4
39. 1
40. 1
41. 6
42. 3
43. 3
44. 2
45. 2
46. 3
47. 2
48. 2
49. 4
50. 0
51. 1
52. 1
53. 3
54. 1
55. 2
56. 1
57. 2
58. 1
59. 1
60. 3
61. 2
62. 1
63. 0
64. 1
65. 2
66. 1
67. 3
68. 1
69. 1
70. 1
71. 4
72. 3
73. 0
74. 2
75. 1
76. 1
77. 2
78. 1
79. 1
80. 3
81. 1
82. 0
83. 2
84. 1
85. 2
86. 2
87. 3
88. 2
89. 2
90. 2
91. 1
92. 2
93. 1
94. 2
95. 3
96. 3
97. 2
98. 1
99. 1
100. 2
101. 0
102. 2
103. 1
104. 1
105. 2
106. 0
107. 3
108. 1
109. 2
110. 0
111. 3
112. 1
113. 3
114. 3
115. 2
116. 3
117. 1
118. 5
119. 0
120. 1
121. 1
122. 1
123. 2
124. 2
125. 4
126. 3
127. 1
128. 1
129. 2
130. 1
131. 0
132. 1
133. 1
134. 2
135. 2
136. 2
137. 1
138. 1
139. 4
140. 5
141. 1
142. 3
143. 1
144. 1
145. 2
146. 1
147. 1
148. 2
149. 3
150. 1
151. 3
152. 1
153. 2
154. 2
155. 4
156. 2
157. 2
158. 2
159. 1
160. 3
161. 0
162. 3
163. 1
164. 2
165. 1
166. 1
167. 2
168. 2
169. 2
170. 3
171. 1
172. 1
173. 2
174. 2
175. 1
176. 3
177. 2
178. 1
179. 2
180. 3
181. 2
182. 2
183. 1
184. 1
185. 2
186. 3
187. 3
188. 1
189. 2
190. 2
191. 2
192. 1
193. 1
194. 3
195. 2
196. 1
197. 5
198. 1
199. 2
200. 1