1080.txt
1. 2
2. 1
3. 1
4. 3
5. 2
6. 3
7. 4
8. 2
9. 4
10. 1
11. 4
12. 1
13. 2
14. 3
15. 1
16. 4
17. 1
18. 1
19. 2
20. 3
21. 4
22. 2
23. 1
24. 2
25. 3
26. 1
27. 1
28. 2
29. 3
30. 1
31. 3
32. 2
33. 2
34. 1
35. 1
36. 3
37. 2
38. 2
39. 3
40. 3
41. 3
42. 3
43. 2
44. 2
45. 1
46. 1
47. 1
48. 2
49. 3
50. 2
51. 2
52. 2
53. 4
54. 3
55. 3
56. 2
57. 2
58. 3
59. 2
60. 2
61. 2
62. 3
63. 1
64. 1
65. 4
66. 4
67. 2
68. 1
69. 3
70. 2
71. 1
72. 2
73. 6
74. 3
75. 1
76. 2
77. 2
78. 3
79. 3
80. 2
81. 2
82. 2
83. 2
84. 3
85. 2
86. 3
87. 2
88. 3
89. 1
90. 4
91. 5
92. 3
93. 2
94. 3
95. 3
96. 3
97. 2
98. 2
99. 7
100. 1
101. 2
102. 2
103. 1
104. 2
105. 1
106. 3
107. 3
108. 3
109. 2
110. 2
111. 2
112. 2
113. 2
114. 3
115. 2
116. 3
117. 4
118. 4
119. 1
120. 2
121. 1
122. 1
123. 1
124. 2
125. 5
126. 2
127. 2
128. 2
129. 2
130. 4
131. 3
132. 1
133. 4
134. 2
135. 2
136. 2
137. 2
138. 3
139. 3
140. 1
141. 3
142. 4
143. 2
144. 1
145. 2
146. 2
147. 2
148. 2
149. 7
150. 2
151. 2
152. 4
153. 3
154. 2
155. 2
156. 3
157. 1
158. 2
159. 2
160. 1
161. 4
162. 4
163. 2
164. 1
165. 3
166. 2
167. 3
168. 2
169. 2
170. 2
171. 2
172. 4
173. 3
174. 2
175. 1
176. 2
177. 1
178. 2
179. 2
180. 2
181. 1
182. 4
183. 9
184. 3
185. 2
186. 3
187. 1
188. 2
189. 3
190. 2
191. 2
192. 2
193. 1
194. 2
195. 3
196. 1
197. 3
198. 2
199. 4
200. 2