1088.txt
1. 2
2. 4
3. 2
4. 3
5. 3
6. 3
7. 2
8. 1
9. 1
10. 1
11. 1
12. 1
13. 2
14. 1
15. 2
16. 1
17. 2
18. 2
19. 2
20. 1
21. 2
22. 3
23. 2
24. 1
25. 4
26. 1
27. 6
28. 3
29. 5
30. 3
31. 2
32. 2
33. 2
34. 4
35. 5
36. 2
37. 1
38. 1
39. 2
40. 3
41. 2
42. 3
43. 3
44. 1
45. 3
46. 2
47. 4
48. 3
49. 2
50. 2
51. 3
52. 2
53. 3
54. 3
55. 1
56. 3
57. 1
58. 2
59. 4
60. 2
61. 3
62. 1
63. 2
64. 3
65. 2
66. 3
67. 2
68. 3
69. 2
70. 2
71. 1
72. 2
73. 3
74. 1
75. 2
76. 2
77. 3
78. 3
79. 2
80. 2
81. 4
82. 3
83. 2
84. 3
85. 1
86. 2
87. 2
88. 3
89. 2
90. 3
91. 4
92. 5
93. 2
94. 2
95. 4
96. 3
97. 3
98. 2
99. 4
100. 2
101. 3
102. 2
103. 3
104. 5
105. 2
106. 4
107. 5
108. 4
109. 2
110. 2
111. 4
112. 1
113. 2
114. 2
115. 2
116. 3
117. 2
118. 2
119. 2
120. 3
121. 2
122. 2
123. 3
124. 2
125. 2
126. 3
127. 3
128. 1
129. 4
130. 3
131. 3
132. 4
133. 4
134. 2
135. 2
136. 3
137. 2
138. 2
139. 2
140. 2
141. 3
142. 2
143. 3
144. 1
145. 2
146. 2
147. 3
148. 3
149. 2
150. 2
151. 2
152. 3
153. 1
154. 3
155. 4
156. 3
157. 2
158. 2
159. 2
160. 5
161. 2
162. 2
163. 4
164. 4
165. 3
166. 2
167. 2
168. 3
169. 4
170. 2
171. 2
172. 2
173. 2
174. 3
175. 1
176. 3
177. 6
178. 4
179. 2
180. 2
181. 4
182. 6
183. 2
184. 2
185. 2
186. 3
187. 2
188. 3
189. 1
190. 2
191. 2
192. 2
193. 2
194. 4
195. 2
196. 2
197. 2
198. 3
199. 2
200. 3