1090.txt
1. 0
2. 0
3. 1
4. 3
5. 1
6. 1
7. 0
8. 0
9. 2
10. 3
11. 0
12. 2
13. 2
14. 1
15. 3
16. 0
17. 1
18. 0
19. 3
20. 7
21. 1
22. 2
23. 1
24. 1
25. 4
26. 3
27. 3
28. 2
29. 0
30. 2
31. 0
32. 1
33. 0
34. 1
35. 3
36. 3
37. 0
38. 2
39. 1
40. 0
41. 1
42. 2
43. 2
44. 1
45. 2
46. 2
47. 1
48. 2
49. 3
50. 1
51. 0
52. 3
53. 1
54. 0
55. 2
56. 2
57. 2
58. 2
59. 2
60. 3
61. 2
62. 3
63. 2
64. 3
65. 4
66. 1
67. 3
68. 0
69. 2
70. 1
71. 0
72. 1
73. 3
74. 2
75. 2
76. 2
77. 3
78. 0
79. 3
80. 0
81. 2
82. 2
83. 1
84. 2
85. 3
86. 1
87. 0
88. 4
89. 1
90. 1
91. 3
92. 2
93. 0
94. 2
95. 1
96. 1
97. 6
98. 2
99. 2
100. 2
101. 2
102. 1
103. 4
104. 3
105. 1
106. 1
107. 0
108. 2
109. 1
110. 1
111. 0
112. 0
113. 2
114. 4
115. 0
116. 1
117. 5
118. 1
119. 1
120. 0
121. 1
122. 2
123. 1
124. 2
125. 1
126. 1
127. 2
128. 3
129. 10
130. 1
131. 1
132. 2
133. 0
134. 1
135. 2
136. 2
137. 1
138. 3
139. 0
140. 1
141. 0
142. 2
143. 3
144. 1
145. 3
146. 1
147. 1
148. 3
149. 0
150. 1
151. 2
152. 0
153. 1
154. 1
155. 0
156. 2
157. 3
158. 2
159. 1
160. 1
161. 2
162. 1
163. 1
164. 2
165. 2
166. 1
167. 1
168. 0
169. 0
170. 7
171. 2
172. 0
173. 1
174. 3
175. 0
176. 2
177. 2
178. 1
179. 2
180. 2
181. 1
182. 2
183. 2
184. 1
185. 3
186. 1
187. 2
188. 0
189. 1
190. 2
191. 6
192. 5
193. 3
194. 1
195. 3
196. 2
197. 2
198. 2
199. 0
200. 2