1092.txt
1. 2
2. 4
3. 6
4. 0
5. 2
6. 0
7. 3
8. 2
9. 3
10. 3
11. 4
12. 4
13. 2
14. 3
15. 2
16. 1
17. 2
18. 2
19. 3
20. 6
21. 1
22. 2
23. 2
24. 3
25. 4
26. 2
27. 3
28. 1
29. 5
30. 2
31. 2
32. 1
33. 3
34. 2
35. 1
36. 3
37. 2
38. 4
39. 3
40. 1
41. 0
42. 2
43. 1
44. 2
45. 2
46. 5
47. 1
48. 2
49. 5
50. 2
51. 1
52. 2
53. 1
54. 2
55. 2
56. 2
57. 2
58. 2
59. 3
60. 2
61. 2
62. 3
63. 5
64. 3
65. 3
66. 4
67. 1
68. 9
69. 2
70. 1
71. 8
72. 2
73. 1
74. 3
75. 2
76. 3
77. 2
78. 2
79. 2
80. 1
81. 4
82. 3
83. 3
84. 3
85. 1
86. 3
87. 2
88. 2
89. 3
90. 2
91. 3
92. 2
93. 2
94. 2
95. 2
96. 4
97. 3
98. 4
99. 2
100. 0
101. 3
102. 1
103. 2
104. 1
105. 1
106. 2
107. 2
108. 3
109. 2
110. 3
111. 4
112. 1
113. 2
114. 2
115. 2
116. 2
117. 3
118. 3
119. 3
120. 2
121. 2
122. 3
123. 2
124. 3
125. 3
126. 2
127. 1
128. 3
129. 2
130. 1
131. 3
132. 3
133. 2
134. 2
135. 2
136. 2
137. 1
138. 4
139. 3
140. 4
141. 1
142. 2
143. 2
144. 4
145. 4
146. 3
147. 3
148. 2
149. 3
150. 2
151. 1
152. 2
153. 3
154. 1
155. 2
156. 1
157. 3
158. 2
159. 3
160. 3
161. 1
162. 2
163. 4
164. 2
165. 1
166. 5
167. 1
168. 2
169. 2
170. 3
171. 1
172. 2
173. 3
174. 2
175. 1
176. 2
177. 2
178. 1
179. 2
180. 3
181. 2
182. 2
183. 2
184. 1
185. 3
186. 2
187. 3
188. 1
189. 3
190. 3
191. 3
192. 1
193. 4
194. 2
195. 5
196. 3
197. 5
198. 3
199. 4
200. 5