1095.txt
1. 2
2. 3
3. 6
4. 4
5. 2
6. 4
7. 1
8. 2
9. 2
10. 2
11. 3
12. 1
13. 4
14. 3
15. 2
16. 2
17. 1
18. 4
19. 3
20. 5
21. 1
22. 2
23. 3
24. 4
25. 3
26. 4
27. 3
28. 4
29. 2
30. 3
31. 3
32. 4
33. 2
34. 4
35. 2
36. 2
37. 3
38. 4
39. 3
40. 4
41. 3
42. 3
43. 3
44. 4
45. 2
46. 2
47. 3
48. 2
49. 4
50. 3
51. 2
52. 6
53. 3
54. 1
55. 3
56. 2
57. 3
58. 1
59. 7
60. 4
61. 2
62. 4
63. 1
64. 1
65. 2
66. 3
67. 2
68. 3
69. 2
70. 5
71. 2
72. 3
73. 2
74. 3
75. 3
76. 5
77. 2
78. 2
79. 2
80. 2
81. 3
82. 2
83. 2
84. 4
85. 3
86. 3
87. 3
88. 4
89. 2
90. 3
91. 4
92. 3
93. 2
94. 2
95. 2
96. 3
97. 2
98. 1
99. 5
100. 1
101. 4
102. 3
103. 1
104. 2
105. 2
106. 3
107. 6
108. 2
109. 5
110. 1
111. 2
112. 4
113. 2
114. 3
115. 2
116. 2
117. 2
118. 5
119. 2
120. 3
121. 2
122. 3
123. 3
124. 3
125. 1
126. 3
127. 1
128. 5
129. 3
130. 4
131. 2
132. 3
133. 3
134. 2
135. 1
136. 2
137. 2
138. 1
139. 3
140. 2
141. 3
142. 1
143. 4
144. 1
145. 1
146. 2
147. 6
148. 2
149. 2
150. 4
151. 5
152. 3
153. 1
154. 3
155. 3
156. 5
157. 1
158. 2
159. 3
160. 3
161. 2
162. 2
163. 3
164. 1
165. 3
166. 1
167. 4
168. 1
169. 4
170. 2
171. 3
172. 1
173. 2
174. 4
175. 8
176. 3
177. 3
178. 1
179. 2
180. 2
181. 3
182. 2
183. 2
184. 2
185. 3
186. 2
187. 2
188. 2
189. 3
190. 3
191. 1
192. 3
193. 2
194. 2
195. 2
196. 3
197. 1
198. 3
199. 3
200. 3