1100.txt
1. 0
2. 1
3. 0
4. 4
5. 2
6. 5
7. 3
8. 2
9. 2
10. 1
11. 0
12. 4
13. 1
14. 2
15. 6
16. 1
17. 2
18. 2
19. 5
20. 1
21. 2
22. 4
23. 0
24. 1
25. 1
26. 3
27. 0
28. 0
29. 1
30. 3
31. 0
32. 1
33. 3
34. 2
35. 1
36. 0
37. 2
38. 3
39. 1
40. 3
41. 2
42. 1
43. 3
44. 4
45. 2
46. 4
47. 1
48. 2
49. 3
50. 8
51. 2
52. 1
53. 0
54. 1
55. 0
56. 2
57. 0
58. 1
59. 2
60. 1
61. 4
62. 2
63. 0
64. 0
65. 1
66. 0
67. 1
68. 1
69. 3
70. 1
71. 2
72. 1
73. 3
74. 2
75. 2
76. 1
77. 1
78. 1
79. 0
80. 3
81. 0
82. 2
83. 1
84. 1
85. 0
86. 3
87. 2
88. 1
89. 2
90. 2
91. 0
92. 2
93. 4
94. 1
95. 1
96. 0
97. 3
98. 2
99. 1
100. 2
101. 2
102. 1
103. 0
104. 1
105. 3
106. 3
107. 3
108. 2
109. 1
110. 2
111. 1
112. 6
113. 1
114. 1
115. 1
116. 2
117. 0
118. 1
119. 0
120. 2
121. 3
122. 1
123. 1
124. 1
125. 2
126. 1
127. 1
128. 10
129. 2
130. 2
131. 1
132. 2
133. 1
134. 3
135. 2
136. 3
137. 1
138. 3
139. 3
140. 3
141. 2
142. 0
143. 3
144. 2
145. 1
146. 2
147. 1
148. 1
149. 1
150. 1
151. 3
152. 0
153. 0
154. 1
155. 1
156. 5
157. 1
158. 1
159. 1
160. 2
161. 2
162. 0
163. 2
164. 1
165. 0
166. 2
167. 1
168. 3
169. 2
170. 2
171. 1
172. 2
173. 2
174. 1
175. 0
176. 2
177. 2
178. 3
179. 2
180. 1
181. 1
182. 2
183. 3
184. 1
185. 1
186. 1
187. 1
188. 2
189. 3
190. 2
191. 0
192. 2
193. 1
194. 0
195. 2
196. 1
197. 3
198. 1
199. 1
200. 3