1107.txt
1. 0
2. 0
3. 1
4. 1
5. 0
6. 0
7. 0
8. 2
9. 0
10. 7
11. 3
12. 0
13. 2
14. 3
15. 6
16. 2
17. 0
18. 3
19. 5
20. 1
21. 0
22. 1
23. 6
24. 2
25. 1
26. 0
27. 1
28. 4
29. 1
30. 2
31. 2
32. 0
33. 0
34. 0
35. 0
36. 0
37. 1
38. 2
39. 2
40. 2
41. 2
42. 1
43. 0
44. 0
45. 3
46. 3
47. 0
48. 1
49. 4
50. 3
51. 2
52. 4
53. 0
54. 0
55. 2
56. 0
57. 3
58. 0
59. 0
60. 1
61. 1
62. 0
63. 0
64. 1
65. 0
66. 2
67. 1
68. 1
69. 1
70. 2
71. 2
72. 0
73. 0
74. 0
75. 2
76. 0
77. 4
78. 1
79. 2
80. 5
81. 0
82. 1
83. 3
84. 3
85. 2
86. 0
87. 0
88. 1
89. 2
90. 1
91. 0
92. 2
93. 0
94. 3
95. 2
96. 1
97. 1
98. 0
99. 1
100. 2
101. 0
102. 7
103. 3
104. 0
105. 2
106. 2
107. 2
108. 8
109. 1
110. 2
111. 0
112. 1
113. 2
114. 2
115. 0
116. 0
117. 1
118. 3
119. 2
120. 2
121. 3
122. 1
123. 2
124. 2
125. 2
126. 1
127. 2
128. 0
129. 0
130. 0
131. 1
132. 4
133. 3
134. 1
135. 0
136. 1
137. 1
138. 4
139. 3
140. 2
141. 1
142. 0
143. 3
144. 0
145. 0
146. 2
147. 3
148. 1
149. 0
150. 0
151. 4
152. 2
153. 0
154. 0
155. 0
156. 5
157. 1
158. 1
159. 1
160. 1
161. 3
162. 2
163. 0
164. 0
165. 3
166. 0
167. 0
168. 2
169. 0
170. 2
171. 2
172. 2
173. 1
174. 2
175. 2
176. 1
177. 0
178. 0
179. 1
180. 1
181. 3
182. 0
183. 2
184. 2
185. 3
186. 1
187. 2
188. 0
189. 0
190. 1
191. 0
192. 0
193. 3
194. 1
195. 1
196. 2
197. 0
198. 1
199. 2
200. 1