1114.txt
1. 0
2. 3
3. 0
4. 2
5. 6
6. 4
7. 3
8. 4
9. 5
10. 0
11. 2
12. 0
13. 0
14. 9
15. 2
16. 0
17. 3
18. 0
19. 2
20. 2
21. 1
22. 0
23. 2
24. 1
25. 0
26. 2
27. 0
28. 0
29. 7
30. 0
31. 4
32. 0
33. 1
34. 4
35. 8
36. 2
37. 0
38. 2
39. 1
40. 0
41. 2
42. 2
43. 2
44. 2
45. 2
46. 4
47. 0
48. 0
49. 3
50. 2
51. 1
52. 2
53. 0
54. 2
55. 2
56. 0
57. 0
58. 0
59. 3
60. 0
61. 0
62. 2
63. 6
64. 2
65. 0
66. 1
67. 0
68. 2
69. 2
70. 0
71. 3
72. 4
73. 2
74. 0
75. 2
76. 1
77. 0
78. 1
79. 3
80. 4
81. 0
82. 2
83. 2
84. 3
85. 3
86. 4
87. 0
88. 2
89. 1
90. 2
91. 2
92. 8
93. 2
94. 4
95. 0
96. 0
97. 3
98. 2
99. 2
100. 4
101. 0
102. 0
103. 4
104. 0
105. 2
106. 0
107. 2
108. 2
109. 5
110. 2
111. 3
112. 1
113. 2
114. 0
115. 4
116. 0
117. 6
118. 2
119. 0
120. 4
121. 1
122. 0
123. 2
124. 1
125. 0
126. 2
127. 2
128. 2
129. 2
130. 1
131. 2
132. 1
133. 2
134. 0
135. 2
136. 3
137. 2
138. 0
139. 0
140. 3
141. 2
142. 0
143. 3
144. 0
145. 3
146. 1
147. 0
148. 0
149. 0
150. 2
151. 0
152. 3
153. 2
154. 6
155. 2
156. 2
157. 3
158. 2
159. 1
160. 2
161. 0
162. 0
163. 3
164. 1
165. 3
166. 0
167. 3
168. 1
169. 0
170. 2
171. 2
172. 2
173. 0
174. 0
175. 3
176. 2
177. 3
178. 0
179. 2
180. 0
181. 4
182. 0
183. 0
184. 4
185. 3
186. 2
187. 2
188. 2
189. 0
190. 3
191. 1
192. 4
193. 0
194. 3
195. 5
196. 3
197. 0
198. 6
199. 3
200. 2