1117.txt
1. 3
2. 1
3. 7
4. 1
5. 1
6. 2
7. 2
8. 1
9. 0
10. 1
11. 1
12. 2
13. 1
14. 4
15. 3
16. 2
17. 2
18. 1
19. 2
20. 3
21. 2
22. 1
23. 1
24. 2
25. 5
26. 1
27. 2
28. 3
29. 2
30. 1
31. 3
32. 1
33. 1
34. 2
35. 2
36. 1
37. 2
38. 3
39. 3
40. 4
41. 1
42. 3
43. 2
44. 2
45. 3
46. 1
47. 1
48. 1
49. 4
50. 3
51. 1
52. 2
53. 2
54. 6
55. 1
56. 1
57. 1
58. 4
59. 2
60. 1
61. 2
62. 2
63. 4
64. 2
65. 3
66. 2
67. 1
68. 1
69. 2
70. 3
71. 2
72. 2
73. 3
74. 1
75. 2
76. 2
77. 2
78. 1
79. 1
80. 2
81. 1
82. 1
83. 3
84. 2
85. 2
86. 1
87. 2
88. 2
89. 1
90. 2
91. 4
92. 2
93. 4
94. 2
95. 1
96. 2
97. 1
98. 1
99. 3
100. 3
101. 3
102. 1
103. 1
104. 4
105. 1
106. 2
107. 1
108. 2
109. 3
110. 1
111. 1
112. 3
113. 6
114. 1
115. 1
116. 2
117. 1
118. 2
119. 2
120. 1
121. 2
122. 2
123. 2
124. 1
125. 2
126. 1
127. 3
128. 4
129. 1
130. 4
131. 2
132. 1
133. 2
134. 1
135. 1
136. 1
137. 4
138. 3
139. 2
140. 1
141. 2
142. 3
143. 2
144. 2
145. 2
146. 2
147. 2
148. 1
149. 1
150. 6
151. 4
152. 2
153. 3
154. 5
155. 1
156. 3
157. 3
158. 1
159. 3
160. 2
161. 2
162. 2
163. 2
164. 2
165. 2
166. 1
167. 2
168. 4
169. 3
170. 1
171. 2
172. 2
173. 2
174. 2
175. 2
176. 2
177. 1
178. 2
179. 2
180. 3
181. 2
182. 3
183. 5
184. 1
185. 3
186. 2
187. 5
188. 1
189. 1
190. 2
191. 2
192. 1
193. 2
194. 4
195. 1
196. 2
197. 1
198. 3
199. 4
200. 2