1123.txt
1. 0
2. 3
3. 5
4. 0
5. 2
6. 4
7. 0
8. 1
9. 1
10. 4
11. 2
12. 2
13. 0
14. 0
15. 1
16. 4
17. 1
18. 1
19. 0
20. 2
21. 0
22. 5
23. 0
24. 2
25. 0
26. 1
27. 0
28. 2
29. 0
30. 0
31. 0
32. 1
33. 3
34. 0
35. 7
36. 2
37. 1
38. 0
39. 3
40. 1
41. 2
42. 0
43. 0
44. 1
45. 0
46. 1
47. 0
48. 1
49. 5
50. 2
51. 0
52. 0
53. 2
54. 3
55. 0
56. 2
57. 2
58. 0
59. 1
60. 2
61. 1
62. 1
63. 0
64. 0
65. 0
66. 0
67. 3
68. 2
69. 3
70. 0
71. 2
72. 0
73. 1
74. 3
75. 0
76. 1
77. 2
78. 4
79. 1
80. 1
81. 0
82. 0
83. 4
84. 3
85. 0
86. 1
87. 1
88. 1
89. 2
90. 2
91. 0
92. 1
93. 2
94. 3
95. 3
96. 2
97. 3
98. 1
99. 0
100. 2
101. 3
102. 0
103. 4
104. 1
105. 0
106. 0
107. 1
108. 0
109. 2
110. 2
111. 1
112. 0
113. 3
114. 0
115. 2
116. 1
117. 0
118. 0
119. 2
120. 1
121. 2
122. 0
123. 1
124. 3
125. 0
126. 0
127. 1
128. 0
129. 0
130. 3
131. 1
132. 2
133. 2
134. 4
135. 3
136. 0
137. 0
138. 0
139. 2
140. 2
141. 2
142. 0
143. 2
144. 1
145. 2
146. 2
147. 2
148. 2
149. 2
150. 2
151. 2
152. 1
153. 2
154. 2
155. 1
156. 1
157. 2
158. 1
159. 0
160. 4
161. 2
162. 0
163. 1
164. 0
165. 4
166. 1
167. 1
168. 3
169. 4
170. 5
171. 1
172. 1
173. 3
174. 0
175. 1
176. 3
177. 0
178. 0
179. 1
180. 2
181. 1
182. 1
183. 1
184. 1
185. 2
186. 3
187. 2
188. 4
189. 1
190. 1
191. 5
192. 1
193. 1
194. 3
195. 1
196. 0
197. 2
198. 1
199. 1
200. 2