1167.txt
1. 2
2. 3
3. 4
4. 2
5. 2
6. 1
7. 4
8. 3
9. 5
10. 2
11. 3
12. 5
13. 1
14. 3
15. 5
16. 2
17. 6
18. 1
19. 6
20. 3
21. 2
22. 3
23. 2
24. 4
25. 3
26. 2
27. 2
28. 2
29. 3
30. 4
31. 2
32. 3
33. 2
34. 5
35. 3
36. 4
37. 2
38. 4
39. 2
40. 3
41. 1
42. 2
43. 2
44. 3
45. 2
46. 7
47. 2
48. 2
49. 2
50. 3
51. 3
52. 6
53. 3
54. 3
55. 2
56. 2
57. 4
58. 2
59. 2
60. 3
61. 2
62. 3
63. 2
64. 2
65. 2
66. 2
67. 1
68. 3
69. 3
70. 4
71. 5
72. 3
73. 3
74. 3
75. 3
76. 2
77. 3
78. 3
79. 2
80. 5
81. 2
82. 2
83. 3
84. 3
85. 1
86. 2
87. 3
88. 2
89. 4
90. 8
91. 3
92. 2
93. 4
94. 4
95. 3
96. 2
97. 2
98. 2
99. 3
100. 3
101. 3
102. 5
103. 3
104. 2
105. 2
106. 2
107. 1
108. 2
109. 3
110. 2
111. 3
112. 3
113. 1
114. 2
115. 3
116. 4
117. 3
118. 5
119. 3
120. 1
121. 3
122. 3
123. 2
124. 5
125. 2
126. 3
127. 2
128. 2
129. 3
130. 2
131. 4
132. 3
133. 2
134. 3
135. 2
136. 2
137. 3
138. 2
139. 1
140. 2
141. 4
142. 1
143. 2
144. 6
145. 4
146. 2
147. 3
148. 3
149. 3
150. 3
151. 1
152. 3
153. 3
154. 3
155. 2
156. 7
157. 3
158. 4
159. 2
160. 2
161. 3
162. 6
163. 3
164. 4
165. 2
166. 3
167. 3
168. 3
169. 3
170. 2
171. 2
172. 7
173. 5
174. 4
175. 3
176. 2
177. 3
178. 2
179. 1
180. 2
181. 2
182. 4
183. 4
184. 5
185. 2
186. 2
187. 5
188. 2
189. 4
190. 5
191. 2
192. 3
193. 3
194. 2
195. 3
196. 3
197. 1
198. 3
199. 2
200. 2