1172.txt
1. 2
2. 3
3. 4
4. 1
5. 0
6. 2
7. 2
8. 1
9. 6
10. 2
11. 1
12. 3
13. 7
14. 1
15. 0
16. 2
17. 3
18. 3
19. 4
20. 2
21. 2
22. 2
23. 3
24. 1
25. 3
26. 1
27. 2
28. 4
29. 5
30. 1
31. 4
32. 1
33. 2
34. 4
35. 2
36. 3
37. 3
38. 2
39. 1
40. 4
41. 1
42. 3
43. 3
44. 6
45. 3
46. 3
47. 4
48. 3
49. 4
50. 3
51. 4
52. 5
53. 2
54. 3
55. 2
56. 4
57. 4
58. 1
59. 2
60. 7
61. 3
62. 2
63. 1
64. 2
65. 3
66. 2
67. 2
68. 2
69. 6
70. 3
71. 3
72. 1
73. 1
74. 2
75. 1
76. 1
77. 1
78. 2
79. 4
80. 2
81. 4
82. 3
83. 1
84. 2
85. 2
86. 2
87. 2
88. 1
89. 3
90. 3
91. 1
92. 2
93. 2
94. 3
95. 3
96. 3
97. 4
98. 2
99. 3
100. 4
101. 2
102. 1
103. 2
104. 2
105. 3
106. 4
107. 1
108. 2
109. 2
110. 2
111. 4
112. 5
113. 1
114. 4
115. 2
116. 3
117. 2
118. 2
119. 5
120. 1
121. 2
122. 9
123. 2
124. 1
125. 2
126. 3
127. 3
128. 2
129. 3
130. 2
131. 1
132. 4
133. 4
134. 2
135. 5
136. 3
137. 3
138. 4
139. 1
140. 2
141. 3
142. 1
143. 2
144. 2
145. 2
146. 2
147. 2
148. 3
149. 2
150. 3
151. 3
152. 3
153. 3
154. 2
155. 3
156. 2
157. 2
158. 2
159. 2
160. 1
161. 1
162. 2
163. 2
164. 3
165. 1
166. 2
167. 3
168. 2
169. 3
170. 3
171. 2
172. 2
173. 3
174. 4
175. 3
176. 4
177. 2
178. 2
179. 2
180. 3
181. 3
182. 2
183. 2
184. 3
185. 2
186. 1
187. 1
188. 2
189. 4
190. 3
191. 1
192. 4
193. 3
194. 2
195. 4
196. 1
197. 3
198. 2
199. 2
200. 2