1173.txt
1. 3
2. 0
3. 4
4. 2
5. 4
6. 2
7. 3
8. 4
9. 0
10. 1
11. 5
12. 0
13. 2
14. 0
15. 3
16. 6
17. 2
18. 1
19. 1
20. 3
21. 0
22. 0
23. 1
24. 0
25. 2
26. 0
27. 2
28. 1
29. 2
30. 2
31. 2
32. 2
33. 2
34. 4
35. 4
36. 5
37. 0
38. 1
39. 1
40. 3
41. 1
42. 0
43. 3
44. 1
45. 2
46. 0
47. 1
48. 1
49. 2
50. 1
51. 2
52. 5
53. 2
54. 3
55. 2
56. 1
57. 2
58. 2
59. 3
60. 1
61. 4
62. 2
63. 0
64. 0
65. 4
66. 2
67. 2
68. 0
69. 0
70. 0
71. 3
72. 2
73. 2
74. 3
75. 0
76. 1
77. 3
78. 1
79. 2
80. 4
81. 4
82. 2
83. 1
84. 2
85. 1
86. 3
87. 1
88. 2
89. 4
90. 1
91. 1
92. 0
93. 6
94. 2
95. 1
96. 1
97. 3
98. 1
99. 2
100. 2
101. 3
102. 4
103. 0
104. 3
105. 2
106. 1
107. 2
108. 3
109. 2
110. 3
111. 2
112. 3
113. 3
114. 3
115. 1
116. 3
117. 1
118. 2
119. 3
120. 4
121. 0
122. 2
123. 2
124. 3
125. 1
126. 3
127. 0
128. 2
129. 3
130. 0
131. 2
132. 2
133. 3
134. 2
135. 2
136. 0
137. 1
138. 1
139. 0
140. 2
141. 1
142. 3
143. 0
144. 1
145. 1
146. 1
147. 3
148. 3
149. 3
150. 4
151. 1
152. 1
153. 2
154. 2
155. 2
156. 0
157. 2
158. 2
159. 0
160. 4
161. 2
162. 2
163. 3
164. 3
165. 1
166. 4
167. 2
168. 2
169. 3
170. 3
171. 1
172. 2
173. 4
174. 3
175. 4
176. 2
177. 0
178. 1
179. 6
180. 4
181. 2
182. 2
183. 2
184. 1
185. 2
186. 1
187. 2
188. 3
189. 1
190. 2
191. 2
192. 1
193. 3
194. 0
195. 1
196. 1
197. 0
198. 4
199. 2
200. 1