118.txt
1. 2
2. 5
3. 3
4. 1
5. 2
6. 3
7. 4
8. 2
9. 2
10. 2
11. 3
12. 1
13. 3
14. 2
15. 7
16. 3
17. 3
18. 1
19. 4
20. 2
21. 1
22. 3
23. 2
24. 2
25. 1
26. 6
27. 1
28. 3
29. 2
30. 4
31. 5
32. 2
33. 2
34. 6
35. 2
36. 2
37. 2
38. 3
39. 2
40. 2
41. 2
42. 3
43. 3
44. 3
45. 1
46. 4
47. 2
48. 2
49. 2
50. 2
51. 3
52. 2
53. 2
54. 3
55. 2
56. 2
57. 2
58. 3
59. 3
60. 3
61. 2
62. 1
63. 5
64. 2
65. 3
66. 3
67. 3
68. 3
69. 2
70. 4
71. 2
72. 3
73. 2
74. 6
75. 3
76. 5
77. 2
78. 2
79. 2
80. 3
81. 3
82. 2
83. 2
84. 2
85. 4
86. 3
87. 3
88. 4
89. 2
90. 3
91. 3
92. 2
93. 2
94. 3
95. 2
96. 4
97. 1
98. 4
99. 3
100. 4
101. 1
102. 3
103. 3
104. 1
105. 4
106. 6
107. 2
108. 3
109. 2
110. 2
111. 1
112. 2
113. 2
114. 2
115. 2
116. 2
117. 2
118. 4
119. 3
120. 1
121. 5
122. 2
123. 3
124. 2
125. 3
126. 2
127. 3
128. 4
129. 2
130. 3
131. 5
132. 3
133. 3
134. 4
135. 4
136. 4
137. 3
138. 3
139. 4
140. 2
141. 2
142. 5
143. 3
144. 4
145. 3
146. 1
147. 2
148. 3
149. 2
150. 3
151. 1
152. 4
153. 2
154. 5
155. 3
156. 6
157. 2
158. 4
159. 4
160. 2
161. 2
162. 2
163. 4
164. 5
165. 4
166. 2
167. 3
168. 3
169. 2
170. 3
171. 2
172. 2
173. 3
174. 2
175. 5
176. 2
177. 3
178. 2
179. 4
180. 2
181. 2
182. 3
183. 3
184. 3
185. 2
186. 4
187. 2
188. 2
189. 3
190. 3
191. 4
192. 3
193. 3
194. 3
195. 3
196. 3
197. 3
198. 2
199. 3
200. 1