1187.txt
1. 0
2. 4
3. 1
4. 0
5. 0
6. 3
7. 0
8. 2
9. 1
10. 5
11. 2
12. 0
13. 2
14. 1
15. 6
16. 4
17. 2
18. 0
19. 0
20. 1
21. 0
22. 3
23. 0
24. 1
25. 1
26. 1
27. 2
28. 4
29. 1
30. 1
31. 3
32. 1
33. 2
34. 2
35. 2
36. 4
37. 1
38. 0
39. 2
40. 3
41. 1
42. 4
43. 7
44. 4
45. 1
46. 4
47. 0
48. 1
49. 3
50. 1
51. 2
52. 5
53. 1
54. 1
55. 1
56. 2
57. 3
58. 0
59. 1
60. 3
61. 2
62. 1
63. 3
64. 1
65. 2
66. 1
67. 2
68. 2
69. 1
70. 2
71. 3
72. 4
73. 1
74. 3
75. 4
76. 0
77. 5
78. 2
79. 3
80. 2
81. 4
82. 2
83. 4
84. 3
85. 2
86. 1
87. 0
88. 1
89. 4
90. 1
91. 3
92. 1
93. 7
94. 1
95. 4
96. 3
97. 1
98. 2
99. 1
100. 1
101. 2
102. 1
103. 3
104. 1
105. 1
106. 5
107. 2
108. 1
109. 3
110. 2
111. 2
112. 2
113. 3
114. 3
115. 1
116. 2
117. 2
118. 1
119. 2
120. 2
121. 1
122. 2
123. 2
124. 4
125. 2
126. 2
127. 2
128. 3
129. 3
130. 1
131. 1
132. 3
133. 2
134. 1
135. 0
136. 2
137. 3
138. 2
139. 3
140. 4
141. 1
142. 2
143. 2
144. 3
145. 1
146. 1
147. 3
148. 2
149. 3
150. 5
151. 2
152. 4
153. 1
154. 2
155. 2
156. 5
157. 4
158. 1
159. 2
160. 2
161. 2
162. 1
163. 2
164. 2
165. 3
166. 4
167. 2
168. 2
169. 1
170. 2
171. 4
172. 3
173. 1
174. 2
175. 1
176. 2
177. 3
178. 2
179. 2
180. 3
181. 4
182. 2
183. 1
184. 1
185. 3
186. 4
187. 2
188. 2
189. 2
190. 3
191. 3
192. 1
193. 4
194. 3
195. 2
196. 3
197. 1
198. 1
199. 3
200. 1