1192.txt
1. 4
2. 0
3. 2
4. 1
5. 0
6. 1
7. 0
8. 2
9. 0
10. 2
11. 1
12. 3
13. 2
14. 3
15. 1
16. 3
17. 2
18. 0
19. 0
20. 1
21. 0
22. 1
23. 0
24. 1
25. 1
26. 2
27. 1
28. 0
29. 3
30. 2
31. 1
32. 2
33. 1
34. 2
35. 1
36. 1
37. 2
38. 3
39. 1
40. 1
41. 2
42. 4
43. 2
44. 3
45. 1
46. 3
47. 1
48. 2
49. 3
50. 0
51. 1
52. 2
53. 2
54. 0
55. 3
56. 3
57. 2
58. 0
59. 0
60. 0
61. 0
62. 2
63. 2
64. 2
65. 1
66. 1
67. 1
68. 1
69. 2
70. 2
71. 3
72. 4
73. 2
74. 1
75. 1
76. 0
77. 2
78. 1
79. 2
80. 1
81. 1
82. 4
83. 0
84. 2
85. 1
86. 2
87. 1
88. 1
89. 0
90. 1
91. 1
92. 2
93. 3
94. 2
95. 3
96. 2
97. 2
98. 1
99. 1
100. 2
101. 0
102. 1
103. 1
104. 1
105. 2
106. 2
107. 1
108. 1
109. 3
110. 2
111. 1
112. 0
113. 1
114. 2
115. 3
116. 3
117. 2
118. 1
119. 1
120. 0
121. 3
122. 1
123. 1
124. 1
125. 1
126. 1
127. 1
128. 1
129. 1
130. 0
131. 0
132. 1
133. 2
134. 0
135. 5
136. 2
137. 0
138. 2
139. 3
140. 2
141. 2
142. 1
143. 1
144. 2
145. 4
146. 2
147. 1
148. 0
149. 0
150. 2
151. 2
152. 1
153. 1
154. 4
155. 1
156. 2
157. 2
158. 0
159. 3
160. 0
161. 1
162. 2
163. 3
164. 2
165. 2
166. 3
167. 0
168. 2
169. 0
170. 2
171. 3
172. 0
173. 2
174. 1
175. 2
176. 3
177. 1
178. 1
179. 2
180. 1
181. 0
182. 2
183. 1
184. 0
185. 2
186. 0
187. 1
188. 1
189. 2
190. 3
191. 1
192. 2
193. 2
194. 3
195. 2
196. 2
197. 2
198. 1
199. 1
200. 2