1194.txt
1. 0
2. 0
3. 2
4. 2
5. 0
6. 2
7. 4
8. 0
9. 3
10. 1
11. 3
12. 2
13. 0
14. 2
15. 0
16. 2
17. 0
18. 0
19. 1
20. 3
21. 3
22. 0
23. 2
24. 0
25. 2
26. 1
27. 1
28. 0
29. 6
30. 3
31. 1
32. 1
33. 1
34. 0
35. 0
36. 4
37. 0
38. 2
39. 1
40. 3
41. 0
42. 7
43. 0
44. 1
45. 0
46. 2
47. 1
48. 1
49. 2
50. 1
51. 2
52. 0
53. 4
54. 0
55. 2
56. 2
57. 2
58. 0
59. 3
60. 0
61. 2
62. 2
63. 1
64. 2
65. 0
66. 2
67. 0
68. 0
69. 0
70. 3
71. 0
72. 2
73. 1
74. 2
75. 2
76. 0
77. 0
78. 1
79. 0
80. 0
81. 0
82. 1
83. 0
84. 1
85. 1
86. 1
87. 1
88. 3
89. 0
90. 2
91. 2
92. 2
93. 0
94. 1
95. 2
96. 1
97. 2
98. 0
99. 2
100. 0
101. 0
102. 0
103. 1
104. 4
105. 2
106. 0
107. 3
108. 0
109. 2
110. 3
111. 0
112. 0
113. 1
114. 2
115. 0
116. 4
117. 0
118. 2
119. 0
120. 1
121. 2
122. 1
123. 0
124. 2
125. 3
126. 0
127. 0
128. 0
129. 2
130. 1
131. 3
132. 0
133. 2
134. 1
135. 3
136. 0
137. 0
138. 1
139. 2
140. 0
141. 0
142. 1
143. 0
144. 3
145. 0
146. 2
147. 2
148. 0
149. 1
150. 0
151. 1
152. 0
153. 0
154. 3
155. 0
156. 0
157. 2
158. 0
159. 0
160. 1
161. 0
162. 1
163. 0
164. 0
165. 1
166. 0
167. 2
168. 1
169. 2
170. 2
171. 2
172. 0
173. 1
174. 2
175. 2
176. 0
177. 1
178. 2
179. 0
180. 0
181. 1
182. 3
183. 0
184. 0
185. 3
186. 0
187. 0
188. 0
189. 2
190. 0
191. 0
192. 0
193. 0
194. 3
195. 0
196. 0
197. 0
198. 0
199. 2
200. 3