1196.txt
1. 0
2. 3
3. 1
4. 2
5. 6
6. 0
7. 5
8. 0
9. 3
10. 1
11. 1
12. 0
13. 1
14. 2
15. 1
16. 0
17. 1
18. 1
19. 0
20. 0
21. 1
22. 2
23. 2
24. 2
25. 1
26. 4
27. 2
28. 3
29. 0
30. 0
31. 2
32. 1
33. 1
34. 1
35. 2
36. 0
37. 1
38. 3
39. 2
40. 0
41. 0
42. 0
43. 4
44. 3
45. 1
46. 1
47. 5
48. 3
49. 0
50. 2
51. 1
52. 1
53. 2
54. 2
55. 3
56. 2
57. 0
58. 2
59. 1
60. 2
61. 6
62. 1
63. 2
64. 3
65. 4
66. 8
67. 2
68. 4
69. 3
70. 5
71. 1
72. 1
73. 1
74. 0
75. 4
76. 2
77. 4
78. 1
79. 1
80. 1
81. 2
82. 2
83. 0
84. 2
85. 0
86. 1
87. 1
88. 0
89. 5
90. 1
91. 0
92. 0
93. 1
94. 4
95. 0
96. 3
97. 3
98. 4
99. 2
100. 0
101. 1
102. 3
103. 3
104. 1
105. 2
106. 0
107. 1
108. 1
109. 1
110. 1
111. 3
112. 1
113. 2
114. 2
115. 2
116. 1
117. 0
118. 4
119. 1
120. 0
121. 1
122. 1
123. 0
124. 3
125. 1
126. 2
127. 4
128. 1
129. 1
130. 1
131. 0
132. 1
133. 2
134. 1
135. 3
136. 2
137. 1
138. 3
139. 1
140. 1
141. 2
142. 1
143. 4
144. 1
145. 2
146. 0
147. 3
148. 1
149. 1
150. 2
151. 3
152. 4
153. 1
154. 2
155. 1
156. 1
157. 0
158. 3
159. 1
160. 0
161. 1
162. 3
163. 0
164. 0
165. 3
166. 2
167. 0
168. 3
169. 1
170. 2
171. 2
172. 1
173. 3
174. 1
175. 1
176. 3
177. 0
178. 2
179. 0
180. 1
181. 2
182. 3
183. 2
184. 2
185. 2
186. 1
187. 2
188. 1
189. 0
190. 2
191. 3
192. 4
193. 1
194. 2
195. 1
196. 0
197. 4
198. 1
199. 2
200. 1