1199.txt
1. 0
2. 2
3. 4
4. 3
5. 1
6. 0
7. 1
8. 1
9. 1
10. 1
11. 2
12. 0
13. 3
14. 1
15. 2
16. 1
17. 0
18. 7
19. 1
20. 1
21. 3
22. 2
23. 3
24. 5
25. 3
26. 3
27. 1
28. 4
29. 4
30. 3
31. 2
32. 2
33. 1
34. 0
35. 3
36. 7
37. 2
38. 2
39. 1
40. 1
41. 2
42. 7
43. 2
44. 1
45. 1
46. 2
47. 3
48. 1
49. 3
50. 2
51. 4
52. 2
53. 2
54. 3
55. 2
56. 2
57. 3
58. 1
59. 3
60. 4
61. 2
62. 3
63. 2
64. 2
65. 2
66. 4
67. 5
68. 1
69. 2
70. 5
71. 1
72. 4
73. 3
74. 2
75. 3
76. 2
77. 2
78. 3
79. 2
80. 4
81. 2
82. 2
83. 2
84. 1
85. 3
86. 2
87. 4
88. 2
89. 1
90. 3
91. 2
92. 3
93. 3
94. 3
95. 4
96. 4
97. 2
98. 2
99. 6
100. 1
101. 1
102. 3
103. 1
104. 2
105. 1
106. 2
107. 1
108. 3
109. 2
110. 1
111. 1
112. 4
113. 3
114. 2
115. 3
116. 4
117. 1
118. 2
119. 3
120. 2
121. 4
122. 1
123. 5
124. 3
125. 5
126. 2
127. 2
128. 1
129. 3
130. 3
131. 3
132. 1
133. 2
134. 5
135. 2
136. 1
137. 2
138. 4
139. 1
140. 4
141. 4
142. 1
143. 2
144. 2
145. 3
146. 5
147. 0
148. 1
149. 3
150. 2
151. 7
152. 2
153. 1
154. 3
155. 2
156. 4
157. 1
158. 2
159. 4
160. 1
161. 1
162. 2
163. 1
164. 2
165. 2
166. 3
167. 1
168. 3
169. 5
170. 3
171. 2
172. 3
173. 1
174. 4
175. 1
176. 2
177. 1
178. 1
179. 2
180. 3
181. 3
182. 1
183. 1
184. 3
185. 2
186. 3
187. 3
188. 3
189. 4
190. 2
191. 2
192. 4
193. 3
194. 2
195. 3
196. 5
197. 2
198. 3
199. 1
200. 0