1200.txt
1. 2
2. 7
3. 4
4. 3
5. 1
6. 1
7. 1
8. 1
9. 2
10. 2
11. 5
12. 2
13. 2
14. 8
15. 3
16. 4
17. 1
18. 1
19. 2
20. 3
21. 1
22. 4
23. 2
24. 1
25. 2
26. 7
27. 2
28. 3
29. 2
30. 1
31. 4
32. 2
33. 1
34. 3
35. 4
36. 3
37. 1
38. 3
39. 4
40. 2
41. 3
42. 4
43. 2
44. 3
45. 1
46. 2
47. 3
48. 2
49. 2
50. 2
51. 1
52. 3
53. 5
54. 2
55. 2
56. 3
57. 2
58. 1
59. 2
60. 3
61. 1
62. 2
63. 3
64. 2
65. 3
66. 1
67. 2
68. 3
69. 1
70. 4
71. 2
72. 3
73. 1
74. 3
75. 2
76. 2
77. 3
78. 5
79. 3
80. 4
81. 2
82. 3
83. 2
84. 2
85. 2
86. 1
87. 2
88. 4
89. 2
90. 2
91. 4
92. 2
93. 1
94. 3
95. 3
96. 4
97. 2
98. 3
99. 4
100. 2
101. 5
102. 2
103. 3
104. 3
105. 3
106. 2
107. 2
108. 2
109. 4
110. 3
111. 2
112. 1
113. 2
114. 2
115. 2
116. 3
117. 2
118. 3
119. 2
120. 3
121. 2
122. 1
123. 3
124. 5
125. 3
126. 1
127. 2
128. 3
129. 3
130. 2
131. 3
132. 1
133. 1
134. 2
135. 2
136. 2
137. 4
138. 2
139. 4
140. 6
141. 3
142. 2
143. 4
144. 2
145. 3
146. 3
147. 3
148. 2
149. 2
150. 1
151. 2
152. 5
153. 3
154. 7
155. 2
156. 2
157. 3
158. 2
159. 2
160. 1
161. 2
162. 3
163. 2
164. 2
165. 2
166. 2
167. 3
168. 2
169. 3
170. 2
171. 2
172. 2
173. 1
174. 2
175. 2
176. 3
177. 6
178. 3
179. 2
180. 2
181. 3
182. 3
183. 2
184. 3
185. 3
186. 3
187. 2
188. 3
189. 2
190. 4
191. 1
192. 2
193. 3
194. 2
195. 1
196. 2
197. 1
198. 2
199. 3
200. 4