1209.txt
1. 0
2. 1
3. 0
4. 0
5. 4
6. 3
7. 0
8. 2
9. 0
10. 4
11. 0
12. 5
13. 3
14. 1
15. 0
16. 0
17. 0
18. 0
19. 1
20. 1
21. 2
22. 4
23. 0
24. 1
25. 2
26. 2
27. 1
28. 1
29. 1
30. 0
31. 0
32. 2
33. 3
34. 1
35. 1
36. 0
37. 1
38. 2
39. 0
40. 4
41. 1
42. 6
43. 3
44. 3
45. 3
46. 1
47. 2
48. 0
49. 2
50. 1
51. 3
52. 2
53. 1
54. 0
55. 4
56. 0
57. 2
58. 2
59. 2
60. 0
61. 0
62. 0
63. 0
64. 0
65. 0
66. 0
67. 0
68. 2
69. 1
70. 0
71. 0
72. 2
73. 0
74. 1
75. 0
76. 2
77. 0
78. 0
79. 2
80. 1
81. 0
82. 2
83. 1
84. 3
85. 1
86. 2
87. 2
88. 3
89. 3
90. 0
91. 2
92. 0
93. 1
94. 2
95. 2
96. 0
97. 2
98. 1
99. 0
100. 1
101. 2
102. 0
103. 2
104. 0
105. 3
106. 2
107. 3
108. 0
109. 0
110. 5
111. 3
112. 2
113. 1
114. 1
115. 3
116. 0
117. 1
118. 3
119. 0
120. 1
121. 0
122. 0
123. 2
124. 2
125. 1
126. 2
127. 0
128. 2
129. 0
130. 2
131. 2
132. 0
133. 2
134. 0
135. 3
136. 1
137. 2
138. 0
139. 0
140. 1
141. 1
142. 3
143. 0
144. 2
145. 0
146. 2
147. 0
148. 0
149. 0
150. 0
151. 0
152. 1
153. 1
154. 1
155. 1
156. 2
157. 0
158. 0
159. 0
160. 3
161. 1
162. 0
163. 2
164. 1
165. 0
166. 2
167. 2
168. 0
169. 2
170. 3
171. 0
172. 1
173. 0
174. 1
175. 2
176. 2
177. 2
178. 0
179. 0
180. 2
181. 1
182. 0
183. 2
184. 0
185. 1
186. 2
187. 0
188. 3
189. 0
190. 0
191. 3
192. 0
193. 2
194. 0
195. 0
196. 0
197. 3
198. 2
199. 1
200. 0