121.txt
1. 6
2. 2
3. 3
4. 2
5. 1
6. 1
7. 8
8. 7
9. 3
10. 4
11. 2
12. 2
13. 4
14. 3
15. 2
16. 1
17. 3
18. 4
19. 4
20. 2
21. 1
22. 2
23. 3
24. 3
25. 3
26. 2
27. 1
28. 2
29. 4
30. 4
31. 2
32. 3
33. 2
34. 2
35. 1
36. 1
37. 3
38. 2
39. 2
40. 2
41. 4
42. 3
43. 3
44. 1
45. 2
46. 2
47. 3
48. 5
49. 2
50. 3
51. 3
52. 3
53. 2
54. 1
55. 2
56. 3
57. 2
58. 3
59. 2
60. 1
61. 2
62. 1
63. 2
64. 3
65. 2
66. 4
67. 2
68. 3
69. 1
70. 2
71. 4
72. 4
73. 2
74. 2
75. 3
76. 5
77. 4
78. 4
79. 1
80. 3
81. 4
82. 2
83. 3
84. 3
85. 3
86. 1
87. 3
88. 2
89. 4
90. 5
91. 1
92. 1
93. 2
94. 3
95. 3
96. 3
97. 1
98. 2
99. 2
100. 3
101. 4
102. 2
103. 4
104. 2
105. 2
106. 3
107. 2
108. 3
109. 4
110. 3
111. 2
112. 6
113. 4
114. 2
115. 3
116. 1
117. 3
118. 1
119. 4
120. 1
121. 3
122. 2
123. 4
124. 2
125. 3
126. 1
127. 2
128. 2
129. 2
130. 4
131. 2
132. 1
133. 2
134. 2
135. 2
136. 2
137. 3
138. 2
139. 3
140. 2
141. 6
142. 2
143. 4
144. 2
145. 2
146. 2
147. 2
148. 2
149. 4
150. 2
151. 2
152. 3
153. 3
154. 3
155. 2
156. 3
157. 4
158. 2
159. 2
160. 2
161. 2
162. 3
163. 2
164. 2
165. 2
166. 3
167. 1
168. 2
169. 3
170. 3
171. 2
172. 1
173. 2
174. 2
175. 3
176. 2
177. 2
178. 3
179. 2
180. 2
181. 2
182. 2
183. 1
184. 3
185. 3
186. 1
187. 2
188. 2
189. 2
190. 3
191. 3
192. 2
193. 1
194. 4
195. 2
196. 3
197. 4
198. 2
199. 3
200. 4