1212.txt
1. 8
2. 3
3. 2
4. 2
5. 6
6. 4
7. 1
8. 1
9. 1
10. 4
11. 2
12. 2
13. 3
14. 3
15. 0
16. 1
17. 1
18. 3
19. 1
20. 1
21. 4
22. 3
23. 1
24. 3
25. 4
26. 1
27. 2
28. 2
29. 5
30. 2
31. 1
32. 2
33. 3
34. 2
35. 4
36. 3
37. 2
38. 2
39. 3
40. 1
41. 2
42. 3
43. 3
44. 1
45. 3
46. 2
47. 3
48. 1
49. 2
50. 1
51. 6
52. 3
53. 6
54. 2
55. 4
56. 5
57. 3
58. 3
59. 2
60. 2
61. 1
62. 3
63. 4
64. 5
65. 1
66. 3
67. 2
68. 1
69. 4
70. 1
71. 1
72. 1
73. 4
74. 2
75. 2
76. 2
77. 1
78. 2
79. 3
80. 2
81. 2
82. 3
83. 1
84. 3
85. 4
86. 4
87. 3
88. 1
89. 3
90. 5
91. 1
92. 2
93. 2
94. 4
95. 2
96. 3
97. 2
98. 2
99. 3
100. 3
101. 2
102. 2
103. 3
104. 2
105. 2
106. 5
107. 2
108. 3
109. 1
110. 2
111. 2
112. 2
113. 1
114. 2
115. 4
116. 2
117. 1
118. 3
119. 1
120. 3
121. 2
122. 2
123. 2
124. 3
125. 3
126. 2
127. 2
128. 1
129. 4
130. 2
131. 3
132. 4
133. 3
134. 2
135. 3
136. 2
137. 4
138. 2
139. 2
140. 2
141. 3
142. 2
143. 1
144. 5
145. 2
146. 2
147. 2
148. 2
149. 1
150. 1
151. 1
152. 4
153. 3
154. 2
155. 4
156. 1
157. 1
158. 3
159. 3
160. 2
161. 4
162. 2
163. 2
164. 3
165. 3
166. 2
167. 4
168. 2
169. 1
170. 2
171. 1
172. 2
173. 2
174. 1
175. 1
176. 6
177. 2
178. 2
179. 1
180. 5
181. 4
182. 1
183. 2
184. 2
185. 1
186. 2
187. 2
188. 5
189. 2
190. 2
191. 2
192. 3
193. 2
194. 2
195. 2
196. 2
197. 2
198. 3
199. 2
200. 2