1219.txt
1. 4
2. 2
3. 3
4. 6
5. 1
6. 4
7. 7
8. 0
9. 1
10. 3
11. 1
12. 2
13. 2
14. 2
15. 6
16. 1
17. 2
18. 1
19. 2
20. 1
21. 3
22. 2
23. 1
24. 3
25. 2
26. 2
27. 5
28. 1
29. 2
30. 2
31. 2
32. 1
33. 2
34. 3
35. 2
36. 1
37. 4
38. 2
39. 6
40. 4
41. 3
42. 3
43. 2
44. 5
45. 2
46. 2
47. 1
48. 3
49. 2
50. 2
51. 4
52. 3
53. 3
54. 3
55. 3
56. 1
57. 3
58. 3
59. 3
60. 2
61. 2
62. 2
63. 2
64. 1
65. 2
66. 4
67. 2
68. 1
69. 3
70. 4
71. 2
72. 2
73. 1
74. 2
75. 3
76. 2
77. 1
78. 2
79. 3
80. 1
81. 2
82. 2
83. 2
84. 1
85. 4
86. 3
87. 2
88. 2
89. 3
90. 2
91. 3
92. 1
93. 1
94. 2
95. 1
96. 2
97. 3
98. 2
99. 2
100. 1
101. 2
102. 1
103. 3
104. 3
105. 2
106. 2
107. 3
108. 2
109. 1
110. 2
111. 3
112. 3
113. 2
114. 4
115. 1
116. 2
117. 1
118. 2
119. 7
120. 3
121. 2
122. 3
123. 2
124. 1
125. 2
126. 3
127. 4
128. 3
129. 3
130. 2
131. 2
132. 1
133. 2
134. 3
135. 2
136. 1
137. 2
138. 3
139. 2
140. 3
141. 2
142. 2
143. 2
144. 4
145. 2
146. 2
147. 1
148. 2
149. 2
150. 2
151. 2
152. 3
153. 3
154. 2
155. 3
156. 2
157. 3
158. 2
159. 2
160. 3
161. 2
162. 2
163. 3
164. 2
165. 1
166. 3
167. 3
168. 2
169. 2
170. 1
171. 4
172. 2
173. 3
174. 2
175. 2
176. 2
177. 3
178. 2
179. 4
180. 2
181. 2
182. 2
183. 1
184. 1
185. 3
186. 2
187. 2
188. 3
189. 2
190. 1
191. 3
192. 4
193. 2
194. 1
195. 2
196. 2
197. 2
198. 1
199. 2
200. 2