1226.txt
1. 2
2. 3
3. 4
4. 2
5. 2
6. 3
7. 1
8. 2
9. 4
10. 1
11. 2
12. 3
13. 2
14. 6
15. 3
16. 1
17. 2
18. 3
19. 2
20. 2
21. 3
22. 7
23. 3
24. 4
25. 7
26. 3
27. 1
28. 2
29. 3
30. 2
31. 3
32. 4
33. 3
34. 3
35. 2
36. 4
37. 2
38. 2
39. 1
40. 5
41. 3
42. 3
43. 1
44. 6
45. 2
46. 3
47. 3
48. 4
49. 4
50. 5
51. 1
52. 2
53. 3
54. 3
55. 1
56. 3
57. 2
58. 3
59. 2
60. 3
61. 2
62. 2
63. 4
64. 2
65. 2
66. 1
67. 3
68. 3
69. 3
70. 1
71. 4
72. 2
73. 1
74. 3
75. 3
76. 4
77. 2
78. 2
79. 1
80. 3
81. 2
82. 3
83. 3
84. 2
85. 3
86. 1
87. 1
88. 3
89. 4
90. 2
91. 2
92. 2
93. 3
94. 6
95. 2
96. 3
97. 2
98. 3
99. 2
100. 2
101. 2
102. 2
103. 2
104. 1
105. 1
106. 4
107. 2
108. 3
109. 4
110. 1
111. 3
112. 2
113. 3
114. 5
115. 2
116. 2
117. 2
118. 3
119. 2
120. 2
121. 2
122. 2
123. 3
124. 2
125. 2
126. 3
127. 1
128. 1
129. 5
130. 5
131. 2
132. 2
133. 3
134. 3
135. 1
136. 2
137. 3
138. 2
139. 4
140. 4
141. 3
142. 2
143. 3
144. 3
145. 3
146. 2
147. 4
148. 3
149. 2
150. 3
151. 2
152. 3
153. 2
154. 4
155. 4
156. 3
157. 3
158. 3
159. 4
160. 2
161. 3
162. 2
163. 2
164. 2
165. 3
166. 3
167. 8
168. 2
169. 3
170. 1
171. 3
172. 3
173. 2
174. 2
175. 3
176. 2
177. 3
178. 4
179. 1
180. 4
181. 1
182. 4
183. 3
184. 3
185. 2
186. 6
187. 2
188. 2
189. 1
190. 5
191. 2
192. 2
193. 2
194. 1
195. 3
196. 2
197. 3
198. 3
199. 4
200. 3