1231.txt
1. 0
2. 1
3. 1
4. 0
5. 0
6. 0
7. 6
8. 0
9. 0
10. 3
11. 3
12. 4
13. 0
14. 4
15. 0
16. 4
17. 1
18. 2
19. 6
20. 2
21. 0
22. 2
23. 2
24. 0
25. 4
26. 2
27. 5
28. 0
29. 5
30. 2
31. 0
32. 0
33. 0
34. 0
35. 3
36. 0
37. 4
38. 2
39. 2
40. 0
41. 0
42. 0
43. 5
44. 0
45. 2
46. 0
47. 4
48. 2
49. 0
50. 0
51. 5
52. 3
53. 0
54. 0
55. 0
56. 2
57. 0
58. 1
59. 0
60. 0
61. 0
62. 0
63. 0
64. 0
65. 0
66. 0
67. 2
68. 0
69. 3
70. 0
71. 2
72. 0
73. 0
74. 3
75. 1
76. 2
77. 2
78. 0
79. 6
80. 0
81. 3
82. 0
83. 3
84. 2
85. 4
86. 3
87. 0
88. 0
89. 5
90. 2
91. 4
92. 0
93. 7
94. 0
95. 0
96. 0
97. 3
98. 3
99. 0
100. 0
101. 0
102. 4
103. 0
104. 2
105. 0
106. 3
107. 1
108. 2
109. 4
110. 0
111. 4
112. 0
113. 3
114. 0
115. 0
116. 2
117. 0
118. 2
119. 0
120. 7
121. 1
122. 0
123. 0
124. 0
125. 3
126. 0
127. 0
128. 0
129. 2
130. 2
131. 2
132. 3
133. 4
134. 3
135. 3
136. 4
137. 0
138. 0
139. 2
140. 4
141. 0
142. 0
143. 0
144. 0
145. 2
146. 0
147. 3
148. 0
149. 5
150. 0
151. 0
152. 0
153. 0
154. 3
155. 4
156. 0
157. 2
158. 0
159. 0
160. 2
161. 2
162. 0
163. 0
164. 0
165. 0
166. 3
167. 2
168. 3
169. 0
170. 0
171. 2
172. 2
173. 3
174. 0
175. 0
176. 4
177. 0
178. 0
179. 0
180. 5
181. 3
182. 0
183. 2
184. 0
185. 0
186. 3
187. 0
188. 0
189. 0
190. 0
191. 2
192. 0
193. 0
194. 0
195. 0
196. 0
197. 0
198. 3
199. 6
200. 3