1234.txt
1. 0
2. 0
3. 2
4. 3
5. 2
6. 0
7. 0
8. 0
9. 0
10. 3
11. 3
12. 0
13. 8
14. 1
15. 0
16. 2
17. 1
18. 1
19. 3
20. 1
21. 2
22. 4
23. 0
24. 2
25. 2
26. 2
27. 2
28. 0
29. 4
30. 0
31. 3
32. 3
33. 0
34. 1
35. 2
36. 3
37. 3
38. 0
39. 0
40. 7
41. 3
42. 4
43. 0
44. 2
45. 0
46. 1
47. 5
48. 1
49. 2
50. 2
51. 2
52. 1
53. 1
54. 2
55. 3
56. 1
57. 2
58. 1
59. 3
60. 0
61. 0
62. 2
63. 0
64. 1
65. 2
66. 0
67. 1
68. 2
69. 2
70. 0
71. 2
72. 2
73. 2
74. 0
75. 0
76. 3
77. 0
78. 2
79. 2
80. 2
81. 0
82. 2
83. 0
84. 1
85. 0
86. 0
87. 2
88. 2
89. 1
90. 0
91. 2
92. 4
93. 3
94. 2
95. 2
96. 2
97. 2
98. 0
99. 3
100. 3
101. 0
102. 0
103. 4
104. 0
105. 3
106. 1
107. 0
108. 2
109. 0
110. 0
111. 0
112. 1
113. 2
114. 0
115. 3
116. 0
117. 0
118. 2
119. 0
120. 0
121. 0
122. 4
123. 4
124. 2
125. 2
126. 0
127. 3
128. 1
129. 0
130. 10
131. 0
132. 1
133. 2
134. 0
135. 2
136. 1
137. 3
138. 3
139. 0
140. 2
141. 3
142. 2
143. 0
144. 0
145. 0
146. 4
147. 0
148. 2
149. 0
150. 0
151. 2
152. 0
153. 0
154. 2
155. 0
156. 0
157. 1
158. 0
159. 0
160. 2
161. 0
162. 2
163. 1
164. 0
165. 2
166. 4
167. 6
168. 2
169. 0
170. 2
171. 0
172. 0
173. 0
174. 3
175. 2
176. 0
177. 3
178. 2
179. 0
180. 2
181. 0
182. 3
183. 0
184. 4
185. 0
186. 0
187. 3
188. 2
189. 0
190. 4
191. 0
192. 0
193. 2
194. 2
195. 0
196. 0
197. 2
198. 1
199. 3
200. 2