1241.txt
1. 0
2. 0
3. 2
4. 1
5. 3
6. 0
7. 6
8. 1
9. 4
10. 3
11. 2
12. 4
13. 1
14. 1
15. 2
16. 3
17. 5
18. 1
19. 0
20. 7
21. 2
22. 3
23. 2
24. 3
25. 1
26. 3
27. 4
28. 3
29. 2
30. 1
31. 1
32. 4
33. 2
34. 3
35. 2
36. 1
37. 1
38. 1
39. 3
40. 3
41. 6
42. 2
43. 2
44. 2
45. 2
46. 1
47. 3
48. 2
49. 2
50. 0
51. 1
52. 4
53. 2
54. 4
55. 1
56. 4
57. 2
58. 2
59. 3
60. 3
61. 3
62. 4
63. 1
64. 2
65. 1
66. 5
67. 2
68. 6
69. 3
70. 4
71. 0
72. 2
73. 1
74. 2
75. 3
76. 1
77. 3
78. 3
79. 3
80. 3
81. 3
82. 0
83. 3
84. 1
85. 0
86. 1
87. 2
88. 2
89. 3
90. 2
91. 1
92. 3
93. 2
94. 3
95. 2
96. 4
97. 3
98. 2
99. 1
100. 4
101. 2
102. 3
103. 2
104. 4
105. 4
106. 0
107. 6
108. 3
109. 2
110. 4
111. 1
112. 1
113. 3
114. 1
115. 0
116. 3
117. 2
118. 3
119. 2
120. 2
121. 1
122. 1
123. 1
124. 0
125. 1
126. 2
127. 2
128. 2
129. 1
130. 1
131. 0
132. 5
133. 0
134. 2
135. 2
136. 3
137. 1
138. 1
139. 1
140. 1
141. 1
142. 2
143. 4
144. 1
145. 2
146. 1
147. 2
148. 2
149. 4
150. 2
151. 1
152. 2
153. 1
154. 1
155. 3
156. 2
157. 3
158. 1
159. 2
160. 2
161. 2
162. 3
163. 0
164. 2
165. 3
166. 2
167. 1
168. 1
169. 2
170. 2
171. 0
172. 2
173. 2
174. 2
175. 1
176. 3
177. 3
178. 2
179. 4
180. 2
181. 2
182. 0
183. 2
184. 2
185. 2
186. 2
187. 2
188. 2
189. 3
190. 1
191. 5
192. 2
193. 1
194. 3
195. 3
196. 3
197. 1
198. 0
199. 2
200. 2