1255.txt
1. 2
2. 2
3. 2
4. 4
5. 3
6. 4
7. 2
8. 4
9. 4
10. 2
11. 5
12. 5
13. 2
14. 2
15. 2
16. 4
17. 1
18. 2
19. 2
20. 2
21. 3
22. 2
23. 3
24. 3
25. 3
26. 1
27. 2
28. 5
29. 2
30. 2
31. 2
32. 2
33. 3
34. 2
35. 3
36. 2
37. 2
38. 2
39. 2
40. 2
41. 2
42. 4
43. 3
44. 3
45. 2
46. 3
47. 2
48. 2
49. 2
50. 2
51. 2
52. 3
53. 2
54. 2
55. 3
56. 4
57. 3
58. 2
59. 4
60. 4
61. 3
62. 2
63. 1
64. 3
65. 2
66. 3
67. 4
68. 3
69. 2
70. 2
71. 2
72. 2
73. 1
74. 1
75. 4
76. 3
77. 2
78. 3
79. 3
80. 2
81. 2
82. 3
83. 2
84. 2
85. 2
86. 3
87. 2
88. 1
89. 3
90. 3
91. 2
92. 2
93. 3
94. 3
95. 4
96. 2
97. 3
98. 2
99. 2
100. 1
101. 2
102. 2
103. 2
104. 4
105. 3
106. 2
107. 2
108. 2
109. 2
110. 2
111. 2
112. 2
113. 2
114. 2
115. 2
116. 2
117. 3
118. 4
119. 3
120. 4
121. 2
122. 3
123. 3
124. 3
125. 4
126. 2
127. 2
128. 4
129. 2
130. 2
131. 4
132. 3
133. 1
134. 2
135. 3
136. 2
137. 2
138. 2
139. 2
140. 3
141. 3
142. 6
143. 1
144. 3
145. 2
146. 2
147. 2
148. 2
149. 2
150. 2
151. 1
152. 2
153. 2
154. 2
155. 3
156. 4
157. 2
158. 2
159. 3
160. 2
161. 1
162. 3
163. 3
164. 3
165. 2
166. 2
167. 1
168. 2
169. 2
170. 2
171. 2
172. 6
173. 3
174. 2
175. 3
176. 3
177. 2
178. 2
179. 3
180. 1
181. 3
182. 2
183. 2
184. 3
185. 2
186. 4
187. 2
188. 6
189. 2
190. 3
191. 2
192. 3
193. 4
194. 2
195. 2
196. 3
197. 4
198. 2
199. 2
200. 2