1257.txt
1. 0
2. 1
3. 3
4. 2
5. 4
6. 1
7. 2
8. 5
9. 0
10. 2
11. 2
12. 1
13. 4
14. 1
15. 4
16. 3
17. 2
18. 3
19. 4
20. 2
21. 2
22. 1
23. 1
24. 6
25. 1
26. 2
27. 3
28. 2
29. 2
30. 1
31. 2
32. 3
33. 1
34. 3
35. 3
36. 2
37. 2
38. 2
39. 4
40. 3
41. 5
42. 4
43. 1
44. 3
45. 2
46. 4
47. 2
48. 2
49. 2
50. 2
51. 3
52. 2
53. 3
54. 2
55. 1
56. 2
57. 4
58. 2
59. 1
60. 1
61. 1
62. 2
63. 1
64. 2
65. 4
66. 4
67. 2
68. 5
69. 1
70. 1
71. 3
72. 3
73. 2
74. 2
75. 2
76. 1
77. 1
78. 2
79. 3
80. 1
81. 2
82. 3
83. 1
84. 3
85. 3
86. 1
87. 2
88. 7
89. 2
90. 1
91. 3
92. 1
93. 4
94. 5
95. 4
96. 3
97. 1
98. 4
99. 2
100. 1
101. 3
102. 3
103. 1
104. 3
105. 3
106. 3
107. 1
108. 2
109. 3
110. 1
111. 1
112. 1
113. 1
114. 4
115. 2
116. 7
117. 1
118. 2
119. 2
120. 3
121. 1
122. 1
123. 2
124. 2
125. 3
126. 2
127. 2
128. 4
129. 4
130. 3
131. 1
132. 2
133. 1
134. 2
135. 3
136. 1
137. 1
138. 2
139. 4
140. 2
141. 1
142. 1
143. 3
144. 2
145. 2
146. 2
147. 2
148. 2
149. 1
150. 2
151. 3
152. 2
153. 1
154. 2
155. 4
156. 1
157. 2
158. 2
159. 3
160. 3
161. 2
162. 2
163. 2
164. 1
165. 1
166. 3
167. 2
168. 2
169. 5
170. 3
171. 4
172. 1
173. 3
174. 3
175. 2
176. 2
177. 1
178. 2
179. 2
180. 2
181. 3
182. 2
183. 2
184. 2
185. 5
186. 1
187. 3
188. 3
189. 2
190. 5
191. 1
192. 3
193. 2
194. 1
195. 2
196. 3
197. 2
198. 3
199. 1
200. 2