1259.txt
1. 2
2. 1
3. 7
4. 2
5. 3
6. 2
7. 4
8. 2
9. 3
10. 3
11. 1
12. 2
13. 4
14. 2
15. 3
16. 3
17. 6
18. 2
19. 4
20. 3
21. 4
22. 5
23. 3
24. 2
25. 2
26. 4
27. 3
28. 3
29. 4
30. 3
31. 3
32. 5
33. 2
34. 4
35. 2
36. 3
37. 4
38. 4
39. 4
40. 2
41. 2
42. 2
43. 2
44. 2
45. 4
46. 2
47. 5
48. 3
49. 3
50. 4
51. 6
52. 7
53. 2
54. 3
55. 2
56. 2
57. 2
58. 4
59. 3
60. 2
61. 3
62. 2
63. 3
64. 2
65. 2
66. 3
67. 2
68. 3
69. 2
70. 3
71. 2
72. 2
73. 2
74. 4
75. 3
76. 2
77. 5
78. 2
79. 3
80. 3
81. 4
82. 3
83. 3
84. 2
85. 3
86. 5
87. 2
88. 2
89. 4
90. 2
91. 2
92. 3
93. 2
94. 3
95. 5
96. 3
97. 2
98. 3
99. 2
100. 6
101. 3
102. 4
103. 5
104. 4
105. 5
106. 2
107. 2
108. 2
109. 3
110. 3
111. 2
112. 2
113. 3
114. 2
115. 2
116. 3
117. 2
118. 3
119. 4
120. 2
121. 2
122. 2
123. 3
124. 3
125. 2
126. 3
127. 2
128. 3
129. 2
130. 2
131. 4
132. 3
133. 2
134. 3
135. 3
136. 4
137. 3
138. 2
139. 2
140. 3
141. 5
142. 4
143. 4
144. 3
145. 3
146. 3
147. 3
148. 4
149. 3
150. 4
151. 2
152. 4
153. 2
154. 2
155. 3
156. 2
157. 4
158. 5
159. 2
160. 2
161. 2
162. 4
163. 4
164. 2
165. 4
166. 5
167. 3
168. 2
169. 3
170. 2
171. 7
172. 1
173. 2
174. 7
175. 2
176. 4
177. 3
178. 4
179. 3
180. 2
181. 3
182. 2
183. 3
184. 2
185. 4
186. 2
187. 2
188. 3
189. 4
190. 3
191. 2
192. 3
193. 3
194. 2
195. 2
196. 2
197. 2
198. 3
199. 3
200. 4