1269.txt
1. 2
2. 3
3. 2
4. 2
5. 1
6. 4
7. 5
8. 2
9. 1
10. 1
11. 2
12. 2
13. 2
14. 3
15. 1
16. 3
17. 2
18. 4
19. 2
20. 2
21. 3
22. 2
23. 2
24. 1
25. 2
26. 2
27. 2
28. 4
29. 1
30. 2
31. 2
32. 4
33. 3
34. 2
35. 3
36. 1
37. 2
38. 3
39. 2
40. 2
41. 3
42. 1
43. 2
44. 2
45. 6
46. 2
47. 2
48. 3
49. 1
50. 2
51. 2
52. 3
53. 1
54. 2
55. 4
56. 5
57. 4
58. 3
59. 4
60. 2
61. 3
62. 2
63. 3
64. 5
65. 1
66. 3
67. 3
68. 2
69. 1
70. 2
71. 2
72. 3
73. 3
74. 1
75. 3
76. 2
77. 3
78. 3
79. 2
80. 2
81. 1
82. 3
83. 2
84. 2
85. 3
86. 3
87. 3
88. 3
89. 2
90. 2
91. 3
92. 1
93. 3
94. 2
95. 3
96. 2
97. 5
98. 3
99. 3
100. 6
101. 3
102. 2
103. 3
104. 3
105. 2
106. 2
107. 2
108. 4
109. 3
110. 3
111. 3
112. 2
113. 1
114. 2
115. 4
116. 3
117. 4
118. 2
119. 1
120. 3
121. 1
122. 2
123. 2
124. 3
125. 3
126. 2
127. 3
128. 2
129. 2
130. 2
131. 3
132. 1
133. 3
134. 2
135. 3
136. 2
137. 2
138. 3
139. 2
140. 3
141. 2
142. 3
143. 4
144. 2
145. 4
146. 2
147. 2
148. 3
149. 4
150. 4
151. 3
152. 2
153. 4
154. 2
155. 3
156. 2
157. 3
158. 3
159. 2
160. 2
161. 1
162. 1
163. 3
164. 2
165. 1
166. 1
167. 2
168. 3
169. 3
170. 3
171. 3
172. 3
173. 3
174. 3
175. 2
176. 3
177. 3
178. 3
179. 4
180. 3
181. 2
182. 3
183. 2
184. 3
185. 3
186. 2
187. 2
188. 3
189. 3
190. 2
191. 2
192. 4
193. 2
194. 2
195. 3
196. 3
197. 3
198. 3
199. 4
200. 2