1278.txt
1. 0
2. 0
3. 6
4. 0
5. 0
6. 0
7. 0
8. 4
9. 0
10. 0
11. 0
12. 0
13. 0
14. 0
15. 0
16. 0
17. 0
18. 0
19. 0
20. 3
21. 0
22. 3
23. 0
24. 3
25. 0
26. 4
27. 3
28. 0
29. 0
30. 0
31. 4
32. 0
33. 8
34. 0
35. 0
36. 0
37. 0
38. 3
39. 0
40. 0
41. 0
42. 0
43. 0
44. 0
45. 0
46. 0
47. 0
48. 5
49. 0
50. 0
51. 3
52. 0
53. 3
54. 0
55. 4
56. 6
57. 0
58. 3
59. 0
60. 3
61. 0
62. 0
63. 0
64. 3
65. 0
66. 6
67. 4
68. 0
69. 0
70. 0
71. 0
72. 0
73. 0
74. 0
75. 0
76. 6
77. 0
78. 0
79. 0
80. 0
81. 0
82. 4
83. 7
84. 3
85. 0
86. 0
87. 0
88. 4
89. 0
90. 0
91. 0
92. 3
93. 4
94. 0
95. 0
96. 0
97. 0
98. 0
99. 0
100. 0
101. 4
102. 0
103. 4
104. 0
105. 0
106. 0
107. 4
108. 0
109. 0
110. 4
111. 0
112. 0
113. 5
114. 0
115. 0
116. 0
117. 0
118. 0
119. 0
120. 0
121. 0
122. 4
123. 0
124. 4
125. 3
126. 0
127. 0
128. 0
129. 0
130. 0
131. 0
132. 0
133. 0
134. 0
135. 0
136. 0
137. 0
138. 0
139. 0
140. 0
141. 0
142. 0
143. 0
144. 0
145. 0
146. 0
147. 0
148. 0
149. 3
150. 0
151. 0
152. 0
153. 0
154. 0
155. 0
156. 0
157. 0
158. 3
159. 0
160. 0
161. 0
162. 0
163. 0
164. 0
165. 0
166. 3
167. 0
168. 0
169. 3
170. 0
171. 0
172. 4
173. 3
174. 0
175. 4
176. 0
177. 4
178. 5
179. 0
180. 0
181. 0
182. 0
183. 0
184. 3
185. 0
186. 0
187. 0
188. 0
189. 0
190. 0
191. 0
192. 0
193. 5
194. 0
195. 3
196. 0
197. 0
198. 0
199. 0
200. 3