1280.txt
1. 3
2. 0
3. 1
4. 1
5. 0
6. 0
7. 1
8. 0
9. 0
10. 1
11. 2
12. 1
13. 2
14. 1
15. 0
16. 0
17. 1
18. 2
19. 2
20. 2
21. 0
22. 2
23. 0
24. 7
25. 1
26. 3
27. 0
28. 2
29. 1
30. 0
31. 8
32. 0
33. 0
34. 2
35. 2
36. 1
37. 2
38. 3
39. 1
40. 3
41. 2
42. 2
43. 0
44. 1
45. 3
46. 2
47. 1
48. 4
49. 0
50. 2
51. 5
52. 1
53. 2
54. 3
55. 0
56. 0
57. 0
58. 2
59. 0
60. 0
61. 1
62. 0
63. 2
64. 0
65. 0
66. 1
67. 0
68. 1
69. 0
70. 1
71. 0
72. 1
73. 0
74. 2
75. 2
76. 0
77. 1
78. 0
79. 1
80. 2
81. 3
82. 1
83. 3
84. 0
85. 3
86. 3
87. 3
88. 2
89. 3
90. 0
91. 2
92. 1
93. 0
94. 0
95. 2
96. 2
97. 1
98. 1
99. 2
100. 0
101. 2
102. 3
103. 0
104. 1
105. 0
106. 0
107. 1
108. 2
109. 1
110. 0
111. 1
112. 0
113. 3
114. 0
115. 4
116. 0
117. 0
118. 0
119. 2
120. 1
121. 2
122. 2
123. 2
124. 0
125. 0
126. 0
127. 0
128. 0
129. 1
130. 0
131. 0
132. 0
133. 2
134. 2
135. 0
136. 0
137. 0
138. 0
139. 0
140. 3
141. 2
142. 1
143. 1
144. 1
145. 0
146. 1
147. 2
148. 1
149. 2
150. 1
151. 1
152. 3
153. 1
154. 0
155. 0
156. 1
157. 0
158. 1
159. 1
160. 6
161. 0
162. 0
163. 2
164. 0
165. 1
166. 2
167. 2
168. 1
169. 3
170. 1
171. 1
172. 0
173. 2
174. 2
175. 2
176. 2
177. 2
178. 0
179. 0
180. 2
181. 0
182. 1
183. 0
184. 3
185. 0
186. 0
187. 0
188. 1
189. 2
190. 1
191. 0
192. 0
193. 0
194. 1
195. 0
196. 1
197. 3
198. 0
199. 0
200. 1