1281.txt
1. 2
2. 1
3. 3
4. 2
5. 2
6. 2
7. 1
8. 4
9. 1
10. 6
11. 1
12. 1
13. 4
14. 3
15. 1
16. 2
17. 2
18. 2
19. 2
20. 3
21. 1
22. 3
23. 3
24. 3
25. 2
26. 2
27. 3
28. 3
29. 2
30. 3
31. 5
32. 1
33. 2
34. 2
35. 4
36. 2
37. 2
38. 2
39. 2
40. 1
41. 2
42. 2
43. 3
44. 5
45. 2
46. 2
47. 4
48. 4
49. 1
50. 3
51. 4
52. 4
53. 4
54. 2
55. 2
56. 2
57. 1
58. 3
59. 3
60. 2
61. 3
62. 1
63. 3
64. 2
65. 2
66. 2
67. 5
68. 2
69. 4
70. 4
71. 2
72. 3
73. 2
74. 2
75. 3
76. 3
77. 2
78. 2
79. 2
80. 2
81. 2
82. 3
83. 4
84. 2
85. 4
86. 1
87. 3
88. 4
89. 2
90. 2
91. 3
92. 4
93. 2
94. 5
95. 3
96. 3
97. 2
98. 2
99. 4
100. 3
101. 2
102. 2
103. 2
104. 2
105. 1
106. 3
107. 4
108. 1
109. 1
110. 4
111. 3
112. 1
113. 3
114. 2
115. 3
116. 2
117. 4
118. 2
119. 3
120. 4
121. 2
122. 2
123. 3
124. 2
125. 4
126. 2
127. 4
128. 1
129. 2
130. 2
131. 2
132. 3
133. 3
134. 5
135. 2
136. 3
137. 3
138. 4
139. 2
140. 2
141. 4
142. 1
143. 2
144. 3
145. 3
146. 2
147. 3
148. 3
149. 4
150. 3
151. 2
152. 5
153. 1
154. 4
155. 1
156. 2
157. 2
158. 3
159. 4
160. 3
161. 2
162. 2
163. 3
164. 1
165. 3
166. 2
167. 2
168. 4
169. 1
170. 2
171. 3
172. 2
173. 2
174. 3
175. 3
176. 3
177. 3
178. 3
179. 3
180. 4
181. 3
182. 3
183. 5
184. 2
185. 4
186. 2
187. 3
188. 1
189. 1
190. 2
191. 3
192. 2
193. 3
194. 2
195. 6
196. 3
197. 4
198. 2
199. 3
200. 4