1293.txt
1. 0
2. 2
3. 1
4. 0
5. 1
6. 3
7. 2
8. 0
9. 4
10. 1
11. 1
12. 0
13. 1
14. 0
15. 1
16. 2
17. 1
18. 3
19. 1
20. 3
21. 8
22. 3
23. 4
24. 6
25. 1
26. 2
27. 2
28. 1
29. 0
30. 4
31. 1
32. 0
33. 2
34. 2
35. 5
36. 0
37. 1
38. 0
39. 5
40. 1
41. 2
42. 0
43. 1
44. 0
45. 3
46. 2
47. 2
48. 2
49. 3
50. 1
51. 2
52. 1
53. 1
54. 0
55. 1
56. 1
57. 0
58. 3
59. 1
60. 2
61. 5
62. 1
63. 3
64. 4
65. 0
66. 4
67. 2
68. 1
69. 2
70. 3
71. 1
72. 1
73. 6
74. 1
75. 2
76. 1
77. 3
78. 2
79. 1
80. 0
81. 1
82. 1
83. 0
84. 2
85. 3
86. 3
87. 1
88. 1
89. 2
90. 2
91. 1
92. 1
93. 2
94. 2
95. 1
96. 1
97. 0
98. 1
99. 4
100. 1
101. 3
102. 1
103. 1
104. 0
105. 4
106. 2
107. 2
108. 3
109. 2
110. 2
111. 2
112. 1
113. 1
114. 2
115. 0
116. 1
117. 1
118. 2
119. 1
120. 3
121. 1
122. 0
123. 2
124. 4
125. 0
126. 0
127. 1
128. 3
129. 1
130. 1
131. 1
132. 2
133. 2
134. 3
135. 1
136. 4
137. 0
138. 3
139. 2
140. 5
141. 1
142. 4
143. 1
144. 3
145. 1
146. 3
147. 1
148. 1
149. 3
150. 3
151. 2
152. 1
153. 1
154. 3
155. 0
156. 2
157. 2
158. 3
159. 4
160. 3
161. 1
162. 1
163. 4
164. 2
165. 2
166. 4
167. 3
168. 2
169. 1
170. 1
171. 3
172. 2
173. 2
174. 1
175. 3
176. 4
177. 1
178. 1
179. 1
180. 3
181. 2
182. 1
183. 0
184. 0
185. 2
186. 3
187. 1
188. 3
189. 1
190. 3
191. 2
192. 1
193. 2
194. 1
195. 3
196. 1
197. 1
198. 1
199. 3
200. 1