1297.txt
1. 0
2. 1
3. 0
4. 0
5. 0
6. 1
7. 0
8. 0
9. 0
10. 1
11. 0
12. 2
13. 3
14. 5
15. 3
16. 0
17. 0
18. 2
19. 2
20. 7
21. 2
22. 1
23. 2
24. 0
25. 0
26. 0
27. 0
28. 1
29. 1
30. 3
31. 0
32. 1
33. 0
34. 0
35. 0
36. 1
37. 0
38. 2
39. 1
40. 0
41. 3
42. 0
43. 1
44. 1
45. 1
46. 4
47. 1
48. 2
49. 0
50. 1
51. 0
52. 0
53. 2
54. 2
55. 0
56. 1
57. 2
58. 0
59. 3
60. 2
61. 0
62. 0
63. 2
64. 0
65. 1
66. 3
67. 1
68. 1
69. 6
70. 0
71. 2
72. 1
73. 1
74. 0
75. 0
76. 2
77. 2
78. 0
79. 0
80. 0
81. 0
82. 3
83. 1
84. 0
85. 2
86. 0
87. 0
88. 2
89. 0
90. 2
91. 0
92. 2
93. 0
94. 4
95. 4
96. 2
97. 0
98. 0
99. 0
100. 0
101. 2
102. 4
103. 0
104. 0
105. 3
106. 2
107. 3
108. 0
109. 0
110. 0
111. 2
112. 4
113. 2
114. 2
115. 4
116. 0
117. 0
118. 0
119. 2
120. 0
121. 0
122. 1
123. 1
124. 2
125. 0
126. 1
127. 3
128. 0
129. 0
130. 0
131. 0
132. 0
133. 0
134. 1
135. 0
136. 0
137. 3
138. 0
139. 1
140. 2
141. 0
142. 0
143. 0
144. 2
145. 5
146. 0
147. 0
148. 2
149. 1
150. 2
151. 0
152. 0
153. 3
154. 0
155. 0
156. 0
157. 1
158. 2
159. 2
160. 0
161. 1
162. 0
163. 0
164. 0
165. 2
166. 0
167. 2
168. 1
169. 2
170. 2
171. 0
172. 0
173. 1
174. 0
175. 0
176. 3
177. 0
178. 1
179. 0
180. 8
181. 0
182. 2
183. 6
184. 2
185. 0
186. 0
187. 0
188. 1
189. 0
190. 0
191. 0
192. 0
193. 0
194. 0
195. 0
196. 2
197. 0
198. 2
199. 1
200. 0