1298.txt
1. 7
2. 4
3. 0
4. 0
5. 0
6. 0
7. 4
8. 3
9. 3
10. 0
11. 0
12. 3
13. 0
14. 0
15. 3
16. 0
17. 4
18. 2
19. 2
20. 7
21. 2
22. 0
23. 0
24. 0
25. 5
26. 3
27. 3
28. 0
29. 0
30. 2
31. 0
32. 0
33. 2
34. 3
35. 0
36. 4
37. 0
38. 0
39. 2
40. 0
41. 4
42. 2
43. 0
44. 2
45. 0
46. 2
47. 0
48. 0
49. 0
50. 0
51. 0
52. 2
53. 0
54. 0
55. 0
56. 0
57. 5
58. 0
59. 4
60. 0
61. 5
62. 0
63. 2
64. 0
65. 0
66. 7
67. 0
68. 3
69. 8
70. 0
71. 0
72. 0
73. 4
74. 0
75. 2
76. 0
77. 5
78. 0
79. 0
80. 7
81. 0
82. 0
83. 4
84. 0
85. 0
86. 0
87. 0
88. 3
89. 0
90. 0
91. 0
92. 0
93. 2
94. 0
95. 4
96. 0
97. 0
98. 3
99. 3
100. 0
101. 0
102. 2
103. 0
104. 0
105. 2
106. 4
107. 2
108. 0
109. 0
110. 3
111. 0
112. 0
113. 0
114. 0
115. 0
116. 4
117. 2
118. 2
119. 0
120. 0
121. 0
122. 0
123. 2
124. 0
125. 2
126. 2
127. 0
128. 4
129. 0
130. 2
131. 0
132. 0
133. 0
134. 3
135. 3
136. 0
137. 0
138. 0
139. 0
140. 2
141. 0
142. 0
143. 3
144. 0
145. 2
146. 0
147. 0
148. 0
149. 3
150. 0
151. 0
152. 0
153. 2
154. 3
155. 0
156. 0
157. 0
158. 2
159. 0
160. 2
161. 0
162. 0
163. 0
164. 0
165. 3
166. 0
167. 3
168. 0
169. 2
170. 3
171. 0
172. 0
173. 4
174. 0
175. 2
176. 0
177. 0
178. 2
179. 3
180. 0
181. 0
182. 2
183. 3
184. 0
185. 0
186. 0
187. 3
188. 0
189. 0
190. 0
191. 0
192. 0
193. 0
194. 3
195. 2
196. 0
197. 0
198. 3
199. 5
200. 0