1306.txt
1. 0
2. 4
3. 3
4. 0
5. 3
6. 1
7. 0
8. 3
9. 1
10. 1
11. 2
12. 1
13. 1
14. 1
15. 2
16. 1
17. 1
18. 1
19. 1
20. 3
21. 1
22. 4
23. 0
24. 1
25. 2
26. 2
27. 4
28. 1
29. 1
30. 1
31. 3
32. 1
33. 1
34. 2
35. 1
36. 4
37. 1
38. 3
39. 2
40. 1
41. 0
42. 1
43. 2
44. 3
45. 1
46. 4
47. 4
48. 0
49. 3
50. 2
51. 1
52. 4
53. 2
54. 5
55. 2
56. 1
57. 1
58. 1
59. 2
60. 1
61. 1
62. 1
63. 2
64. 2
65. 4
66. 2
67. 2
68. 2
69. 4
70. 2
71. 1
72. 2
73. 2
74. 1
75. 1
76. 1
77. 2
78. 1
79. 2
80. 3
81. 2
82. 3
83. 2
84. 1
85. 2
86. 1
87. 1
88. 3
89. 1
90. 1
91. 2
92. 2
93. 3
94. 2
95. 3
96. 1
97. 0
98. 3
99. 2
100. 2
101. 4
102. 1
103. 1
104. 1
105. 1
106. 0
107. 1
108. 1
109. 3
110. 2
111. 3
112. 2
113. 2
114. 1
115. 1
116. 5
117. 2
118. 4
119. 2
120. 2
121. 1
122. 0
123. 2
124. 1
125. 4
126. 4
127. 2
128. 1
129. 2
130. 1
131. 3
132. 1
133. 1
134. 0
135. 3
136. 1
137. 1
138. 1
139. 2
140. 3
141. 3
142. 1
143. 2
144. 2
145. 0
146. 1
147. 2
148. 1
149. 4
150. 3
151. 2
152. 1
153. 1
154. 4
155. 1
156. 3
157. 3
158. 0
159. 2
160. 2
161. 2
162. 2
163. 1
164. 3
165. 1
166. 3
167. 1
168. 1
169. 2
170. 1
171. 3
172. 2
173. 2
174. 1
175. 0
176. 2
177. 1
178. 0
179. 4
180. 1
181. 4
182. 1
183. 0
184. 2
185. 10
186. 4
187. 3
188. 1
189. 2
190. 3
191. 2
192. 2
193. 4
194. 2
195. 1
196. 2
197. 1
198. 1
199. 1
200. 1