1310.txt
1. 0
2. 3
3. 0
4. 1
5. 3
6. 2
7. 9
8. 4
9. 1
10. 2
11. 1
12. 3
13. 1
14. 0
15. 2
16. 1
17. 1
18. 2
19. 2
20. 5
21. 4
22. 2
23. 0
24. 2
25. 3
26. 4
27. 1
28. 2
29. 2
30. 1
31. 3
32. 3
33. 2
34. 0
35. 2
36. 0
37. 6
38. 2
39. 4
40. 5
41. 1
42. 4
43. 4
44. 0
45. 2
46. 4
47. 3
48. 2
49. 2
50. 2
51. 4
52. 3
53. 1
54. 3
55. 1
56. 3
57. 4
58. 3
59. 2
60. 1
61. 2
62. 1
63. 0
64. 3
65. 1
66. 1
67. 1
68. 2
69. 3
70. 2
71. 2
72. 3
73. 4
74. 0
75. 4
76. 1
77. 1
78. 2
79. 2
80. 1
81. 1
82. 3
83. 5
84. 2
85. 0
86. 2
87. 1
88. 3
89. 3
90. 7
91. 2
92. 3
93. 3
94. 2
95. 2
96. 3
97. 2
98. 2
99. 2
100. 2
101. 2
102. 2
103. 2
104. 0
105. 3
106. 2
107. 3
108. 2
109. 2
110. 2
111. 1
112. 2
113. 1
114. 3
115. 1
116. 2
117. 1
118. 3
119. 1
120. 3
121. 3
122. 2
123. 2
124. 4
125. 1
126. 0
127. 0
128. 2
129. 3
130. 1
131. 1
132. 1
133. 2
134. 1
135. 2
136. 0
137. 2
138. 3
139. 3
140. 1
141. 2
142. 2
143. 1
144. 4
145. 2
146. 3
147. 2
148. 7
149. 2
150. 3
151. 3
152. 2
153. 1
154. 3
155. 1
156. 1
157. 2
158. 1
159. 4
160. 3
161. 1
162. 1
163. 3
164. 2
165. 1
166. 1
167. 2
168. 3
169. 1
170. 2
171. 2
172. 2
173. 2
174. 2
175. 3
176. 2
177. 1
178. 3
179. 3
180. 1
181. 3
182. 2
183. 2
184. 4
185. 1
186. 2
187. 3
188. 2
189. 5
190. 2
191. 1
192. 2
193. 2
194. 1
195. 0
196. 2
197. 2
198. 1
199. 4
200. 3