1311.txt
1. 0
2. 1
3. 4
4. 2
5. 2
6. 3
7. 0
8. 2
9. 3
10. 1
11. 4
12. 1
13. 2
14. 0
15. 1
16. 0
17. 2
18. 3
19. 3
20. 1
21. 2
22. 1
23. 6
24. 3
25. 3
26. 2
27. 1
28. 1
29. 2
30. 1
31. 1
32. 1
33. 1
34. 2
35. 3
36. 1
37. 0
38. 2
39. 2
40. 4
41. 1
42. 0
43. 1
44. 1
45. 2
46. 2
47. 3
48. 3
49. 4
50. 2
51. 4
52. 4
53. 2
54. 1
55. 4
56. 3
57. 2
58. 1
59. 3
60. 2
61. 3
62. 2
63. 2
64. 2
65. 2
66. 3
67. 2
68. 5
69. 2
70. 3
71. 2
72. 1
73. 1
74. 1
75. 1
76. 4
77. 2
78. 2
79. 1
80. 6
81. 1
82. 2
83. 1
84. 1
85. 4
86. 2
87. 6
88. 2
89. 2
90. 1
91. 4
92. 1
93. 2
94. 3
95. 3
96. 2
97. 2
98. 1
99. 3
100. 3
101. 2
102. 2
103. 4
104. 3
105. 4
106. 5
107. 2
108. 3
109. 3
110. 1
111. 2
112. 1
113. 1
114. 2
115. 2
116. 2
117. 3
118. 2
119. 3
120. 1
121. 2
122. 1
123. 2
124. 2
125. 4
126. 2
127. 1
128. 2
129. 1
130. 1
131. 5
132. 2
133. 5
134. 2
135. 3
136. 2
137. 3
138. 2
139. 2
140. 1
141. 3
142. 2
143. 3
144. 2
145. 2
146. 2
147. 2
148. 1
149. 3
150. 1
151. 5
152. 2
153. 3
154. 1
155. 4
156. 2
157. 1
158. 1
159. 3
160. 4
161. 2
162. 2
163. 2
164. 2
165. 3
166. 3
167. 2
168. 3
169. 3
170. 2
171. 2
172. 3
173. 2
174. 2
175. 2
176. 2
177. 3
178. 1
179. 2
180. 2
181. 2
182. 1
183. 2
184. 2
185. 3
186. 3
187. 2
188. 2
189. 1
190. 1
191. 2
192. 2
193. 1
194. 2
195. 2
196. 2
197. 3
198. 5
199. 2
200. 4