1324.txt
1. 2
2. 3
3. 5
4. 2
5. 2
6. 4
7. 4
8. 3
9. 2
10. 4
11. 2
12. 4
13. 2
14. 4
15. 3
16. 5
17. 2
18. 2
19. 5
20. 2
21. 4
22. 6
23. 3
24. 2
25. 2
26. 1
27. 3
28. 3
29. 3
30. 4
31. 2
32. 2
33. 3
34. 1
35. 2
36. 2
37. 3
38. 3
39. 2
40. 3
41. 2
42. 2
43. 3
44. 2
45. 2
46. 2
47. 6
48. 4
49. 3
50. 4
51. 2
52. 3
53. 4
54. 4
55. 3
56. 5
57. 2
58. 1
59. 2
60. 7
61. 2
62. 2
63. 2
64. 2
65. 1
66. 4
67. 2
68. 2
69. 3
70. 4
71. 4
72. 3
73. 3
74. 3
75. 4
76. 3
77. 4
78. 1
79. 2
80. 3
81. 4
82. 2
83. 4
84. 5
85. 4
86. 4
87. 5
88. 3
89. 3
90. 4
91. 2
92. 3
93. 3
94. 2
95. 2
96. 3
97. 4
98. 2
99. 4
100. 5
101. 2
102. 2
103. 2
104. 4
105. 3
106. 4
107. 2
108. 2
109. 4
110. 3
111. 2
112. 2
113. 3
114. 1
115. 3
116. 2
117. 4
118. 2
119. 3
120. 3
121. 1
122. 2
123. 2
124. 3
125. 2
126. 2
127. 2
128. 2
129. 4
130. 3
131. 2
132. 3
133. 2
134. 2
135. 3
136. 3
137. 2
138. 2
139. 4
140. 3
141. 5
142. 5
143. 3
144. 3
145. 3
146. 3
147. 3
148. 4
149. 6
150. 2
151. 5
152. 2
153. 3
154. 2
155. 2
156. 2
157. 5
158. 3
159. 2
160. 3
161. 3
162. 3
163. 3
164. 4
165. 2
166. 2
167. 3
168. 3
169. 2
170. 3
171. 3
172. 3
173. 3
174. 5
175. 2
176. 2
177. 4
178. 2
179. 4
180. 2
181. 3
182. 3
183. 2
184. 2
185. 4
186. 2
187. 3
188. 2
189. 4
190. 3
191. 2
192. 3
193. 4
194. 2
195. 3
196. 2
197. 2
198. 2
199. 3
200. 2