1331.txt
1. 2
2. 1
3. 3
4. 2
5. 1
6. 7
7. 2
8. 2
9. 7
10. 4
11. 1
12. 2
13. 8
14. 3
15. 4
16. 4
17. 2
18. 1
19. 3
20. 4
21. 3
22. 2
23. 4
24. 2
25. 1
26. 3
27. 5
28. 2
29. 3
30. 4
31. 2
32. 4
33. 1
34. 1
35. 6
36. 3
37. 2
38. 3
39. 2
40. 4
41. 1
42. 2
43. 3
44. 1
45. 3
46. 2
47. 1
48. 2
49. 3
50. 3
51. 4
52. 3
53. 7
54. 4
55. 3
56. 1
57. 2
58. 2
59. 2
60. 1
61. 3
62. 2
63. 1
64. 2
65. 4
66. 2
67. 3
68. 3
69. 3
70. 3
71. 2
72. 4
73. 3
74. 8
75. 5
76. 1
77. 1
78. 2
79. 4
80. 2
81. 1
82. 2
83. 2
84. 4
85. 5
86. 4
87. 3
88. 1
89. 2
90. 2
91. 3
92. 2
93. 2
94. 1
95. 2
96. 2
97. 6
98. 6
99. 1
100. 6
101. 2
102. 4
103. 1
104. 2
105. 1
106. 4
107. 2
108. 2
109. 3
110. 1
111. 1
112. 6
113. 2
114. 2
115. 3
116. 8
117. 2
118. 1
119. 1
120. 2
121. 4
122. 1
123. 2
124. 2
125. 4
126. 2
127. 3
128. 1
129. 3
130. 2
131. 2
132. 2
133. 1
134. 1
135. 2
136. 3
137. 1
138. 3
139. 2
140. 3
141. 2
142. 3
143. 2
144. 2
145. 1
146. 2
147. 3
148. 2
149. 3
150. 1
151. 3
152. 2
153. 4
154. 2
155. 4
156. 1
157. 1
158. 3
159. 4
160. 3
161. 2
162. 3
163. 4
164. 2
165. 2
166. 3
167. 2
168. 4
169. 3
170. 2
171. 1
172. 2
173. 3
174. 2
175. 3
176. 2
177. 2
178. 2
179. 2
180. 3
181. 1
182. 2
183. 4
184. 4
185. 3
186. 1
187. 2
188. 3
189. 2
190. 4
191. 1
192. 2
193. 3
194. 1
195. 2
196. 4
197. 2
198. 1
199. 2
200. 3