134.txt
1. 2
2. 1
3. 3
4. 5
5. 1
6. 2
7. 3
8. 3
9. 7
10. 1
11. 2
12. 2
13. 2
14. 3
15. 2
16. 2
17. 2
18. 2
19. 1
20. 3
21. 1
22. 4
23. 4
24. 1
25. 1
26. 4
27. 1
28. 2
29. 2
30. 2
31. 2
32. 2
33. 3
34. 3
35. 3
36. 2
37. 2
38. 1
39. 1
40. 4
41. 1
42. 4
43. 1
44. 3
45. 2
46. 3
47. 2
48. 1
49. 3
50. 2
51. 2
52. 2
53. 2
54. 2
55. 1
56. 1
57. 3
58. 2
59. 1
60. 3
61. 3
62. 4
63. 2
64. 3
65. 3
66. 3
67. 1
68. 2
69. 2
70. 2
71. 2
72. 2
73. 1
74. 4
75. 2
76. 2
77. 3
78. 3
79. 3
80. 3
81. 2
82. 2
83. 2
84. 1
85. 3
86. 2
87. 1
88. 2
89. 2
90. 2
91. 2
92. 2
93. 1
94. 1
95. 6
96. 1
97. 2
98. 2
99. 3
100. 4
101. 3
102. 2
103. 2
104. 2
105. 2
106. 1
107. 2
108. 2
109. 2
110. 3
111. 2
112. 2
113. 1
114. 2
115. 2
116. 3
117. 2
118. 1
119. 2
120. 5
121. 1
122. 3
123. 1
124. 2
125. 3
126. 6
127. 2
128. 1
129. 2
130. 1
131. 3
132. 2
133. 3
134. 2
135. 1
136. 5
137. 2
138. 2
139. 1
140. 2
141. 3
142. 4
143. 1
144. 3
145. 2
146. 2
147. 3
148. 3
149. 3
150. 2
151. 2
152. 1
153. 2
154. 2
155. 2
156. 1
157. 3
158. 1
159. 1
160. 4
161. 2
162. 1
163. 1
164. 3
165. 1
166. 4
167. 6
168. 1
169. 2
170. 1
171. 3
172. 3
173. 1
174. 3
175. 3
176. 3
177. 2
178. 3
179. 3
180. 2
181. 2
182. 3
183. 1
184. 2
185. 2
186. 5
187. 2
188. 1
189. 4
190. 2
191. 1
192. 3
193. 1
194. 2
195. 1
196. 1
197. 2
198. 1
199. 2
200. 2