1340.txt
1. 0
2. 2
3. 1
4. 3
5. 0
6. 3
7. 0
8. 1
9. 1
10. 0
11. 0
12. 0
13. 1
14. 0
15. 4
16. 1
17. 0
18. 2
19. 3
20. 1
21. 2
22. 6
23. 4
24. 0
25. 2
26. 3
27. 2
28. 2
29. 1
30. 3
31. 0
32. 0
33. 3
34. 0
35. 0
36. 0
37. 0
38. 2
39. 3
40. 0
41. 0
42. 0
43. 0
44. 2
45. 2
46. 2
47. 0
48. 0
49. 3
50. 0
51. 3
52. 0
53. 0
54. 0
55. 2
56. 0
57. 0
58. 1
59. 3
60. 4
61. 1
62. 2
63. 1
64. 0
65. 3
66. 0
67. 2
68. 0
69. 2
70. 0
71. 0
72. 2
73. 3
74. 0
75. 8
76. 3
77. 2
78. 1
79. 0
80. 0
81. 0
82. 0
83. 2
84. 0
85. 1
86. 0
87. 0
88. 0
89. 2
90. 1
91. 2
92. 0
93. 2
94. 3
95. 2
96. 1
97. 0
98. 3
99. 0
100. 1
101. 0
102. 4
103. 2
104. 2
105. 4
106. 1
107. 1
108. 0
109. 0
110. 0
111. 0
112. 2
113. 0
114. 1
115. 2
116. 0
117. 0
118. 0
119. 0
120. 0
121. 1
122. 1
123. 0
124. 0
125. 2
126. 3
127. 0
128. 0
129. 1
130. 2
131. 0
132. 1
133. 0
134. 0
135. 0
136. 4
137. 2
138. 2
139. 2
140. 1
141. 1
142. 1
143. 0
144. 0
145. 0
146. 0
147. 1
148. 0
149. 0
150. 0
151. 0
152. 3
153. 2
154. 2
155. 1
156. 2
157. 1
158. 2
159. 3
160. 8
161. 0
162. 0
163. 0
164. 1
165. 0
166. 2
167. 0
168. 3
169. 0
170. 4
171. 1
172. 4
173. 0
174. 1
175. 2
176. 2
177. 2
178. 0
179. 0
180. 0
181. 0
182. 1
183. 0
184. 1
185. 0
186. 0
187. 1
188. 2
189. 1
190. 3
191. 0
192. 2
193. 2
194. 1
195. 3
196. 0
197. 1
198. 2
199. 0
200. 2