1353.txt
1. 2
2. 4
3. 2
4. 3
5. 1
6. 0
7. 2
8. 4
9. 2
10. 3
11. 2
12. 1
13. 2
14. 1
15. 2
16. 3
17. 2
18. 4
19. 1
20. 4
21. 1
22. 7
23. 5
24. 2
25. 4
26. 2
27. 1
28. 1
29. 1
30. 3
31. 2
32. 1
33. 6
34. 2
35. 1
36. 2
37. 2
38. 5
39. 2
40. 1
41. 6
42. 5
43. 2
44. 4
45. 2
46. 2
47. 1
48. 3
49. 2
50. 3
51. 2
52. 1
53. 2
54. 1
55. 3
56. 2
57. 3
58. 5
59. 1
60. 4
61. 4
62. 5
63. 3
64. 2
65. 5
66. 3
67. 2
68. 3
69. 4
70. 2
71. 3
72. 2
73. 2
74. 2
75. 2
76. 2
77. 3
78. 1
79. 3
80. 3
81. 2
82. 2
83. 2
84. 3
85. 2
86. 3
87. 5
88. 2
89. 0
90. 2
91. 2
92. 2
93. 2
94. 2
95. 6
96. 5
97. 2
98. 3
99. 5
100. 4
101. 3
102. 2
103. 4
104. 3
105. 2
106. 6
107. 1
108. 3
109. 1
110. 2
111. 2
112. 3
113. 6
114. 1
115. 4
116. 3
117. 2
118. 1
119. 2
120. 2
121. 4
122. 3
123. 2
124. 1
125. 3
126. 2
127. 3
128. 2
129. 7
130. 2
131. 2
132. 3
133. 2
134. 3
135. 4
136. 2
137. 3
138. 1
139. 2
140. 2
141. 2
142. 2
143. 4
144. 2
145. 4
146. 2
147. 2
148. 3
149. 3
150. 4
151. 5
152. 3
153. 4
154. 4
155. 2
156. 2
157. 3
158. 1
159. 1
160. 2
161. 3
162. 1
163. 4
164. 3
165. 3
166. 2
167. 2
168. 3
169. 6
170. 0
171. 5
172. 5
173. 2
174. 4
175. 3
176. 3
177. 3
178. 4
179. 2
180. 1
181. 1
182. 3
183. 2
184. 2
185. 2
186. 4
187. 2
188. 3
189. 3
190. 6
191. 2
192. 4
193. 2
194. 4
195. 3
196. 3
197. 4
198. 2
199. 4
200. 3