1362.txt
1. 0
2. 0
3. 4
4. 2
5. 3
6. 0
7. 1
8. 0
9. 0
10. 0
11. 4
12. 0
13. 2
14. 2
15. 0
16. 0
17. 0
18. 8
19. 2
20. 0
21. 4
22. 0
23. 3
24. 0
25. 0
26. 0
27. 1
28. 3
29. 3
30. 0
31. 2
32. 0
33. 7
34. 2
35. 6
36. 3
37. 0
38. 0
39. 0
40. 3
41. 2
42. 1
43. 0
44. 0
45. 0
46. 4
47. 0
48. 0
49. 2
50. 0
51. 3
52. 3
53. 0
54. 0
55. 5
56. 0
57. 0
58. 2
59. 0
60. 3
61. 3
62. 0
63. 2
64. 3
65. 0
66. 0
67. 0
68. 0
69. 2
70. 2
71. 0
72. 3
73. 0
74. 2
75. 2
76. 3
77. 0
78. 0
79. 0
80. 0
81. 0
82. 0
83. 0
84. 5
85. 0
86. 2
87. 0
88. 0
89. 2
90. 0
91. 2
92. 3
93. 0
94. 3
95. 3
96. 0
97. 0
98. 0
99. 4
100. 3
101. 0
102. 0
103. 0
104. 0
105. 0
106. 3
107. 3
108. 0
109. 2
110. 0
111. 0
112. 2
113. 0
114. 0
115. 4
116. 2
117. 0
118. 0
119. 3
120. 3
121. 0
122. 2
123. 4
124. 0
125. 2
126. 0
127. 2
128. 0
129. 3
130. 0
131. 0
132. 0
133. 0
134. 2
135. 0
136. 3
137. 2
138. 3
139. 0
140. 0
141. 3
142. 4
143. 3
144. 0
145. 0
146. 0
147. 4
148. 0
149. 0
150. 3
151. 3
152. 0
153. 0
154. 3
155. 0
156. 0
157. 3
158. 3
159. 2
160. 2
161. 0
162. 0
163. 3
164. 0
165. 0
166. 2
167. 0
168. 3
169. 0
170. 0
171. 3
172. 2
173. 3
174. 0
175. 3
176. 3
177. 0
178. 0
179. 0
180. 0
181. 5
182. 3
183. 3
184. 3
185. 0
186. 2
187. 3
188. 0
189. 2
190. 3
191. 0
192. 0
193. 0
194. 0
195. 3
196. 3
197. 2
198. 0
199. 2
200. 0