1363.txt
1. 2
2. 1
3. 2
4. 3
5. 4
6. 1
7. 2
8. 3
9. 4
10. 3
11. 3
12. 1
13. 1
14. 3
15. 7
16. 2
17. 1
18. 2
19. 1
20. 3
21. 2
22. 3
23. 2
24. 3
25. 2
26. 4
27. 2
28. 2
29. 3
30. 4
31. 2
32. 5
33. 4
34. 3
35. 6
36. 2
37. 3
38. 2
39. 2
40. 1
41. 2
42. 2
43. 2
44. 3
45. 2
46. 4
47. 2
48. 6
49. 2
50. 3
51. 2
52. 1
53. 2
54. 1
55. 2
56. 3
57. 4
58. 3
59. 3
60. 5
61. 2
62. 3
63. 1
64. 2
65. 3
66. 2
67. 2
68. 3
69. 1
70. 2
71. 2
72. 2
73. 3
74. 1
75. 7
76. 2
77. 4
78. 8
79. 3
80. 3
81. 1
82. 2
83. 1
84. 2
85. 5
86. 2
87. 3
88. 4
89. 3
90. 2
91. 2
92. 2
93. 3
94. 2
95. 3
96. 2
97. 2
98. 5
99. 2
100. 2
101. 3
102. 3
103. 3
104. 2
105. 2
106. 2
107. 1
108. 3
109. 2
110. 5
111. 2
112. 1
113. 2
114. 1
115. 2
116. 2
117. 2
118. 2
119. 2
120. 2
121. 2
122. 2
123. 2
124. 3
125. 3
126. 1
127. 2
128. 3
129. 3
130. 4
131. 2
132. 2
133. 4
134. 3
135. 7
136. 4
137. 2
138. 3
139. 3
140. 1
141. 1
142. 2
143. 4
144. 3
145. 2
146. 2
147. 2
148. 2
149. 3
150. 1
151. 2
152. 3
153. 3
154. 3
155. 2
156. 1
157. 3
158. 2
159. 2
160. 3
161. 3
162. 3
163. 4
164. 2
165. 1
166. 2
167. 2
168. 3
169. 2
170. 2
171. 3
172. 4
173. 3
174. 2
175. 3
176. 3
177. 2
178. 6
179. 4
180. 2
181. 1
182. 5
183. 4
184. 3
185. 2
186. 2
187. 3
188. 3
189. 2
190. 2
191. 2
192. 2
193. 2
194. 2
195. 3
196. 4
197. 2
198. 2
199. 2
200. 3