137.txt
1. 0
2. 0
3. 0
4. 3
5. 1
6. 2
7. 0
8. 0
9. 3
10. 1
11. 1
12. 4
13. 2
14. 1
15. 2
16. 1
17. 0
18. 0
19. 0
20. 2
21. 1
22. 0
23. 0
24. 2
25. 8
26. 1
27. 2
28. 2
29. 0
30. 2
31. 3
32. 2
33. 1
34. 2
35. 2
36. 5
37. 1
38. 2
39. 3
40. 3
41. 0
42. 1
43. 2
44. 1
45. 1
46. 2
47. 2
48. 1
49. 2
50. 0
51. 1
52. 1
53. 0
54. 1
55. 3
56. 3
57. 0
58. 1
59. 1
60. 1
61. 0
62. 2
63. 1
64. 1
65. 2
66. 3
67. 2
68. 2
69. 1
70. 3
71. 2
72. 0
73. 0
74. 1
75. 0
76. 2
77. 0
78. 1
79. 1
80. 0
81. 2
82. 8
83. 0
84. 2
85. 0
86. 1
87. 1
88. 0
89. 1
90. 1
91. 1
92. 3
93. 1
94. 2
95. 2
96. 2
97. 3
98. 0
99. 0
100. 2
101. 1
102. 2
103. 1
104. 1
105. 2
106. 2
107. 1
108. 1
109. 2
110. 1
111. 2
112. 1
113. 2
114. 0
115. 2
116. 1
117. 1
118. 2
119. 3
120. 4
121. 2
122. 0
123. 1
124. 1
125. 1
126. 2
127. 2
128. 1
129. 0
130. 0
131. 1
132. 5
133. 1
134. 0
135. 1
136. 1
137. 0
138. 6
139. 1
140. 2
141. 1
142. 2
143. 1
144. 1
145. 1
146. 0
147. 3
148. 0
149. 2
150. 1
151. 2
152. 2
153. 2
154. 3
155. 1
156. 1
157. 2
158. 2
159. 1
160. 1
161. 0
162. 3
163. 2
164. 2
165. 2
166. 2
167. 0
168. 2
169. 1
170. 1
171. 1
172. 1
173. 3
174. 0
175. 1
176. 1
177. 1
178. 1
179. 1
180. 1
181. 4
182. 0
183. 1
184. 2
185. 1
186. 1
187. 2
188. 1
189. 4
190. 2
191. 1
192. 3
193. 2
194. 1
195. 2
196. 2
197. 1
198. 1
199. 1
200. 1