1370.txt
1. 3
2. 1
3. 4
4. 1
5. 2
6. 2
7. 0
8. 1
9. 5
10. 1
11. 0
12. 1
13. 4
14. 1
15. 8
16. 1
17. 6
18. 3
19. 4
20. 3
21. 2
22. 1
23. 2
24. 3
25. 2
26. 2
27. 3
28. 4
29. 3
30. 2
31. 2
32. 1
33. 2
34. 3
35. 1
36. 3
37. 2
38. 1
39. 2
40. 4
41. 2
42. 2
43. 2
44. 1
45. 1
46. 7
47. 3
48. 2
49. 1
50. 2
51. 2
52. 3
53. 2
54. 2
55. 4
56. 2
57. 2
58. 2
59. 3
60. 2
61. 3
62. 3
63. 1
64. 4
65. 3
66. 1
67. 1
68. 2
69. 3
70. 2
71. 1
72. 3
73. 1
74. 1
75. 3
76. 1
77. 3
78. 2
79. 3
80. 2
81. 4
82. 2
83. 2
84. 4
85. 4
86. 2
87. 2
88. 5
89. 7
90. 3
91. 4
92. 1
93. 4
94. 2
95. 3
96. 2
97. 2
98. 1
99. 2
100. 3
101. 2
102. 3
103. 2
104. 3
105. 3
106. 4
107. 2
108. 4
109. 1
110. 2
111. 2
112. 3
113. 2
114. 3
115. 2
116. 3
117. 1
118. 2
119. 4
120. 2
121. 2
122. 2
123. 4
124. 3
125. 2
126. 2
127. 3
128. 2
129. 2
130. 2
131. 2
132. 2
133. 2
134. 2
135. 3
136. 2
137. 3
138. 2
139. 6
140. 1
141. 2
142. 1
143. 1
144. 3
145. 4
146. 2
147. 3
148. 2
149. 3
150. 2
151. 2
152. 3
153. 2
154. 2
155. 3
156. 2
157. 2
158. 3
159. 1
160. 3
161. 2
162. 3
163. 1
164. 2
165. 2
166. 1
167. 2
168. 3
169. 5
170. 2
171. 2
172. 1
173. 3
174. 5
175. 3
176. 4
177. 3
178. 1
179. 1
180. 1
181. 2
182. 2
183. 3
184. 3
185. 1
186. 2
187. 3
188. 2
189. 3
190. 2
191. 3
192. 4
193. 1
194. 1
195. 3
196. 3
197. 2
198. 2
199. 5
200. 1