1373.txt
1. 0
2. 0
3. 7
4. 4
5. 7
6. 0
7. 3
8. 3
9. 3
10. 0
11. 2
12. 1
13. 1
14. 2
15. 6
16. 0
17. 2
18. 0
19. 0
20. 0
21. 0
22. 3
23. 2
24. 0
25. 2
26. 0
27. 2
28. 2
29. 0
30. 0
31. 1
32. 0
33. 3
34. 3
35. 2
36. 0
37. 0
38. 4
39. 0
40. 1
41. 3
42. 0
43. 3
44. 0
45. 6
46. 0
47. 0
48. 3
49. 0
50. 1
51. 4
52. 0
53. 0
54. 3
55. 0
56. 0
57. 4
58. 0
59. 0
60. 2
61. 2
62. 0
63. 0
64. 0
65. 0
66. 3
67. 0
68. 2
69. 0
70. 3
71. 1
72. 3
73. 0
74. 0
75. 0
76. 2
77. 0
78. 0
79. 1
80. 3
81. 0
82. 0
83. 0
84. 3
85. 2
86. 3
87. 0
88. 2
89. 2
90. 3
91. 4
92. 0
93. 2
94. 3
95. 0
96. 2
97. 3
98. 0
99. 0
100. 0
101. 0
102. 2
103. 2
104. 0
105. 0
106. 1
107. 0
108. 0
109. 0
110. 3
111. 3
112. 2
113. 0
114. 2
115. 2
116. 0
117. 0
118. 2
119. 3
120. 2
121. 0
122. 0
123. 0
124. 0
125. 2
126. 0
127. 0
128. 2
129. 0
130. 0
131. 2
132. 2
133. 0
134. 2
135. 0
136. 0
137. 0
138. 3
139. 2
140. 0
141. 3
142. 0
143. 0
144. 4
145. 0
146. 2
147. 2
148. 0
149. 0
150. 0
151. 0
152. 2
153. 0
154. 4
155. 3
156. 0
157. 2
158. 0
159. 0
160. 2
161. 3
162. 0
163. 0
164. 2
165. 0
166. 2
167. 0
168. 0
169. 0
170. 3
171. 4
172. 0
173. 0
174. 0
175. 0
176. 0
177. 0
178. 0
179. 0
180. 4
181. 0
182. 0
183. 0
184. 0
185. 2
186. 0
187. 0
188. 0
189. 0
190. 0
191. 2
192. 0
193. 2
194. 0
195. 2
196. 0
197. 0
198. 2
199. 0
200. 0