1374.txt
1. 0
2. 3
3. 5
4. 2
5. 3
6. 2
7. 1
8. 0
9. 1
10. 2
11. 3
12. 1
13. 2
14. 6
15. 4
16. 2
17. 3
18. 1
19. 0
20. 2
21. 3
22. 4
23. 2
24. 7
25. 4
26. 3
27. 2
28. 1
29. 2
30. 3
31. 3
32. 2
33. 5
34. 2
35. 3
36. 2
37. 2
38. 4
39. 1
40. 0
41. 2
42. 2
43. 1
44. 2
45. 1
46. 2
47. 0
48. 1
49. 3
50. 3
51. 1
52. 2
53. 3
54. 2
55. 2
56. 3
57. 4
58. 2
59. 2
60. 1
61. 1
62. 3
63. 2
64. 2
65. 5
66. 1
67. 3
68. 4
69. 2
70. 3
71. 1
72. 4
73. 2
74. 2
75. 4
76. 3
77. 0
78. 4
79. 2
80. 1
81. 4
82. 2
83. 3
84. 3
85. 2
86. 1
87. 1
88. 1
89. 3
90. 1
91. 2
92. 2
93. 1
94. 2
95. 2
96. 2
97. 2
98. 3
99. 1
100. 3
101. 6
102. 2
103. 1
104. 4
105. 2
106. 2
107. 1
108. 4
109. 1
110. 4
111. 1
112. 2
113. 1
114. 2
115. 3
116. 2
117. 2
118. 1
119. 5
120. 2
121. 3
122. 2
123. 0
124. 0
125. 1
126. 1
127. 2
128. 0
129. 4
130. 3
131. 2
132. 3
133. 1
134. 4
135. 1
136. 2
137. 3
138. 2
139. 2
140. 2
141. 1
142. 2
143. 1
144. 2
145. 3
146. 2
147. 3
148. 2
149. 2
150. 1
151. 2
152. 3
153. 3
154. 2
155. 1
156. 3
157. 2
158. 3
159. 2
160. 5
161. 3
162. 1
163. 3
164. 4
165. 1
166. 1
167. 2
168. 3
169. 1
170. 3
171. 1
172. 2
173. 3
174. 3
175. 5
176. 1
177. 3
178. 4
179. 2
180. 1
181. 3
182. 3
183. 2
184. 1
185. 3
186. 2
187. 2
188. 1
189. 1
190. 2
191. 3
192. 2
193. 2
194. 1
195. 1
196. 2
197. 4
198. 2
199. 4
200. 2