1384.txt
1. 2
2. 1
3. 2
4. 3
5. 3
6. 4
7. 7
8. 2
9. 2
10. 1
11. 1
12. 2
13. 2
14. 1
15. 2
16. 4
17. 2
18. 5
19. 2
20. 2
21. 2
22. 2
23. 3
24. 3
25. 2
26. 2
27. 1
28. 5
29. 4
30. 1
31. 1
32. 2
33. 2
34. 2
35. 4
36. 2
37. 2
38. 3
39. 2
40. 3
41. 2
42. 3
43. 4
44. 3
45. 5
46. 3
47. 3
48. 2
49. 4
50. 2
51. 1
52. 2
53. 2
54. 3
55. 1
56. 2
57. 1
58. 2
59. 6
60. 2
61. 2
62. 4
63. 3
64. 2
65. 2
66. 3
67. 2
68. 3
69. 2
70. 2
71. 4
72. 3
73. 2
74. 3
75. 2
76. 1
77. 2
78. 3
79. 3
80. 2
81. 3
82. 2
83. 2
84. 2
85. 4
86. 2
87. 1
88. 3
89. 2
90. 2
91. 3
92. 5
93. 1
94. 4
95. 2
96. 5
97. 3
98. 1
99. 5
100. 2
101. 3
102. 1
103. 3
104. 4
105. 7
106. 2
107. 2
108. 3
109. 6
110. 3
111. 2
112. 2
113. 2
114. 2
115. 2
116. 2
117. 3
118. 2
119. 3
120. 2
121. 3
122. 2
123. 1
124. 3
125. 5
126. 2
127. 3
128. 2
129. 2
130. 3
131. 2
132. 2
133. 2
134. 3
135. 1
136. 4
137. 4
138. 1
139. 2
140. 3
141. 2
142. 2
143. 3
144. 2
145. 3
146. 2
147. 2
148. 2
149. 2
150. 2
151. 3
152. 2
153. 2
154. 3
155. 2
156. 2
157. 2
158. 2
159. 3
160. 2
161. 2
162. 4
163. 2
164. 2
165. 2
166. 2
167. 2
168. 3
169. 2
170. 3
171. 3
172. 2
173. 2
174. 3
175. 3
176. 3
177. 2
178. 2
179. 3
180. 2
181. 5
182. 2
183. 4
184. 2
185. 3
186. 2
187. 4
188. 3
189. 1
190. 2
191. 2
192. 3
193. 3
194. 2
195. 2
196. 3
197. 2
198. 2
199. 2
200. 4