1388.txt
1. 3
2. 1
3. 1
4. 1
5. 0
6. 4
7. 3
8. 2
9. 1
10. 0
11. 3
12. 1
13. 0
14. 1
15. 3
16. 1
17. 2
18. 2
19. 3
20. 0
21. 0
22. 5
23. 1
24. 1
25. 1
26. 2
27. 4
28. 1
29. 1
30. 4
31. 3
32. 1
33. 2
34. 8
35. 1
36. 2
37. 1
38. 4
39. 3
40. 3
41. 2
42. 4
43. 2
44. 4
45. 1
46. 5
47. 1
48. 1
49. 0
50. 2
51. 1
52. 2
53. 3
54. 3
55. 0
56. 2
57. 2
58. 3
59. 2
60. 1
61. 1
62. 2
63. 1
64. 4
65. 4
66. 2
67. 4
68. 1
69. 6
70. 1
71. 2
72. 1
73. 1
74. 0
75. 2
76. 3
77. 2
78. 1
79. 5
80. 2
81. 2
82. 1
83. 1
84. 1
85. 3
86. 2
87. 2
88. 2
89. 2
90. 3
91. 2
92. 3
93. 2
94. 1
95. 3
96. 1
97. 3
98. 4
99. 3
100. 4
101. 1
102. 3
103. 3
104. 4
105. 2
106. 2
107. 4
108. 2
109. 3
110. 0
111. 5
112. 7
113. 1
114. 2
115. 4
116. 1
117. 2
118. 5
119. 1
120. 2
121. 1
122. 1
123. 2
124. 1
125. 3
126. 1
127. 2
128. 1
129. 2
130. 1
131. 2
132. 3
133. 2
134. 3
135. 1
136. 4
137. 1
138. 1
139. 1
140. 2
141. 2
142. 1
143. 4
144. 1
145. 1
146. 2
147. 2
148. 1
149. 1
150. 2
151. 1
152. 1
153. 1
154. 3
155. 3
156. 2
157. 3
158. 1
159. 1
160. 0
161. 1
162. 5
163. 1
164. 1
165. 1
166. 4
167. 3
168. 2
169. 1
170. 2
171. 2
172. 4
173. 1
174. 2
175. 2
176. 1
177. 3
178. 1
179. 1
180. 2
181. 0
182. 1
183. 2
184. 3
185. 1
186. 1
187. 2
188. 2
189. 3
190. 2
191. 2
192. 2
193. 2
194. 2
195. 4
196. 2
197. 1
198. 1
199. 2
200. 3