1392.txt
1. 0
2. 4
3. 1
4. 1
5. 0
6. 2
7. 3
8. 1
9. 1
10. 1
11. 1
12. 0
13. 1
14. 0
15. 2
16. 1
17. 1
18. 2
19. 1
20. 7
21. 2
22. 0
23. 0
24. 3
25. 3
26. 2
27. 3
28. 3
29. 1
30. 1
31. 2
32. 2
33. 2
34. 2
35. 3
36. 4
37. 2
38. 4
39. 2
40. 2
41. 3
42. 3
43. 1
44. 5
45. 0
46. 2
47. 3
48. 2
49. 1
50. 2
51. 2
52. 1
53. 4
54. 3
55. 2
56. 1
57. 3
58. 2
59. 2
60. 2
61. 2
62. 1
63. 5
64. 2
65. 4
66. 1
67. 1
68. 2
69. 3
70. 1
71. 1
72. 0
73. 6
74. 2
75. 1
76. 4
77. 2
78. 1
79. 2
80. 4
81. 1
82. 1
83. 1
84. 2
85. 3
86. 6
87. 1
88. 2
89. 2
90. 1
91. 1
92. 2
93. 2
94. 2
95. 1
96. 3
97. 5
98. 2
99. 3
100. 3
101. 2
102. 2
103. 1
104. 5
105. 3
106. 1
107. 1
108. 3
109. 4
110. 3
111. 1
112. 3
113. 1
114. 2
115. 2
116. 2
117. 3
118. 2
119. 1
120. 1
121. 2
122. 1
123. 0
124. 3
125. 3
126. 1
127. 1
128. 3
129. 2
130. 2
131. 1
132. 2
133. 3
134. 1
135. 3
136. 2
137. 2
138. 1
139. 2
140. 3
141. 1
142. 1
143. 0
144. 2
145. 2
146. 1
147. 3
148. 3
149. 3
150. 1
151. 2
152. 2
153. 2
154. 1
155. 3
156. 2
157. 2
158. 2
159. 8
160. 5
161. 3
162. 2
163. 1
164. 1
165. 3
166. 1
167. 2
168. 2
169. 4
170. 3
171. 1
172. 1
173. 4
174. 2
175. 4
176. 2
177. 1
178. 2
179. 1
180. 2
181. 1
182. 1
183. 1
184. 2
185. 2
186. 1
187. 2
188. 1
189. 2
190. 2
191. 1
192. 1
193. 6
194. 1
195. 2
196. 3
197. 3
198. 2
199. 1
200. 3