1395.txt
1. 0
2. 3
3. 5
4. 0
5. 2
6. 2
7. 1
8. 0
9. 1
10. 0
11. 3
12. 4
13. 1
14. 3
15. 3
16. 1
17. 0
18. 1
19. 1
20. 0
21. 4
22. 1
23. 2
24. 2
25. 3
26. 2
27. 1
28. 1
29. 2
30. 3
31. 3
32. 2
33. 4
34. 2
35. 1
36. 0
37. 3
38. 3
39. 3
40. 1
41. 2
42. 1
43. 2
44. 4
45. 9
46. 1
47. 2
48. 2
49. 2
50. 3
51. 1
52. 4
53. 2
54. 3
55. 0
56. 1
57. 1
58. 2
59. 5
60. 2
61. 2
62. 2
63. 1
64. 3
65. 0
66. 3
67. 7
68. 0
69. 8
70. 4
71. 1
72. 3
73. 4
74. 2
75. 3
76. 2
77. 2
78. 4
79. 2
80. 3
81. 2
82. 2
83. 1
84. 2
85. 1
86. 1
87. 0
88. 2
89. 2
90. 4
91. 0
92. 1
93. 3
94. 2
95. 2
96. 1
97. 1
98. 2
99. 1
100. 2
101. 3
102. 3
103. 2
104. 3
105. 2
106. 0
107. 3
108. 2
109. 1
110. 2
111. 1
112. 3
113. 1
114. 0
115. 1
116. 1
117. 1
118. 3
119. 4
120. 3
121. 2
122. 2
123. 2
124. 1
125. 1
126. 2
127. 3
128. 1
129. 3
130. 3
131. 3
132. 0
133. 2
134. 3
135. 2
136. 2
137. 2
138. 8
139. 2
140. 3
141. 1
142. 1
143. 2
144. 1
145. 3
146. 3
147. 2
148. 3
149. 3
150. 3
151. 1
152. 3
153. 4
154. 1
155. 2
156. 2
157. 1
158. 2
159. 1
160. 2
161. 3
162. 3
163. 1
164. 2
165. 2
166. 4
167. 2
168. 1
169. 2
170. 1
171. 4
172. 3
173. 3
174. 1
175. 3
176. 1
177. 2
178. 2
179. 2
180. 3
181. 1
182. 2
183. 3
184. 3
185. 2
186. 3
187. 2
188. 2
189. 2
190. 4
191. 2
192. 3
193. 3
194. 1
195. 3
196. 1
197. 3
198. 7
199. 1
200. 2