14.txt
1. 2
2. 0
3. 1
4. 1
5. 2
6. 0
7. 3
8. 1
9. 3
10. 1
11. 2
12. 0
13. 3
14. 1
15. 2
16. 3
17. 1
18. 2
19. 2
20. 0
21. 1
22. 2
23. 5
24. 2
25. 3
26. 4
27. 1
28. 2
29. 6
30. 3
31. 1
32. 3
33. 1
34. 2
35. 4
36. 1
37. 1
38. 3
39. 1
40. 0
41. 2
42. 2
43. 2
44. 3
45. 2
46. 3
47. 1
48. 2
49. 3
50. 2
51. 3
52. 2
53. 3
54. 2
55. 1
56. 1
57. 2
58. 2
59. 2
60. 0
61. 2
62. 3
63. 4
64. 3
65. 2
66. 1
67. 2
68. 1
69. 1
70. 2
71. 3
72. 2
73. 1
74. 3
75. 2
76. 1
77. 1
78. 3
79. 2
80. 2
81. 5
82. 1
83. 1
84. 2
85. 1
86. 3
87. 1
88. 2
89. 2
90. 5
91. 1
92. 3
93. 4
94. 2
95. 4
96. 2
97. 3
98. 2
99. 3
100. 1
101. 2
102. 1
103. 3
104. 3
105. 2
106. 6
107. 3
108. 1
109. 2
110. 3
111. 2
112. 3
113. 4
114. 2
115. 4
116. 1
117. 2
118. 2
119. 2
120. 3
121. 3
122. 0
123. 4
124. 2
125. 1
126. 2
127. 3
128. 2
129. 2
130. 3
131. 2
132. 2
133. 2
134. 2
135. 1
136. 2
137. 3
138. 2
139. 3
140. 2
141. 2
142. 2
143. 2
144. 1
145. 2
146. 2
147. 3
148. 3
149. 3
150. 3
151. 2
152. 1
153. 1
154. 2
155. 2
156. 3
157. 1
158. 1
159. 2
160. 1
161. 2
162. 2
163. 3
164. 3
165. 2
166. 2
167. 3
168. 1
169. 3
170. 2
171. 3
172. 3
173. 2
174. 3
175. 2
176. 2
177. 2
178. 3
179. 1
180. 2
181. 2
182. 2
183. 1
184. 1
185. 3
186. 1
187. 2
188. 4
189. 2
190. 2
191. 2
192. 1
193. 1
194. 3
195. 2
196. 1
197. 2
198. 3
199. 3
200. 4