1404.txt
1. 3
2. 0
3. 1
4. 2
5. 1
6. 7
7. 2
8. 3
9. 4
10. 1
11. 2
12. 4
13. 3
14. 3
15. 0
16. 1
17. 1
18. 2
19. 3
20. 2
21. 4
22. 2
23. 4
24. 1
25. 1
26. 0
27. 3
28. 0
29. 4
30. 2
31. 3
32. 3
33. 1
34. 2
35. 3
36. 2
37. 2
38. 2
39. 2
40. 2
41. 1
42. 8
43. 1
44. 3
45. 1
46. 2
47. 2
48. 3
49. 3
50. 1
51. 2
52. 3
53. 3
54. 3
55. 2
56. 4
57. 3
58. 2
59. 3
60. 2
61. 3
62. 1
63. 2
64. 1
65. 2
66. 2
67. 3
68. 2
69. 2
70. 2
71. 2
72. 1
73. 1
74. 3
75. 2
76. 1
77. 4
78. 7
79. 1
80. 2
81. 5
82. 2
83. 2
84. 1
85. 3
86. 6
87. 2
88. 0
89. 2
90. 1
91. 2
92. 1
93. 2
94. 3
95. 2
96. 1
97. 1
98. 2
99. 1
100. 2
101. 3
102. 2
103. 1
104. 1
105. 1
106. 0
107. 2
108. 2
109. 3
110. 3
111. 2
112. 2
113. 1
114. 0
115. 3
116. 2
117. 1
118. 3
119. 2
120. 2
121. 4
122. 1
123. 3
124. 1
125. 2
126. 2
127. 1
128. 1
129. 2
130. 1
131. 1
132. 1
133. 2
134. 1
135. 2
136. 1
137. 3
138. 3
139. 4
140. 3
141. 4
142. 1
143. 2
144. 3
145. 1
146. 2
147. 2
148. 2
149. 2
150. 1
151. 2
152. 1
153. 3
154. 3
155. 2
156. 1
157. 1
158. 2
159. 3
160. 2
161. 5
162. 4
163. 3
164. 1
165. 1
166. 3
167. 2
168. 3
169. 3
170. 2
171. 2
172. 1
173. 3
174. 2
175. 1
176. 2
177. 1
178. 3
179. 3
180. 1
181. 5
182. 2
183. 2
184. 3
185. 1
186. 2
187. 1
188. 1
189. 1
190. 1
191. 2
192. 2
193. 2
194. 2
195. 2
196. 1
197. 2
198. 3
199. 3
200. 1