1406.txt
1. 6
2. 4
3. 2
4. 2
5. 6
6. 2
7. 1
8. 3
9. 5
10. 1
11. 3
12. 3
13. 1
14. 2
15. 2
16. 3
17. 3
18. 1
19. 3
20. 1
21. 1
22. 3
23. 4
24. 2
25. 8
26. 1
27. 1
28. 3
29. 1
30. 3
31. 2
32. 1
33. 2
34. 3
35. 2
36. 3
37. 2
38. 3
39. 3
40. 1
41. 2
42. 1
43. 5
44. 4
45. 2
46. 4
47. 3
48. 2
49. 3
50. 2
51. 2
52. 2
53. 2
54. 3
55. 2
56. 3
57. 1
58. 5
59. 2
60. 2
61. 4
62. 1
63. 2
64. 5
65. 2
66. 2
67. 3
68. 2
69. 5
70. 3
71. 1
72. 2
73. 1
74. 2
75. 2
76. 1
77. 3
78. 2
79. 2
80. 2
81. 2
82. 2
83. 2
84. 2
85. 1
86. 2
87. 1
88. 2
89. 1
90. 2
91. 1
92. 3
93. 1
94. 1
95. 5
96. 2
97. 4
98. 2
99. 2
100. 4
101. 2
102. 1
103. 4
104. 2
105. 2
106. 3
107. 2
108. 2
109. 1
110. 2
111. 2
112. 2
113. 1
114. 5
115. 3
116. 1
117. 2
118. 3
119. 1
120. 2
121. 3
122. 3
123. 1
124. 3
125. 1
126. 3
127. 2
128. 2
129. 3
130. 2
131. 2
132. 1
133. 2
134. 4
135. 2
136. 2
137. 2
138. 3
139. 2
140. 2
141. 4
142. 1
143. 3
144. 2
145. 3
146. 2
147. 1
148. 4
149. 2
150. 2
151. 2
152. 2
153. 2
154. 4
155. 1
156. 3
157. 2
158. 4
159. 4
160. 3
161. 4
162. 2
163. 2
164. 4
165. 1
166. 2
167. 1
168. 3
169. 2
170. 3
171. 3
172. 2
173. 3
174. 3
175. 3
176. 2
177. 2
178. 1
179. 2
180. 3
181. 2
182. 2
183. 2
184. 6
185. 3
186. 2
187. 2
188. 4
189. 3
190. 2
191. 4
192. 3
193. 2
194. 2
195. 2
196. 2
197. 3
198. 3
199. 2
200. 3