1411.txt
1. 0
2. 1
3. 0
4. 2
5. 2
6. 4
7. 1
8. 0
9. 1
10. 1
11. 0
12. 0
13. 1
14. 2
15. 1
16. 3
17. 1
18. 0
19. 0
20. 1
21. 0
22. 1
23. 1
24. 1
25. 3
26. 1
27. 0
28. 2
29. 7
30. 2
31. 3
32. 2
33. 1
34. 2
35. 1
36. 2
37. 2
38. 1
39. 3
40. 0
41. 2
42. 2
43. 1
44. 3
45. 1
46. 1
47. 1
48. 0
49. 2
50. 2
51. 2
52. 1
53. 2
54. 1
55. 0
56. 2
57. 3
58. 1
59. 2
60. 3
61. 0
62. 2
63. 2
64. 2
65. 2
66. 0
67. 1
68. 2
69. 1
70. 1
71. 1
72. 1
73. 2
74. 0
75. 1
76. 0
77. 4
78. 1
79. 1
80. 1
81. 2
82. 1
83. 1
84. 2
85. 4
86. 1
87. 1
88. 0
89. 2
90. 1
91. 0
92. 1
93. 2
94. 6
95. 1
96. 1
97. 1
98. 2
99. 1
100. 1
101. 0
102. 1
103. 7
104. 1
105. 0
106. 1
107. 0
108. 1
109. 2
110. 2
111. 3
112. 1
113. 1
114. 2
115. 3
116. 1
117. 0
118. 0
119. 1
120. 1
121. 0
122. 2
123. 0
124. 1
125. 1
126. 2
127. 1
128. 1
129. 2
130. 2
131. 0
132. 1
133. 1
134. 2
135. 1
136. 1
137. 1
138. 0
139. 1
140. 3
141. 0
142. 1
143. 1
144. 1
145. 3
146. 3
147. 1
148. 2
149. 2
150. 2
151. 2
152. 3
153. 2
154. 2
155. 2
156. 1
157. 0
158. 2
159. 3
160. 1
161. 1
162. 2
163. 2
164. 1
165. 2
166. 2
167. 1
168. 2
169. 2
170. 2
171. 4
172. 0
173. 2
174. 1
175. 2
176. 3
177. 1
178. 1
179. 2
180. 1
181. 2
182. 2
183. 3
184. 1
185. 2
186. 1
187. 3
188. 1
189. 2
190. 1
191. 2
192. 2
193. 1
194. 1
195. 2
196. 1
197. 1
198. 4
199. 1
200. 2