1412.txt
1. 2
2. 2
3. 1
4. 1
5. 1
6. 2
7. 4
8. 2
9. 1
10. 2
11. 1
12. 4
13. 3
14. 5
15. 1
16. 3
17. 3
18. 1
19. 3
20. 2
21. 4
22. 2
23. 2
24. 3
25. 0
26. 2
27. 3
28. 3
29. 2
30. 2
31. 1
32. 2
33. 1
34. 2
35. 3
36. 1
37. 1
38. 2
39. 3
40. 7
41. 0
42. 2
43. 3
44. 2
45. 3
46. 2
47. 6
48. 3
49. 3
50. 2
51. 2
52. 3
53. 6
54. 2
55. 3
56. 2
57. 3
58. 3
59. 2
60. 1
61. 2
62. 2
63. 2
64. 2
65. 1
66. 3
67. 1
68. 2
69. 3
70. 4
71. 1
72. 3
73. 3
74. 2
75. 2
76. 3
77. 2
78. 1
79. 1
80. 4
81. 2
82. 3
83. 2
84. 2
85. 3
86. 1
87. 2
88. 3
89. 4
90. 1
91. 3
92. 5
93. 4
94. 3
95. 3
96. 1
97. 2
98. 2
99. 4
100. 1
101. 2
102. 2
103. 5
104. 3
105. 2
106. 1
107. 2
108. 1
109. 2
110. 2
111. 2
112. 3
113. 2
114. 3
115. 1
116. 2
117. 4
118. 2
119. 1
120. 3
121. 4
122. 1
123. 2
124. 2
125. 2
126. 3
127. 2
128. 3
129. 1
130. 2
131. 3
132. 0
133. 6
134. 1
135. 5
136. 2
137. 2
138. 3
139. 1
140. 3
141. 3
142. 2
143. 2
144. 3
145. 3
146. 2
147. 4
148. 3
149. 3
150. 2
151. 2
152. 5
153. 2
154. 2
155. 1
156. 3
157. 2
158. 2
159. 2
160. 2
161. 3
162. 5
163. 2
164. 2
165. 3
166. 2
167. 2
168. 3
169. 2
170. 2
171. 4
172. 1
173. 2
174. 3
175. 2
176. 2
177. 2
178. 2
179. 3
180. 2
181. 2
182. 3
183. 4
184. 2
185. 1
186. 2
187. 2
188. 5
189. 2
190. 2
191. 2
192. 2
193. 3
194. 2
195. 3
196. 2
197. 2
198. 3
199. 4
200. 4