1413.txt
1. 0
2. 0
3. 2
4. 4
5. 1
6. 3
7. 0
8. 3
9. 1
10. 3
11. 1
12. 0
13. 0
14. 0
15. 0
16. 2
17. 3
18. 2
19. 0
20. 0
21. 5
22. 3
23. 0
24. 4
25. 0
26. 5
27. 2
28. 2
29. 3
30. 0
31. 2
32. 1
33. 3
34. 1
35. 2
36. 3
37. 2
38. 2
39. 3
40. 2
41. 3
42. 2
43. 3
44. 3
45. 2
46. 3
47. 0
48. 0
49. 0
50. 2
51. 0
52. 5
53. 0
54. 0
55. 4
56. 0
57. 0
58. 3
59. 1
60. 1
61. 2
62. 2
63. 1
64. 0
65. 1
66. 2
67. 0
68. 0
69. 3
70. 3
71. 9
72. 0
73. 1
74. 0
75. 0
76. 0
77. 2
78. 1
79. 1
80. 1
81. 3
82. 2
83. 0
84. 1
85. 2
86. 0
87. 1
88. 1
89. 2
90. 2
91. 0
92. 1
93. 1
94. 3
95. 1
96. 3
97. 2
98. 1
99. 1
100. 3
101. 1
102. 1
103. 0
104. 1
105. 2
106. 1
107. 2
108. 2
109. 0
110. 0
111. 0
112. 0
113. 4
114. 3
115. 1
116. 0
117. 2
118. 2
119. 0
120. 1
121. 3
122. 0
123. 2
124. 1
125. 2
126. 3
127. 0
128. 1
129. 1
130. 0
131. 0
132. 0
133. 3
134. 2
135. 2
136. 1
137. 3
138. 0
139. 0
140. 2
141. 2
142. 1
143. 0
144. 2
145. 0
146. 4
147. 2
148. 1
149. 0
150. 1
151. 0
152. 2
153. 3
154. 0
155. 1
156. 2
157. 2
158. 1
159. 0
160. 2
161. 0
162. 3
163. 0
164. 0
165. 1
166. 0
167. 1
168. 2
169. 2
170. 1
171. 2
172. 2
173. 2
174. 2
175. 3
176. 1
177. 2
178. 0
179. 2
180. 1
181. 1
182. 2
183. 3
184. 1
185. 0
186. 1
187. 0
188. 2
189. 2
190. 3
191. 1
192. 3
193. 2
194. 3
195. 0
196. 5
197. 1
198. 3
199. 0
200. 3