1418.txt
1. 0
2. 0
3. 0
4. 0
5. 0
6. 7
7. 10
8. 0
9. 0
10. 0
11. 0
12. 0
13. 0
14. 0
15. 2
16. 0
17. 2
18. 6
19. 0
20. 1
21. 2
22. 1
23. 2
24. 0
25. 0
26. 0
27. 3
28. 3
29. 0
30. 0
31. 0
32. 1
33. 0
34. 2
35. 1
36. 2
37. 3
38. 0
39. 3
40. 1
41. 0
42. 0
43. 3
44. 0
45. 0
46. 0
47. 6
48. 0
49. 1
50. 0
51. 0
52. 0
53. 0
54. 2
55. 2
56. 0
57. 1
58. 0
59. 0
60. 0
61. 0
62. 1
63. 0
64. 0
65. 0
66. 0
67. 0
68. 0
69. 2
70. 3
71. 2
72. 0
73. 0
74. 0
75. 1
76. 2
77. 1
78. 2
79. 0
80. 6
81. 2
82. 0
83. 1
84. 0
85. 0
86. 0
87. 0
88. 1
89. 0
90. 0
91. 2
92. 1
93. 2
94. 2
95. 0
96. 0
97. 2
98. 1
99. 2
100. 1
101. 0
102. 0
103. 0
104. 0
105. 2
106. 2
107. 0
108. 0
109. 1
110. 0
111. 1
112. 0
113. 0
114. 3
115. 2
116. 1
117. 7
118. 0
119. 0
120. 2
121. 0
122. 0
123. 0
124. 0
125. 0
126. 0
127. 1
128. 0
129. 2
130. 2
131. 0
132. 0
133. 0
134. 0
135. 0
136. 1
137. 0
138. 2
139. 3
140. 0
141. 0
142. 0
143. 0
144. 1
145. 1
146. 1
147. 2
148. 4
149. 2
150. 0
151. 2
152. 2
153. 0
154. 0
155. 3
156. 0
157. 2
158. 6
159. 0
160. 0
161. 0
162. 0
163. 0
164. 5
165. 1
166. 4
167. 0
168. 0
169. 0
170. 0
171. 0
172. 0
173. 0
174. 2
175. 3
176. 0
177. 0
178. 0
179. 4
180. 3
181. 0
182. 0
183. 0
184. 0
185. 0
186. 0
187. 0
188. 0
189. 0
190. 2
191. 0
192. 0
193. 2
194. 0
195. 0
196. 0
197. 0
198. 2
199. 0
200. 0