1421.txt
1. 7
2. 3
3. 4
4. 4
5. 2
6. 4
7. 3
8. 2
9. 5
10. 6
11. 2
12. 4
13. 2
14. 4
15. 3
16. 2
17. 5
18. 4
19. 3
20. 5
21. 4
22. 5
23. 4
24. 3
25. 2
26. 5
27. 4
28. 4
29. 5
30. 4
31. 3
32. 2
33. 5
34. 3
35. 2
36. 3
37. 5
38. 4
39. 2
40. 2
41. 4
42. 4
43. 2
44. 6
45. 3
46. 2
47. 3
48. 4
49. 2
50. 4
51. 3
52. 3
53. 4
54. 2
55. 2
56. 5
57. 3
58. 2
59. 2
60. 3
61. 4
62. 3
63. 1
64. 4
65. 3
66. 2
67. 4
68. 3
69. 2
70. 4
71. 3
72. 4
73. 3
74. 5
75. 4
76. 3
77. 3
78. 2
79. 4
80. 3
81. 2
82. 3
83. 2
84. 3
85. 3
86. 4
87. 3
88. 4
89. 3
90. 4
91. 2
92. 4
93. 2
94. 4
95. 2
96. 3
97. 4
98. 3
99. 3
100. 2
101. 4
102. 3
103. 5
104. 4
105. 3
106. 2
107. 3
108. 2
109. 2
110. 2
111. 2
112. 7
113. 3
114. 2
115. 3
116. 4
117. 4
118. 3
119. 4
120. 4
121. 3
122. 2
123. 2
124. 3
125. 4
126. 3
127. 2
128. 2
129. 3
130. 3
131. 3
132. 4
133. 4
134. 3
135. 3
136. 3
137. 2
138. 3
139. 3
140. 2
141. 1
142. 3
143. 3
144. 3
145. 4
146. 3
147. 6
148. 6
149. 2
150. 3
151. 2
152. 3
153. 2
154. 2
155. 5
156. 2
157. 3
158. 3
159. 2
160. 2
161. 3
162. 2
163. 4
164. 4
165. 2
166. 4
167. 3
168. 2
169. 3
170. 2
171. 2
172. 4
173. 3
174. 3
175. 3
176. 4
177. 3
178. 3
179. 3
180. 2
181. 3
182. 2
183. 4
184. 4
185. 4
186. 3
187. 2
188. 3
189. 2
190. 5
191. 2
192. 3
193. 4
194. 10
195. 2
196. 3
197. 2
198. 3
199. 3
200. 7