1425.txt
1. 0
2. 7
3. 1
4. 2
5. 4
6. 1
7. 0
8. 2
9. 1
10. 2
11. 2
12. 1
13. 3
14. 0
15. 0
16. 0
17. 6
18. 2
19. 2
20. 1
21. 2
22. 3
23. 4
24. 1
25. 1
26. 1
27. 2
28. 1
29. 2
30. 3
31. 1
32. 3
33. 2
34. 1
35. 0
36. 1
37. 1
38. 1
39. 4
40. 0
41. 0
42. 3
43. 2
44. 3
45. 1
46. 1
47. 2
48. 1
49. 0
50. 3
51. 0
52. 1
53. 2
54. 0
55. 1
56. 0
57. 3
58. 1
59. 2
60. 1
61. 2
62. 1
63. 0
64. 0
65. 2
66. 0
67. 2
68. 0
69. 0
70. 0
71. 2
72. 4
73. 1
74. 1
75. 2
76. 0
77. 2
78. 0
79. 2
80. 0
81. 1
82. 0
83. 2
84. 2
85. 1
86. 1
87. 2
88. 3
89. 0
90. 3
91. 0
92. 0
93. 0
94. 2
95. 2
96. 1
97. 2
98. 1
99. 0
100. 1
101. 2
102. 2
103. 0
104. 0
105. 3
106. 3
107. 3
108. 2
109. 0
110. 1
111. 2
112. 2
113. 1
114. 1
115. 4
116. 2
117. 3
118. 0
119. 3
120. 2
121. 3
122. 4
123. 1
124. 0
125. 2
126. 0
127. 1
128. 0
129. 1
130. 0
131. 2
132. 1
133. 3
134. 2
135. 0
136. 2
137. 1
138. 3
139. 1
140. 0
141. 0
142. 2
143. 2
144. 1
145. 1
146. 0
147. 2
148. 1
149. 3
150. 3
151. 0
152. 2
153. 2
154. 1
155. 1
156. 1
157. 2
158. 2
159. 0
160. 2
161. 1
162. 3
163. 2
164. 2
165. 2
166. 2
167. 1
168. 1
169. 1
170. 1
171. 3
172. 1
173. 3
174. 2
175. 1
176. 2
177. 3
178. 3
179. 2
180. 0
181. 2
182. 2
183. 0
184. 1
185. 4
186. 0
187. 3
188. 0
189. 0
190. 3
191. 3
192. 1
193. 2
194. 1
195. 2
196. 2
197. 2
198. 3
199. 2
200. 2