1434.txt
1. 2
2. 3
3. 4
4. 2
5. 1
6. 1
7. 4
8. 3
9. 5
10. 7
11. 1
12. 3
13. 3
14. 2
15. 3
16. 2
17. 4
18. 4
19. 2
20. 1
21. 3
22. 4
23. 2
24. 2
25. 4
26. 5
27. 3
28. 2
29. 5
30. 4
31. 2
32. 2
33. 4
34. 3
35. 3
36. 4
37. 2
38. 3
39. 5
40. 4
41. 1
42. 1
43. 3
44. 4
45. 2
46. 3
47. 3
48. 4
49. 2
50. 3
51. 2
52. 3
53. 2
54. 2
55. 3
56. 3
57. 2
58. 4
59. 3
60. 3
61. 3
62. 2
63. 2
64. 4
65. 3
66. 3
67. 2
68. 3
69. 4
70. 2
71. 3
72. 1
73. 2
74. 4
75. 3
76. 3
77. 3
78. 2
79. 3
80. 2
81. 2
82. 4
83. 1
84. 2
85. 3
86. 2
87. 1
88. 3
89. 3
90. 3
91. 2
92. 2
93. 4
94. 3
95. 2
96. 1
97. 1
98. 4
99. 2
100. 4
101. 2
102. 2
103. 2
104. 3
105. 1
106. 4
107. 2
108. 2
109. 3
110. 3
111. 3
112. 3
113. 1
114. 2
115. 4
116. 2
117. 1
118. 7
119. 4
120. 3
121. 2
122. 2
123. 3
124. 2
125. 3
126. 2
127. 3
128. 2
129. 2
130. 2
131. 2
132. 2
133. 3
134. 3
135. 1
136. 2
137. 2
138. 2
139. 4
140. 2
141. 2
142. 2
143. 1
144. 2
145. 2
146. 2
147. 4
148. 2
149. 5
150. 3
151. 2
152. 4
153. 4
154. 2
155. 4
156. 3
157. 1
158. 3
159. 6
160. 3
161. 2
162. 3
163. 3
164. 3
165. 3
166. 3
167. 2
168. 4
169. 2
170. 4
171. 2
172. 2
173. 6
174. 3
175. 3
176. 5
177. 2
178. 2
179. 2
180. 2
181. 3
182. 3
183. 2
184. 3
185. 3
186. 2
187. 4
188. 3
189. 2
190. 2
191. 4
192. 2
193. 3
194. 4
195. 3
196. 2
197. 1
198. 2
199. 4
200. 3