1437.txt
1. 2
2. 3
3. 2
4. 3
5. 1
6. 1
7. 2
8. 4
9. 1
10. 1
11. 1
12. 1
13. 2
14. 3
15. 1
16. 1
17. 2
18. 5
19. 3
20. 1
21. 3
22. 3
23. 1
24. 7
25. 1
26. 4
27. 2
28. 1
29. 2
30. 1
31. 2
32. 5
33. 2
34. 8
35. 4
36. 5
37. 1
38. 4
39. 1
40. 2
41. 2
42. 1
43. 2
44. 1
45. 1
46. 1
47. 2
48. 1
49. 3
50. 2
51. 1
52. 2
53. 7
54. 3
55. 4
56. 2
57. 6
58. 1
59. 3
60. 2
61. 2
62. 3
63. 2
64. 3
65. 1
66. 2
67. 2
68. 4
69. 1
70. 3
71. 1
72. 2
73. 2
74. 2
75. 3
76. 1
77. 2
78. 4
79. 3
80. 2
81. 1
82. 4
83. 2
84. 3
85. 3
86. 1
87. 1
88. 2
89. 2
90. 2
91. 2
92. 2
93. 3
94. 3
95. 2
96. 1
97. 1
98. 1
99. 3
100. 2
101. 1
102. 2
103. 3
104. 2
105. 3
106. 3
107. 2
108. 3
109. 1
110. 1
111. 1
112. 2
113. 2
114. 3
115. 2
116. 3
117. 4
118. 2
119. 2
120. 2
121. 2
122. 2
123. 3
124. 2
125. 2
126. 2
127. 2
128. 1
129. 1
130. 2
131. 1
132. 2
133. 3
134. 1
135. 3
136. 1
137. 1
138. 2
139. 2
140. 3
141. 3
142. 1
143. 2
144. 3
145. 3
146. 2
147. 3
148. 3
149. 4
150. 2
151. 4
152. 2
153. 6
154. 4
155. 2
156. 2
157. 2
158. 3
159. 2
160. 3
161. 2
162. 2
163. 3
164. 1
165. 1
166. 2
167. 3
168. 2
169. 1
170. 2
171. 1
172. 2
173. 2
174. 3
175. 2
176. 2
177. 2
178. 3
179. 3
180. 2
181. 2
182. 4
183. 1
184. 2
185. 3
186. 2
187. 2
188. 1
189. 1
190. 2
191. 3
192. 2
193. 4
194. 3
195. 3
196. 4
197. 2
198. 1
199. 3
200. 3