1449.txt
1. 3
2. 1
3. 2
4. 2
5. 1
6. 1
7. 3
8. 4
9. 1
10. 1
11. 2
12. 6
13. 4
14. 2
15. 1
16. 2
17. 2
18. 1
19. 2
20. 1
21. 1
22. 2
23. 2
24. 2
25. 1
26. 1
27. 1
28. 2
29. 2
30. 1
31. 2
32. 1
33. 2
34. 2
35. 1
36. 2
37. 3
38. 1
39. 2
40. 2
41. 1
42. 3
43. 2
44. 1
45. 3
46. 1
47. 2
48. 1
49. 2
50. 2
51. 2
52. 3
53. 4
54. 2
55. 2
56. 2
57. 1
58. 3
59. 3
60. 1
61. 1
62. 2
63. 2
64. 1
65. 2
66. 2
67. 1
68. 2
69. 2
70. 1
71. 2
72. 1
73. 1
74. 2
75. 3
76. 1
77. 1
78. 1
79. 1
80. 2
81. 2
82. 2
83. 2
84. 1
85. 2
86. 2
87. 2
88. 2
89. 3
90. 2
91. 2
92. 3
93. 1
94. 1
95. 2
96. 1
97. 1
98. 2
99. 1
100. 1
101. 1
102. 1
103. 2
104. 2
105. 4
106. 2
107. 4
108. 1
109. 2
110. 4
111. 8
112. 1
113. 2
114. 3
115. 2
116. 1
117. 1
118. 2
119. 1
120. 3
121. 1
122. 2
123. 3
124. 1
125. 3
126. 2
127. 1
128. 3
129. 2
130. 1
131. 2
132. 2
133. 1
134. 2
135. 2
136. 1
137. 1
138. 2
139. 2
140. 2
141. 1
142. 1
143. 2
144. 2
145. 2
146. 2
147. 1
148. 2
149. 2
150. 3
151. 2
152. 1
153. 2
154. 3
155. 2
156. 2
157. 2
158. 1
159. 3
160. 3
161. 2
162. 2
163. 1
164. 2
165. 2
166. 3
167. 2
168. 2
169. 1
170. 2
171. 2
172. 2
173. 1
174. 1
175. 2
176. 1
177. 2
178. 2
179. 1
180. 1
181. 3
182. 1
183. 2
184. 1
185. 1
186. 2
187. 2
188. 3
189. 1
190. 1
191. 3
192. 3
193. 1
194. 1
195. 7
196. 1
197. 1
198. 1
199. 1
200. 3