145.txt
1. 0
2. 0
3. 4
4. 0
5. 3
6. 3
7. 0
8. 7
9. 3
10. 0
11. 3
12. 0
13. 3
14. 0
15. 2
16. 4
17. 0
18. 2
19. 0
20. 0
21. 0
22. 0
23. 0
24. 0
25. 5
26. 3
27. 0
28. 2
29. 0
30. 2
31. 2
32. 3
33. 0
34. 3
35. 2
36. 0
37. 3
38. 2
39. 0
40. 0
41. 0
42. 0
43. 0
44. 2
45. 4
46. 0
47. 2
48. 0
49. 3
50. 0
51. 0
52. 3
53. 2
54. 0
55. 2
56. 0
57. 0
58. 0
59. 2
60. 2
61. 2
62. 2
63. 0
64. 0
65. 0
66. 0
67. 0
68. 3
69. 0
70. 2
71. 0
72. 2
73. 2
74. 3
75. 0
76. 2
77. 0
78. 2
79. 0
80. 0
81. 0
82. 2
83. 0
84. 0
85. 2
86. 3
87. 2
88. 0
89. 0
90. 0
91. 0
92. 3
93. 0
94. 2
95. 0
96. 3
97. 2
98. 3
99. 2
100. 0
101. 0
102. 3
103. 0
104. 0
105. 0
106. 0
107. 0
108. 2
109. 0
110. 2
111. 3
112. 2
113. 0
114. 2
115. 0
116. 0
117. 3
118. 2
119. 0
120. 3
121. 0
122. 3
123. 0
124. 3
125. 0
126. 0
127. 0
128. 2
129. 0
130. 0
131. 0
132. 0
133. 0
134. 3
135. 0
136. 0
137. 2
138. 0
139. 0
140. 0
141. 0
142. 7
143. 3
144. 0
145. 0
146. 2
147. 0
148. 2
149. 3
150. 0
151. 3
152. 3
153. 2
154. 2
155. 0
156. 0
157. 0
158. 3
159. 0
160. 2
161. 0
162. 4
163. 2
164. 3
165. 0
166. 2
167. 0
168. 2
169. 0
170. 0
171. 2
172. 0
173. 3
174. 0
175. 2
176. 3
177. 0
178. 3
179. 3
180. 0
181. 2
182. 3
183. 0
184. 0
185. 3
186. 0
187. 0
188. 0
189. 0
190. 3
191. 0
192. 0
193. 2
194. 0
195. 0
196. 2
197. 0
198. 0
199. 2
200. 2