1462.txt
1. 0
2. 0
3. 0
4. 6
5. 3
6. 0
7. 3
8. 0
9. 2
10. 1
11. 1
12. 2
13. 2
14. 0
15. 4
16. 10
17. 3
18. 3
19. 0
20. 0
21. 4
22. 2
23. 5
24. 2
25. 1
26. 3
27. 1
28. 4
29. 2
30. 2
31. 1
32. 3
33. 3
34. 2
35. 0
36. 2
37. 6
38. 3
39. 2
40. 1
41. 1
42. 0
43. 2
44. 0
45. 1
46. 3
47. 3
48. 1
49. 2
50. 3
51. 1
52. 3
53. 0
54. 2
55. 5
56. 3
57. 2
58. 8
59. 0
60. 0
61. 3
62. 2
63. 2
64. 0
65. 3
66. 3
67. 2
68. 0
69. 1
70. 1
71. 0
72. 0
73. 7
74. 5
75. 0
76. 1
77. 1
78. 1
79. 3
80. 1
81. 4
82. 2
83. 1
84. 0
85. 2
86. 2
87. 1
88. 3
89. 2
90. 2
91. 1
92. 1
93. 2
94. 0
95. 1
96. 5
97. 2
98. 0
99. 3
100. 2
101. 0
102. 1
103. 2
104. 1
105. 0
106. 1
107. 2
108. 4
109. 2
110. 2
111. 1
112. 2
113. 1
114. 2
115. 2
116. 3
117. 1
118. 0
119. 0
120. 2
121. 0
122. 2
123. 2
124. 0
125. 5
126. 2
127. 2
128. 3
129. 2
130. 2
131. 2
132. 2
133. 0
134. 1
135. 5
136. 0
137. 2
138. 1
139. 2
140. 2
141. 3
142. 2
143. 3
144. 1
145. 0
146. 1
147. 2
148. 2
149. 2
150. 4
151. 1
152. 4
153. 1
154. 4
155. 1
156. 1
157. 2
158. 3
159. 1
160. 1
161. 1
162. 2
163. 1
164. 3
165. 0
166. 3
167. 2
168. 4
169. 5
170. 2
171. 2
172. 7
173. 2
174. 4
175. 3
176. 2
177. 1
178. 1
179. 2
180. 1
181. 2
182. 2
183. 1
184. 2
185. 5
186. 2
187. 1
188. 1
189. 5
190. 3
191. 2
192. 2
193. 1
194. 2
195. 3
196. 3
197. 2
198. 0
199. 2
200. 5