1467.txt
1. 0
2. 1
3. 2
4. 1
5. 0
6. 1
7. 2
8. 3
9. 6
10. 2
11. 4
12. 1
13. 4
14. 4
15. 2
16. 1
17. 5
18. 2
19. 1
20. 1
21. 2
22. 3
23. 2
24. 2
25. 2
26. 1
27. 2
28. 1
29. 2
30. 4
31. 3
32. 2
33. 5
34. 1
35. 1
36. 2
37. 3
38. 4
39. 1
40. 1
41. 2
42. 3
43. 3
44. 2
45. 3
46. 7
47. 3
48. 1
49. 2
50. 1
51. 2
52. 7
53. 2
54. 3
55. 8
56. 7
57. 1
58. 1
59. 1
60. 3
61. 4
62. 1
63. 3
64. 1
65. 1
66. 3
67. 2
68. 2
69. 1
70. 1
71. 3
72. 1
73. 1
74. 8
75. 2
76. 4
77. 4
78. 3
79. 1
80. 1
81. 3
82. 2
83. 1
84. 3
85. 3
86. 2
87. 3
88. 2
89. 3
90. 1
91. 1
92. 1
93. 3
94. 1
95. 3
96. 2
97. 0
98. 4
99. 3
100. 3
101. 1
102. 2
103. 2
104. 1
105. 3
106. 3
107. 1
108. 2
109. 3
110. 1
111. 3
112. 2
113. 2
114. 2
115. 3
116. 3
117. 3
118. 1
119. 8
120. 2
121. 1
122. 7
123. 2
124. 2
125. 3
126. 1
127. 2
128. 4
129. 2
130. 1
131. 1
132. 0
133. 1
134. 1
135. 1
136. 1
137. 1
138. 3
139. 2
140. 1
141. 6
142. 2
143. 1
144. 3
145. 3
146. 4
147. 2
148. 1
149. 1
150. 3
151. 2
152. 4
153. 1
154. 3
155. 2
156. 7
157. 3
158. 3
159. 1
160. 2
161. 1
162. 4
163. 1
164. 3
165. 4
166. 3
167. 2
168. 2
169. 2
170. 2
171. 1
172. 3
173. 2
174. 3
175. 1
176. 2
177. 2
178. 1
179. 4
180. 3
181. 1
182. 4
183. 1
184. 1
185. 3
186. 1
187. 1
188. 3
189. 1
190. 3
191. 2
192. 6
193. 1
194. 5
195. 2
196. 3
197. 1
198. 2
199. 3
200. 5