1487.txt
1. 4
2. 3
3. 3
4. 2
5. 1
6. 3
7. 1
8. 2
9. 1
10. 3
11. 4
12. 3
13. 3
14. 3
15. 1
16. 3
17. 2
18. 2
19. 3
20. 0
21. 2
22. 1
23. 2
24. 1
25. 2
26. 2
27. 2
28. 2
29. 2
30. 1
31. 2
32. 10
33. 1
34. 2
35. 1
36. 3
37. 1
38. 1
39. 3
40. 2
41. 1
42. 2
43. 2
44. 2
45. 1
46. 3
47. 1
48. 2
49. 1
50. 4
51. 2
52. 2
53. 1
54. 3
55. 3
56. 3
57. 1
58. 2
59. 1
60. 2
61. 1
62. 2
63. 1
64. 2
65. 3
66. 2
67. 2
68. 1
69. 2
70. 4
71. 2
72. 1
73. 1
74. 2
75. 2
76. 1
77. 2
78. 1
79. 2
80. 1
81. 2
82. 2
83. 1
84. 3
85. 2
86. 4
87. 2
88. 1
89. 1
90. 2
91. 1
92. 1
93. 1
94. 1
95. 1
96. 2
97. 3
98. 1
99. 2
100. 3
101. 1
102. 2
103. 2
104. 1
105. 1
106. 1
107. 1
108. 3
109. 2
110. 1
111. 2
112. 2
113. 2
114. 2
115. 1
116. 3
117. 2
118. 2
119. 2
120. 2
121. 1
122. 1
123. 2
124. 2
125. 2
126. 3
127. 3
128. 1
129. 1
130. 2
131. 1
132. 1
133. 3
134. 1
135. 1
136. 3
137. 3
138. 0
139. 3
140. 1
141. 1
142. 3
143. 1
144. 2
145. 2
146. 4
147. 1
148. 2
149. 2
150. 1
151. 2
152. 2
153. 3
154. 1
155. 1
156. 2
157. 3
158. 3
159. 1
160. 2
161. 1
162. 2
163. 1
164. 2
165. 2
166. 1
167. 2
168. 1
169. 2
170. 2
171. 1
172. 2
173. 2
174. 2
175. 1
176. 1
177. 1
178. 1
179. 2
180. 1
181. 1
182. 2
183. 2
184. 1
185. 1
186. 2
187. 2
188. 1
189. 1
190. 3
191. 1
192. 2
193. 1
194. 2
195. 2
196. 1
197. 2
198. 3
199. 2
200. 2