149.txt
1. 3
2. 1
3. 2
4. 5
5. 3
6. 3
7. 4
8. 2
9. 2
10. 3
11. 2
12. 4
13. 5
14. 2
15. 6
16. 2
17. 1
18. 2
19. 4
20. 3
21. 2
22. 5
23. 2
24. 1
25. 1
26. 3
27. 2
28. 6
29. 1
30. 5
31. 1
32. 3
33. 2
34. 2
35. 1
36. 1
37. 3
38. 2
39. 3
40. 2
41. 4
42. 2
43. 1
44. 2
45. 2
46. 1
47. 4
48. 1
49. 2
50. 2
51. 3
52. 2
53. 4
54. 3
55. 3
56. 5
57. 3
58. 2
59. 2
60. 3
61. 4
62. 3
63. 2
64. 3
65. 2
66. 2
67. 2
68. 1
69. 2
70. 3
71. 2
72. 3
73. 2
74. 1
75. 2
76. 5
77. 3
78. 2
79. 4
80. 2
81. 2
82. 4
83. 3
84. 5
85. 2
86. 2
87. 1
88. 2
89. 3
90. 2
91. 3
92. 7
93. 1
94. 2
95. 3
96. 2
97. 2
98. 4
99. 2
100. 3
101. 3
102. 2
103. 1
104. 2
105. 3
106. 3
107. 2
108. 2
109. 3
110. 3
111. 2
112. 2
113. 2
114. 2
115. 2
116. 2
117. 2
118. 3
119. 2
120. 2
121. 2
122. 3
123. 2
124. 1
125. 2
126. 3
127. 4
128. 2
129. 3
130. 2
131. 2
132. 2
133. 2
134. 3
135. 2
136. 4
137. 1
138. 6
139. 2
140. 2
141. 2
142. 4
143. 1
144. 3
145. 2
146. 2
147. 2
148. 4
149. 3
150. 2
151. 2
152. 2
153. 3
154. 2
155. 4
156. 3
157. 1
158. 3
159. 2
160. 4
161. 3
162. 1
163. 2
164. 2
165. 3
166. 2
167. 4
168. 1
169. 2
170. 2
171. 2
172. 3
173. 2
174. 1
175. 2
176. 2
177. 1
178. 2
179. 2
180. 2
181. 2
182. 1
183. 2
184. 2
185. 2
186. 1
187. 3
188. 2
189. 3
190. 2
191. 1
192. 1
193. 3
194. 3
195. 4
196. 2
197. 2
198. 2
199. 3
200. 3