1494.txt
1. 0
2. 7
3. 0
4. 6
5. 3
6. 3
7. 2
8. 2
9. 4
10. 2
11. 1
12. 1
13. 1
14. 0
15. 2
16. 3
17. 1
18. 2
19. 2
20. 1
21. 3
22. 1
23. 0
24. 1
25. 0
26. 2
27. 3
28. 2
29. 2
30. 5
31. 0
32. 5
33. 0
34. 3
35. 0
36. 1
37. 0
38. 1
39. 2
40. 7
41. 0
42. 3
43. 3
44. 6
45. 0
46. 1
47. 3
48. 4
49. 2
50. 2
51. 2
52. 1
53. 0
54. 1
55. 6
56. 5
57. 2
58. 1
59. 4
60. 0
61. 2
62. 2
63. 1
64. 1
65. 0
66. 3
67. 4
68. 3
69. 2
70. 1
71. 1
72. 1
73. 2
74. 5
75. 2
76. 1
77. 3
78. 2
79. 1
80. 1
81. 1
82. 3
83. 2
84. 2
85. 1
86. 2
87. 2
88. 4
89. 0
90. 3
91. 2
92. 4
93. 5
94. 1
95. 2
96. 1
97. 2
98. 3
99. 1
100. 2
101. 0
102. 3
103. 2
104. 0
105. 2
106. 1
107. 5
108. 4
109. 2
110. 1
111. 2
112. 1
113. 2
114. 2
115. 1
116. 2
117. 2
118. 3
119. 2
120. 4
121. 1
122. 1
123. 2
124. 2
125. 4
126. 1
127. 3
128. 1
129. 2
130. 1
131. 4
132. 1
133. 1
134. 2
135. 2
136. 1
137. 2
138. 1
139. 3
140. 3
141. 5
142. 3
143. 1
144. 1
145. 3
146. 2
147. 1
148. 0
149. 1
150. 2
151. 3
152. 1
153. 3
154. 2
155. 1
156. 3
157. 1
158. 1
159. 4
160. 3
161. 1
162. 2
163. 2
164. 3
165. 2
166. 1
167. 2
168. 2
169. 5
170. 2
171. 2
172. 4
173. 1
174. 2
175. 3
176. 3
177. 1
178. 1
179. 1
180. 0
181. 0
182. 3
183. 3
184. 4
185. 2
186. 2
187. 1
188. 1
189. 3
190. 3
191. 2
192. 3
193. 2
194. 3
195. 2
196. 3
197. 1
198. 1
199. 3
200. 2