1500.txt
1. 1
2. 2
3. 1
4. 2
5. 3
6. 3
7. 4
8. 1
9. 2
10. 2
11. 1
12. 3
13. 1
14. 3
15. 3
16. 2
17. 2
18. 3
19. 4
20. 2
21. 2
22. 1
23. 4
24. 3
25. 1
26. 1
27. 2
28. 3
29. 1
30. 4
31. 4
32. 3
33. 1
34. 3
35. 1
36. 5
37. 3
38. 1
39. 1
40. 2
41. 2
42. 2
43. 1
44. 3
45. 2
46. 1
47. 3
48. 3
49. 2
50. 2
51. 2
52. 2
53. 1
54. 3
55. 2
56. 2
57. 2
58. 1
59. 2
60. 1
61. 2
62. 1
63. 2
64. 1
65. 2
66. 3
67. 2
68. 4
69. 1
70. 3
71. 1
72. 1
73. 4
74. 1
75. 1
76. 1
77. 3
78. 1
79. 2
80. 2
81. 2
82. 2
83. 1
84. 2
85. 3
86. 3
87. 2
88. 2
89. 1
90. 1
91. 3
92. 3
93. 1
94. 1
95. 3
96. 2
97. 1
98. 2
99. 2
100. 2
101. 2
102. 3
103. 2
104. 1
105. 2
106. 2
107. 2
108. 1
109. 3
110. 2
111. 2
112. 1
113. 2
114. 1
115. 1
116. 3
117. 2
118. 1
119. 3
120. 2
121. 4
122. 3
123. 2
124. 1
125. 8
126. 1
127. 1
128. 2
129. 1
130. 2
131. 3
132. 2
133. 3
134. 1
135. 1
136. 2
137. 3
138. 1
139. 2
140. 1
141. 1
142. 10
143. 2
144. 2
145. 1
146. 3
147. 1
148. 1
149. 1
150. 3
151. 3
152. 2
153. 3
154. 1
155. 2
156. 1
157. 2
158. 1
159. 1
160. 1
161. 1
162. 2
163. 2
164. 2
165. 1
166. 3
167. 3
168. 1
169. 2
170. 1
171. 2
172. 3
173. 2
174. 4
175. 3
176. 2
177. 7
178. 2
179. 3
180. 3
181. 2
182. 1
183. 1
184. 1
185. 1
186. 3
187. 2
188. 4
189. 2
190. 2
191. 3
192. 3
193. 1
194. 2
195. 2
196. 2
197. 2
198. 1
199. 2
200. 2