1518.txt
1. 2
2. 1
3. 1
4. 2
5. 4
6. 4
7. 2
8. 2
9. 3
10. 1
11. 1
12. 2
13. 7
14. 1
15. 3
16. 1
17. 3
18. 2
19. 3
20. 1
21. 1
22. 2
23. 8
24. 2
25. 1
26. 2
27. 1
28. 2
29. 2
30. 5
31. 2
32. 2
33. 8
34. 1
35. 2
36. 3
37. 1
38. 2
39. 2
40. 2
41. 1
42. 4
43. 3
44. 1
45. 4
46. 2
47. 3
48. 1
49. 3
50. 2
51. 3
52. 3
53. 3
54. 2
55. 7
56. 2
57. 6
58. 2
59. 4
60. 2
61. 3
62. 1
63. 2
64. 3
65. 5
66. 3
67. 1
68. 2
69. 2
70. 2
71. 1
72. 3
73. 2
74. 3
75. 2
76. 1
77. 1
78. 4
79. 3
80. 3
81. 4
82. 1
83. 1
84. 3
85. 3
86. 2
87. 2
88. 1
89. 1
90. 2
91. 1
92. 2
93. 2
94. 2
95. 3
96. 2
97. 3
98. 1
99. 6
100. 1
101. 4
102. 5
103. 5
104. 1
105. 3
106. 4
107. 2
108. 2
109. 3
110. 2
111. 2
112. 2
113. 2
114. 2
115. 3
116. 1
117. 3
118. 3
119. 3
120. 2
121. 1
122. 2
123. 1
124. 3
125. 3
126. 2
127. 2
128. 1
129. 2
130. 3
131. 2
132. 2
133. 1
134. 2
135. 1
136. 2
137. 2
138. 3
139. 6
140. 2
141. 2
142. 1
143. 2
144. 1
145. 1
146. 3
147. 2
148. 3
149. 2
150. 3
151. 1
152. 3
153. 2
154. 1
155. 2
156. 2
157. 2
158. 1
159. 2
160. 2
161. 1
162. 2
163. 1
164. 2
165. 3
166. 2
167. 2
168. 2
169. 3
170. 2
171. 2
172. 2
173. 4
174. 2
175. 6
176. 3
177. 2
178. 4
179. 1
180. 1
181. 2
182. 2
183. 2
184. 2
185. 3
186. 5
187. 4
188. 1
189. 5
190. 3
191. 2
192. 1
193. 3
194. 4
195. 1
196. 3
197. 2
198. 3
199. 1
200. 3