1521.txt
1. 3
2. 2
3. 1
4. 1
5. 1
6. 1
7. 1
8. 2
9. 2
10. 1
11. 3
12. 2
13. 1
14. 1
15. 1
16. 3
17. 6
18. 2
19. 2
20. 2
21. 2
22. 1
23. 1
24. 2
25. 2
26. 3
27. 1
28. 4
29. 4
30. 2
31. 2
32. 7
33. 1
34. 3
35. 1
36. 1
37. 3
38. 1
39. 3
40. 2
41. 2
42. 2
43. 3
44. 4
45. 2
46. 3
47. 2
48. 2
49. 2
50. 2
51. 3
52. 2
53. 3
54. 3
55. 4
56. 2
57. 2
58. 3
59. 1
60. 3
61. 2
62. 2
63. 3
64. 6
65. 4
66. 5
67. 2
68. 4
69. 2
70. 4
71. 4
72. 2
73. 2
74. 3
75. 2
76. 3
77. 2
78. 3
79. 2
80. 1
81. 2
82. 2
83. 3
84. 2
85. 3
86. 3
87. 4
88. 5
89. 2
90. 3
91. 2
92. 4
93. 1
94. 1
95. 4
96. 3
97. 2
98. 2
99. 3
100. 2
101. 5
102. 2
103. 2
104. 1
105. 2
106. 4
107. 2
108. 2
109. 3
110. 2
111. 2
112. 1
113. 2
114. 2
115. 3
116. 2
117. 1
118. 3
119. 3
120. 1
121. 2
122. 2
123. 2
124. 1
125. 2
126. 3
127. 3
128. 2
129. 4
130. 2
131. 1
132. 3
133. 5
134. 4
135. 2
136. 1
137. 2
138. 5
139. 3
140. 1
141. 2
142. 2
143. 2
144. 1
145. 1
146. 1
147. 2
148. 3
149. 3
150. 5
151. 1
152. 2
153. 2
154. 2
155. 2
156. 2
157. 4
158. 2
159. 4
160. 1
161. 2
162. 2
163. 4
164. 2
165. 2
166. 3
167. 2
168. 2
169. 3
170. 2
171. 2
172. 1
173. 3
174. 4
175. 3
176. 3
177. 3
178. 2
179. 2
180. 2
181. 2
182. 3
183. 3
184. 1
185. 3
186. 2
187. 2
188. 1
189. 2
190. 3
191. 6
192. 3
193. 7
194. 2
195. 1
196. 2
197. 2
198. 5
199. 2
200. 2