1524.txt
1. 0
2. 1
3. 2
4. 1
5. 1
6. 4
7. 1
8. 3
9. 4
10. 1
11. 1
12. 2
13. 2
14. 2
15. 1
16. 0
17. 2
18. 3
19. 2
20. 6
21. 2
22. 1
23. 3
24. 3
25. 3
26. 1
27. 1
28. 2
29. 2
30. 1
31. 0
32. 3
33. 4
34. 1
35. 1
36. 3
37. 4
38. 1
39. 3
40. 2
41. 2
42. 2
43. 1
44. 2
45. 1
46. 2
47. 2
48. 4
49. 2
50. 3
51. 3
52. 4
53. 2
54. 1
55. 2
56. 2
57. 1
58. 3
59. 1
60. 2
61. 2
62. 1
63. 1
64. 1
65. 2
66. 1
67. 2
68. 2
69. 1
70. 3
71. 1
72. 2
73. 3
74. 2
75. 1
76. 2
77. 4
78. 2
79. 2
80. 2
81. 1
82. 1
83. 1
84. 3
85. 3
86. 1
87. 2
88. 1
89. 2
90. 3
91. 1
92. 3
93. 2
94. 5
95. 1
96. 0
97. 3
98. 3
99. 2
100. 3
101. 0
102. 3
103. 1
104. 3
105. 1
106. 1
107. 2
108. 2
109. 0
110. 1
111. 2
112. 2
113. 1
114. 2
115. 1
116. 2
117. 2
118. 2
119. 1
120. 1
121. 2
122. 2
123. 1
124. 1
125. 2
126. 1
127. 2
128. 2
129. 3
130. 4
131. 1
132. 4
133. 2
134. 4
135. 2
136. 1
137. 1
138. 1
139. 1
140. 2
141. 2
142. 2
143. 3
144. 3
145. 1
146. 2
147. 2
148. 3
149. 1
150. 3
151. 1
152. 2
153. 1
154. 2
155. 2
156. 2
157. 1
158. 1
159. 3
160. 2
161. 3
162. 2
163. 2
164. 3
165. 1
166. 1
167. 2
168. 2
169. 1
170. 3
171. 3
172. 2
173. 2
174. 2
175. 2
176. 2
177. 1
178. 2
179. 2
180. 2
181. 1
182. 3
183. 1
184. 2
185. 2
186. 2
187. 2
188. 1
189. 2
190. 2
191. 2
192. 3
193. 1
194. 1
195. 1
196. 2
197. 2
198. 2
199. 2
200. 2