1548.txt
1. 7
2. 4
3. 2
4. 3
5. 2
6. 2
7. 1
8. 4
9. 2
10. 3
11. 1
12. 3
13. 2
14. 3
15. 2
16. 3
17. 3
18. 2
19. 2
20. 5
21. 2
22. 1
23. 2
24. 1
25. 2
26. 2
27. 1
28. 2
29. 1
30. 2
31. 4
32. 3
33. 1
34. 1
35. 1
36. 1
37. 2
38. 1
39. 3
40. 6
41. 2
42. 2
43. 2
44. 2
45. 4
46. 1
47. 4
48. 3
49. 2
50. 2
51. 1
52. 1
53. 1
54. 1
55. 4
56. 2
57. 3
58. 2
59. 1
60. 1
61. 2
62. 2
63. 1
64. 4
65. 1
66. 2
67. 3
68. 1
69. 2
70. 1
71. 1
72. 3
73. 1
74. 1
75. 1
76. 3
77. 2
78. 6
79. 1
80. 2
81. 4
82. 1
83. 3
84. 3
85. 2
86. 3
87. 2
88. 2
89. 2
90. 5
91. 1
92. 4
93. 2
94. 1
95. 2
96. 4
97. 3
98. 3
99. 1
100. 1
101. 5
102. 2
103. 1
104. 5
105. 1
106. 2
107. 3
108. 4
109. 1
110. 4
111. 1
112. 2
113. 3
114. 4
115. 2
116. 1
117. 1
118. 1
119. 3
120. 1
121. 2
122. 2
123. 6
124. 3
125. 5
126. 4
127. 2
128. 3
129. 1
130. 2
131. 2
132. 2
133. 2
134. 2
135. 4
136. 1
137. 3
138. 3
139. 2
140. 2
141. 2
142. 3
143. 1
144. 1
145. 1
146. 4
147. 2
148. 2
149. 2
150. 4
151. 2
152. 1
153. 1
154. 1
155. 2
156. 3
157. 3
158. 4
159. 2
160. 1
161. 3
162. 2
163. 4
164. 3
165. 1
166. 3
167. 2
168. 1
169. 3
170. 3
171. 3
172. 2
173. 2
174. 2
175. 1
176. 2
177. 1
178. 2
179. 1
180. 3
181. 2
182. 2
183. 2
184. 3
185. 6
186. 1
187. 2
188. 2
189. 1
190. 2
191. 3
192. 3
193. 2
194. 1
195. 3
196. 2
197. 1
198. 2
199. 4
200. 2