155.txt
1. 2
2. 1
3. 4
4. 3
5. 5
6. 1
7. 2
8. 4
9. 4
10. 3
11. 2
12. 2
13. 3
14. 0
15. 7
16. 1
17. 3
18. 3
19. 1
20. 2
21. 3
22. 2
23. 1
24. 3
25. 4
26. 3
27. 3
28. 3
29. 2
30. 1
31. 3
32. 5
33. 1
34. 1
35. 6
36. 2
37. 1
38. 2
39. 4
40. 2
41. 3
42. 4
43. 3
44. 2
45. 4
46. 2
47. 2
48. 3
49. 2
50. 2
51. 3
52. 3
53. 3
54. 4
55. 2
56. 5
57. 2
58. 3
59. 2
60. 2
61. 4
62. 4
63. 2
64. 3
65. 4
66. 3
67. 1
68. 3
69. 5
70. 2
71. 2
72. 1
73. 3
74. 3
75. 1
76. 1
77. 3
78. 2
79. 2
80. 2
81. 2
82. 2
83. 2
84. 3
85. 3
86. 2
87. 4
88. 3
89. 1
90. 2
91. 3
92. 3
93. 1
94. 2
95. 4
96. 2
97. 2
98. 1
99. 3
100. 3
101. 2
102. 4
103. 2
104. 3
105. 3
106. 2
107. 2
108. 2
109. 3
110. 2
111. 2
112. 3
113. 2
114. 2
115. 3
116. 2
117. 4
118. 1
119. 2
120. 3
121. 1
122. 2
123. 2
124. 2
125. 2
126. 4
127. 3
128. 2
129. 3
130. 2
131. 3
132. 3
133. 2
134. 2
135. 2
136. 2
137. 2
138. 3
139. 2
140. 3
141. 2
142. 2
143. 1
144. 2
145. 1
146. 2
147. 1
148. 4
149. 2
150. 2
151. 5
152. 1
153. 3
154. 1
155. 2
156. 3
157. 3
158. 2
159. 2
160. 6
161. 4
162. 3
163. 1
164. 2
165. 3
166. 2
167. 4
168. 2
169. 1
170. 3
171. 3
172. 2
173. 1
174. 3
175. 2
176. 2
177. 3
178. 2
179. 7
180. 3
181. 2
182. 2
183. 2
184. 2
185. 3
186. 2
187. 4
188. 2
189. 2
190. 4
191. 2
192. 4
193. 1
194. 3
195. 2
196. 2
197. 2
198. 4
199. 2
200. 2