1555.txt
1. 3
2. 1
3. 4
4. 1
5. 8
6. 2
7. 1
8. 2
9. 2
10. 1
11. 1
12. 3
13. 2
14. 1
15. 2
16. 2
17. 3
18. 2
19. 1
20. 2
21. 0
22. 3
23. 2
24. 1
25. 3
26. 1
27. 1
28. 1
29. 1
30. 2
31. 3
32. 2
33. 4
34. 3
35. 2
36. 3
37. 1
38. 2
39. 2
40. 1
41. 1
42. 1
43. 2
44. 1
45. 2
46. 3
47. 1
48. 2
49. 2
50. 2
51. 1
52. 6
53. 2
54. 2
55. 3
56. 3
57. 2
58. 1
59. 2
60. 1
61. 2
62. 1
63. 2
64. 1
65. 2
66. 2
67. 2
68. 1
69. 2
70. 1
71. 4
72. 1
73. 2
74. 1
75. 1
76. 2
77. 3
78. 2
79. 1
80. 3
81. 1
82. 2
83. 2
84. 1
85. 4
86. 2
87. 1
88. 8
89. 3
90. 3
91. 1
92. 2
93. 1
94. 3
95. 2
96. 1
97. 2
98. 1
99. 2
100. 2
101. 2
102. 2
103. 1
104. 2
105. 2
106. 2
107. 1
108. 2
109. 3
110. 1
111. 2
112. 2
113. 3
114. 4
115. 1
116. 3
117. 2
118. 1
119. 2
120. 1
121. 3
122. 2
123. 1
124. 2
125. 2
126. 1
127. 2
128. 2
129. 3
130. 4
131. 2
132. 1
133. 1
134. 2
135. 1
136. 3
137. 1
138. 2
139. 3
140. 1
141. 1
142. 1
143. 1
144. 9
145. 1
146. 1
147. 2
148. 1
149. 2
150. 3
151. 1
152. 2
153. 1
154. 2
155. 1
156. 7
157. 1
158. 3
159. 1
160. 1
161. 2
162. 2
163. 3
164. 2
165. 2
166. 3
167. 1
168. 1
169. 1
170. 4
171. 2
172. 1
173. 1
174. 2
175. 1
176. 1
177. 2
178. 1
179. 3
180. 2
181. 1
182. 1
183. 2
184. 1
185. 1
186. 2
187. 1
188. 1
189. 4
190. 1
191. 5
192. 3
193. 1
194. 1
195. 1
196. 1
197. 1
198. 2
199. 1
200. 4