1575.txt
1. 0
2. 2
3. 0
4. 4
5. 3
6. 2
7. 4
8. 2
9. 2
10. 0
11. 1
12. 1
13. 3
14. 1
15. 1
16. 1
17. 1
18. 1
19. 0
20. 0
21. 3
22. 0
23. 3
24. 1
25. 4
26. 1
27. 6
28. 5
29. 2
30. 2
31. 2
32. 2
33. 1
34. 1
35. 2
36. 1
37. 4
38. 1
39. 2
40. 1
41. 1
42. 7
43. 1
44. 1
45. 4
46. 2
47. 1
48. 1
49. 3
50. 1
51. 1
52. 2
53. 1
54. 0
55. 3
56. 1
57. 1
58. 2
59. 1
60. 3
61. 1
62. 1
63. 4
64. 1
65. 2
66. 2
67. 1
68. 3
69. 2
70. 2
71. 1
72. 1
73. 3
74. 1
75. 2
76. 2
77. 5
78. 2
79. 3
80. 2
81. 1
82. 2
83. 2
84. 2
85. 1
86. 1
87. 1
88. 3
89. 2
90. 1
91. 4
92. 1
93. 1
94. 2
95. 2
96. 1
97. 1
98. 7
99. 1
100. 1
101. 1
102. 3
103. 1
104. 2
105. 1
106. 1
107. 2
108. 2
109. 2
110. 1
111. 4
112. 2
113. 3
114. 1
115. 1
116. 1
117. 3
118. 2
119. 2
120. 2
121. 2
122. 3
123. 1
124. 1
125. 3
126. 2
127. 1
128. 1
129. 2
130. 1
131. 1
132. 2
133. 2
134. 1
135. 2
136. 1
137. 2
138. 5
139. 2
140. 0
141. 2
142. 0
143. 3
144. 1
145. 2
146. 4
147. 2
148. 3
149. 1
150. 3
151. 2
152. 1
153. 2
154. 2
155. 2
156. 3
157. 1
158. 2
159. 1
160. 1
161. 2
162. 3
163. 1
164. 2
165. 1
166. 1
167. 1
168. 1
169. 1
170. 1
171. 3
172. 3
173. 1
174. 1
175. 1
176. 2
177. 2
178. 3
179. 2
180. 1
181. 2
182. 1
183. 3
184. 6
185. 2
186. 1
187. 0
188. 1
189. 2
190. 3
191. 1
192. 2
193. 1
194. 2
195. 3
196. 3
197. 1
198. 1
199. 2
200. 2