1583.txt
1. 3
2. 2
3. 2
4. 0
5. 8
6. 1
7. 2
8. 3
9. 1
10. 2
11. 1
12. 2
13. 1
14. 2
15. 0
16. 2
17. 1
18. 3
19. 1
20. 4
21. 0
22. 2
23. 4
24. 1
25. 3
26. 1
27. 1
28. 1
29. 1
30. 0
31. 0
32. 1
33. 0
34. 2
35. 2
36. 1
37. 2
38. 4
39. 2
40. 2
41. 2
42. 1
43. 1
44. 3
45. 0
46. 4
47. 1
48. 1
49. 3
50. 2
51. 2
52. 1
53. 1
54. 3
55. 2
56. 0
57. 1
58. 1
59. 0
60. 4
61. 0
62. 0
63. 1
64. 1
65. 1
66. 2
67. 2
68. 2
69. 1
70. 2
71. 2
72. 0
73. 1
74. 2
75. 2
76. 2
77. 1
78. 2
79. 1
80. 1
81. 1
82. 2
83. 1
84. 3
85. 1
86. 2
87. 2
88. 2
89. 3
90. 2
91. 4
92. 3
93. 1
94. 1
95. 1
96. 1
97. 1
98. 2
99. 2
100. 4
101. 3
102. 1
103. 2
104. 6
105. 3
106. 2
107. 2
108. 3
109. 1
110. 4
111. 3
112. 3
113. 2
114. 3
115. 4
116. 1
117. 2
118. 2
119. 2
120. 1
121. 2
122. 1
123. 3
124. 2
125. 1
126. 1
127. 1
128. 2
129. 0
130. 1
131. 1
132. 5
133. 2
134. 2
135. 1
136. 2
137. 2
138. 3
139. 1
140. 0
141. 4
142. 3
143. 1
144. 1
145. 1
146. 2
147. 3
148. 2
149. 2
150. 1
151. 1
152. 1
153. 3
154. 2
155. 2
156. 1
157. 2
158. 2
159. 2
160. 2
161. 2
162. 1
163. 2
164. 1
165. 1
166. 1
167. 3
168. 1
169. 1
170. 3
171. 3
172. 1
173. 3
174. 1
175. 1
176. 1
177. 1
178. 1
179. 2
180. 2
181. 2
182. 2
183. 1
184. 2
185. 1
186. 1
187. 1
188. 1
189. 2
190. 2
191. 3
192. 1
193. 2
194. 1
195. 1
196. 3
197. 2
198. 2
199. 3
200. 2