1603.txt
1. 2
2. 1
3. 4
4. 1
5. 3
6. 1
7. 3
8. 3
9. 2
10. 2
11. 1
12. 3
13. 2
14. 2
15. 2
16. 2
17. 3
18. 2
19. 4
20. 2
21. 1
22. 1
23. 3
24. 2
25. 4
26. 2
27. 2
28. 1
29. 3
30. 3
31. 2
32. 2
33. 1
34. 3
35. 2
36. 2
37. 3
38. 2
39. 2
40. 2
41. 2
42. 4
43. 2
44. 1
45. 2
46. 2
47. 2
48. 3
49. 3
50. 3
51. 4
52. 2
53. 2
54. 4
55. 3
56. 2
57. 2
58. 2
59. 3
60. 2
61. 2
62. 4
63. 3
64. 1
65. 4
66. 2
67. 2
68. 2
69. 3
70. 4
71. 5
72. 2
73. 3
74. 3
75. 2
76. 2
77. 2
78. 4
79. 2
80. 3
81. 3
82. 2
83. 2
84. 2
85. 3
86. 2
87. 2
88. 3
89. 2
90. 2
91. 3
92. 2
93. 2
94. 3
95. 2
96. 2
97. 2
98. 3
99. 3
100. 3
101. 4
102. 2
103. 2
104. 3
105. 4
106. 2
107. 3
108. 2
109. 2
110. 2
111. 2
112. 2
113. 2
114. 3
115. 3
116. 4
117. 4
118. 4
119. 3
120. 2
121. 2
122. 2
123. 3
124. 3
125. 2
126. 2
127. 3
128. 2
129. 4
130. 3
131. 2
132. 5
133. 3
134. 3
135. 3
136. 2
137. 5
138. 3
139. 2
140. 2
141. 2
142. 2
143. 3
144. 2
145. 3
146. 4
147. 2
148. 2
149. 2
150. 2
151. 2
152. 4
153. 2
154. 2
155. 3
156. 3
157. 4
158. 2
159. 2
160. 2
161. 2
162. 3
163. 2
164. 2
165. 2
166. 3
167. 2
168. 2
169. 1
170. 2
171. 3
172. 3
173. 3
174. 2
175. 4
176. 2
177. 3
178. 3
179. 2
180. 3
181. 2
182. 2
183. 3
184. 3
185. 2
186. 3
187. 3
188. 4
189. 2
190. 2
191. 3
192. 3
193. 4
194. 2
195. 3
196. 2
197. 4
198. 2
199. 2
200. 5