1606.txt
1. 0
2. 4
3. 0
4. 0
5. 2
6. 3
7. 0
8. 3
9. 2
10. 2
11. 3
12. 0
13. 0
14. 6
15. 4
16. 3
17. 2
18. 2
19. 5
20. 0
21. 2
22. 1
23. 2
24. 1
25. 2
26. 3
27. 2
28. 3
29. 4
30. 3
31. 1
32. 2
33. 4
34. 3
35. 0
36. 3
37. 2
38. 3
39. 4
40. 0
41. 7
42. 1
43. 0
44. 2
45. 3
46. 7
47. 8
48. 1
49. 0
50. 2
51. 6
52. 4
53. 0
54. 0
55. 4
56. 0
57. 0
58. 0
59. 2
60. 0
61. 2
62. 1
63. 5
64. 1
65. 2
66. 3
67. 2
68. 1
69. 2
70. 1
71. 1
72. 1
73. 2
74. 1
75. 3
76. 2
77. 0
78. 0
79. 0
80. 2
81. 2
82. 0
83. 0
84. 2
85. 4
86. 0
87. 3
88. 1
89. 2
90. 0
91. 0
92. 0
93. 3
94. 0
95. 4
96. 2
97. 2
98. 2
99. 1
100. 1
101. 2
102. 0
103. 2
104. 2
105. 2
106. 2
107. 4
108. 2
109. 3
110. 3
111. 3
112. 1
113. 4
114. 5
115. 1
116. 1
117. 1
118. 3
119. 0
120. 0
121. 3
122. 0
123. 1
124. 0
125. 3
126. 0
127. 2
128. 1
129. 0
130. 2
131. 0
132. 0
133. 0
134. 1
135. 2
136. 3
137. 2
138. 2
139. 3
140. 0
141. 2
142. 2
143. 3
144. 6
145. 0
146. 2
147. 3
148. 2
149. 1
150. 1
151. 0
152. 1
153. 2
154. 2
155. 3
156. 2
157. 3
158. 0
159. 1
160. 0
161. 3
162. 2
163. 3
164. 2
165. 2
166. 2
167. 3
168. 2
169. 0
170. 0
171. 2
172. 2
173. 2
174. 1
175. 4
176. 2
177. 0
178. 0
179. 3
180. 1
181. 3
182. 2
183. 2
184. 3
185. 1
186. 0
187. 1
188. 2
189. 2
190. 1
191. 3
192. 1
193. 3
194. 1
195. 4
196. 1
197. 0
198. 1
199. 2
200. 3