1608.txt
1. 3
2. 1
3. 4
4. 1
5. 2
6. 2
7. 1
8. 2
9. 3
10. 4
11. 2
12. 1
13. 2
14. 1
15. 3
16. 4
17. 2
18. 2
19. 2
20. 4
21. 3
22. 3
23. 1
24. 1
25. 2
26. 1
27. 5
28. 0
29. 2
30. 1
31. 4
32. 1
33. 2
34. 2
35. 4
36. 5
37. 4
38. 2
39. 1
40. 5
41. 2
42. 6
43. 4
44. 3
45. 2
46. 3
47. 2
48. 1
49. 1
50. 3
51. 2
52. 2
53. 3
54. 2
55. 3
56. 2
57. 2
58. 1
59. 4
60. 2
61. 3
62. 1
63. 3
64. 2
65. 5
66. 2
67. 1
68. 3
69. 2
70. 3
71. 1
72. 3
73. 2
74. 2
75. 3
76. 1
77. 2
78. 1
79. 4
80. 2
81. 2
82. 1
83. 2
84. 2
85. 4
86. 3
87. 2
88. 3
89. 2
90. 3
91. 2
92. 4
93. 2
94. 5
95. 3
96. 2
97. 3
98. 2
99. 2
100. 3
101. 2
102. 1
103. 4
104. 2
105. 4
106. 1
107. 1
108. 4
109. 4
110. 2
111. 4
112. 2
113. 3
114. 2
115. 1
116. 2
117. 2
118. 3
119. 4
120. 2
121. 2
122. 2
123. 2
124. 1
125. 2
126. 2
127. 2
128. 4
129. 2
130. 1
131. 3
132. 3
133. 3
134. 2
135. 4
136. 1
137. 3
138. 1
139. 1
140. 3
141. 5
142. 2
143. 1
144. 4
145. 2
146. 1
147. 3
148. 2
149. 2
150. 2
151. 3
152. 1
153. 4
154. 3
155. 3
156. 4
157. 2
158. 3
159. 2
160. 2
161. 1
162. 2
163. 1
164. 2
165. 2
166. 3
167. 2
168. 2
169. 3
170. 2
171. 1
172. 2
173. 5
174. 1
175. 2
176. 4
177. 1
178. 1
179. 3
180. 2
181. 2
182. 3
183. 2
184. 1
185. 2
186. 2
187. 3
188. 3
189. 1
190. 2
191. 3
192. 3
193. 2
194. 1
195. 2
196. 2
197. 1
198. 2
199. 2
200. 2