1610.txt
1. 2
2. 1
3. 1
4. 6
5. 2
6. 4
7. 2
8. 1
9. 4
10. 3
11. 2
12. 1
13. 2
14. 2
15. 2
16. 3
17. 2
18. 3
19. 1
20. 1
21. 2
22. 1
23. 2
24. 2
25. 4
26. 2
27. 1
28. 1
29. 2
30. 4
31. 3
32. 2
33. 3
34. 1
35. 1
36. 3
37. 2
38. 2
39. 3
40. 2
41. 1
42. 2
43. 4
44. 5
45. 1
46. 1
47. 2
48. 2
49. 3
50. 2
51. 3
52. 2
53. 1
54. 1
55. 4
56. 6
57. 2
58. 2
59. 3
60. 2
61. 2
62. 1
63. 2
64. 2
65. 2
66. 2
67. 1
68. 2
69. 2
70. 2
71. 3
72. 2
73. 3
74. 2
75. 2
76. 3
77. 3
78. 3
79. 2
80. 2
81. 3
82. 2
83. 2
84. 2
85. 1
86. 2
87. 2
88. 3
89. 2
90. 2
91. 2
92. 2
93. 2
94. 2
95. 3
96. 2
97. 1
98. 4
99. 3
100. 2
101. 2
102. 1
103. 3
104. 4
105. 2
106. 2
107. 1
108. 3
109. 2
110. 3
111. 3
112. 4
113. 2
114. 2
115. 1
116. 1
117. 2
118. 3
119. 2
120. 3
121. 2
122. 2
123. 2
124. 1
125. 2
126. 2
127. 3
128. 1
129. 4
130. 5
131. 1
132. 1
133. 2
134. 2
135. 2
136. 1
137. 2
138. 4
139. 2
140. 2
141. 2
142. 3
143. 1
144. 2
145. 2
146. 2
147. 1
148. 1
149. 2
150. 1
151. 2
152. 3
153. 2
154. 5
155. 1
156. 1
157. 2
158. 2
159. 1
160. 2
161. 1
162. 1
163. 2
164. 2
165. 3
166. 2
167. 3
168. 1
169. 3
170. 2
171. 4
172. 3
173. 2
174. 1
175. 1
176. 2
177. 1
178. 2
179. 2
180. 2
181. 3
182. 2
183. 3
184. 2
185. 2
186. 1
187. 1
188. 1
189. 2
190. 2
191. 2
192. 2
193. 4
194. 3
195. 3
196. 2
197. 1
198. 3
199. 2
200. 2