1613.txt
1. 2
2. 3
3. 2
4. 0
5. 6
6. 1
7. 2
8. 2
9. 5
10. 1
11. 1
12. 2
13. 3
14. 3
15. 2
16. 4
17. 1
18. 2
19. 2
20. 3
21. 2
22. 2
23. 2
24. 4
25. 3
26. 1
27. 2
28. 2
29. 4
30. 4
31. 4
32. 2
33. 3
34. 2
35. 3
36. 3
37. 2
38. 3
39. 4
40. 1
41. 4
42. 3
43. 3
44. 3
45. 2
46. 1
47. 2
48. 2
49. 5
50. 3
51. 3
52. 2
53. 2
54. 4
55. 4
56. 3
57. 2
58. 2
59. 2
60. 3
61. 1
62. 3
63. 3
64. 1
65. 4
66. 3
67. 2
68. 2
69. 2
70. 2
71. 4
72. 4
73. 2
74. 3
75. 5
76. 3
77. 2
78. 3
79. 3
80. 2
81. 3
82. 1
83. 2
84. 2
85. 2
86. 2
87. 2
88. 2
89. 2
90. 3
91. 2
92. 2
93. 2
94. 2
95. 2
96. 2
97. 1
98. 3
99. 1
100. 1
101. 3
102. 2
103. 2
104. 2
105. 4
106. 2
107. 1
108. 1
109. 2
110. 3
111. 2
112. 3
113. 4
114. 2
115. 2
116. 2
117. 2
118. 2
119. 3
120. 4
121. 1
122. 2
123. 1
124. 5
125. 2
126. 2
127. 2
128. 1
129. 1
130. 2
131. 1
132. 3
133. 4
134. 2
135. 4
136. 3
137. 2
138. 2
139. 3
140. 1
141. 2
142. 2
143. 2
144. 2
145. 3
146. 2
147. 1
148. 3
149. 2
150. 2
151. 2
152. 3
153. 1
154. 3
155. 2
156. 1
157. 1
158. 2
159. 3
160. 3
161. 2
162. 2
163. 3
164. 1
165. 1
166. 3
167. 3
168. 1
169. 3
170. 2
171. 2
172. 2
173. 3
174. 2
175. 3
176. 2
177. 4
178. 2
179. 1
180. 2
181. 1
182. 2
183. 10
184. 2
185. 2
186. 3
187. 2
188. 3
189. 2
190. 2
191. 1
192. 1
193. 3
194. 3
195. 3
196. 2
197. 1
198. 2
199. 2
200. 2