1618.txt
1. 2
2. 4
3. 7
4. 2
5. 1
6. 3
7. 1
8. 1
9. 4
10. 2
11. 2
12. 3
13. 1
14. 2
15. 2
16. 3
17. 2
18. 3
19. 8
20. 2
21. 3
22. 8
23. 1
24. 1
25. 2
26. 2
27. 3
28. 3
29. 1
30. 2
31. 2
32. 1
33. 2
34. 2
35. 3
36. 1
37. 3
38. 2
39. 3
40. 2
41. 1
42. 2
43. 2
44. 1
45. 1
46. 3
47. 1
48. 2
49. 2
50. 2
51. 2
52. 2
53. 2
54. 4
55. 2
56. 2
57. 1
58. 3
59. 3
60. 3
61. 2
62. 4
63. 2
64. 3
65. 1
66. 2
67. 2
68. 4
69. 3
70. 3
71. 6
72. 2
73. 2
74. 4
75. 6
76. 3
77. 2
78. 3
79. 2
80. 1
81. 2
82. 2
83. 2
84. 3
85. 2
86. 4
87. 1
88. 3
89. 3
90. 3
91. 5
92. 1
93. 1
94. 2
95. 2
96. 2
97. 3
98. 2
99. 4
100. 2
101. 2
102. 1
103. 2
104. 3
105. 3
106. 4
107. 2
108. 5
109. 2
110. 7
111. 2
112. 2
113. 1
114. 4
115. 2
116. 2
117. 2
118. 5
119. 1
120. 2
121. 2
122. 1
123. 2
124. 4
125. 2
126. 1
127. 1
128. 2
129. 4
130. 3
131. 1
132. 1
133. 2
134. 2
135. 2
136. 4
137. 1
138. 1
139. 2
140. 3
141. 1
142. 3
143. 2
144. 2
145. 2
146. 4
147. 2
148. 2
149. 1
150. 2
151. 2
152. 2
153. 1
154. 2
155. 1
156. 3
157. 3
158. 2
159. 5
160. 3
161. 2
162. 2
163. 1
164. 3
165. 2
166. 2
167. 2
168. 4
169. 1
170. 2
171. 3
172. 1
173. 2
174. 3
175. 2
176. 1
177. 3
178. 2
179. 2
180. 3
181. 1
182. 6
183. 2
184. 2
185. 1
186. 3
187. 2
188. 3
189. 2
190. 4
191. 3
192. 2
193. 2
194. 3
195. 2
196. 4
197. 3
198. 2
199. 2
200. 2