1619.txt
1. 0
2. 0
3. 0
4. 2
5. 2
6. 2
7. 0
8. 1
9. 4
10. 7
11. 1
12. 1
13. 6
14. 1
15. 2
16. 2
17. 3
18. 2
19. 0
20. 2
21. 2
22. 6
23. 1
24. 3
25. 1
26. 2
27. 1
28. 3
29. 2
30. 2
31. 1
32. 1
33. 2
34. 2
35. 2
36. 5
37. 1
38. 2
39. 2
40. 3
41. 3
42. 1
43. 2
44. 1
45. 2
46. 0
47. 2
48. 3
49. 0
50. 1
51. 2
52. 1
53. 2
54. 1
55. 4
56. 3
57. 2
58. 0
59. 2
60. 1
61. 2
62. 2
63. 0
64. 2
65. 1
66. 2
67. 5
68. 2
69. 3
70. 2
71. 4
72. 3
73. 0
74. 1
75. 1
76. 3
77. 2
78. 1
79. 1
80. 1
81. 1
82. 1
83. 1
84. 3
85. 1
86. 3
87. 2
88. 1
89. 1
90. 3
91. 2
92. 2
93. 3
94. 1
95. 1
96. 2
97. 1
98. 1
99. 1
100. 3
101. 2
102. 1
103. 2
104. 1
105. 1
106. 2
107. 2
108. 2
109. 1
110. 2
111. 1
112. 0
113. 2
114. 1
115. 4
116. 1
117. 1
118. 2
119. 5
120. 3
121. 1
122. 1
123. 1
124. 0
125. 1
126. 3
127. 1
128. 1
129. 4
130. 1
131. 1
132. 2
133. 1
134. 1
135. 2
136. 2
137. 1
138. 1
139. 2
140. 1
141. 2
142. 2
143. 2
144. 1
145. 1
146. 0
147. 2
148. 2
149. 3
150. 2
151. 6
152. 1
153. 2
154. 2
155. 3
156. 1
157. 2
158. 2
159. 1
160. 4
161. 1
162. 2
163. 4
164. 1
165. 5
166. 2
167. 1
168. 3
169. 3
170. 3
171. 0
172. 1
173. 1
174. 2
175. 1
176. 1
177. 1
178. 2
179. 2
180. 2
181. 2
182. 6
183. 1
184. 1
185. 1
186. 4
187. 1
188. 4
189. 1
190. 1
191. 1
192. 4
193. 2
194. 3
195. 2
196. 1
197. 5
198. 4
199. 3
200. 3