1622.txt
1. 3
2. 1
3. 2
4. 0
5. 3
6. 0
7. 2
8. 2
9. 3
10. 5
11. 4
12. 2
13. 3
14. 2
15. 1
16. 3
17. 3
18. 3
19. 1
20. 2
21. 2
22. 2
23. 4
24. 1
25. 3
26. 3
27. 3
28. 3
29. 2
30. 5
31. 2
32. 3
33. 1
34. 2
35. 5
36. 4
37. 2
38. 2
39. 3
40. 3
41. 1
42. 3
43. 0
44. 2
45. 3
46. 3
47. 2
48. 3
49. 4
50. 2
51. 4
52. 1
53. 2
54. 3
55. 3
56. 2
57. 2
58. 2
59. 3
60. 2
61. 2
62. 2
63. 1
64. 2
65. 2
66. 4
67. 3
68. 3
69. 3
70. 1
71. 2
72. 2
73. 4
74. 4
75. 2
76. 2
77. 2
78. 2
79. 2
80. 2
81. 2
82. 3
83. 3
84. 3
85. 4
86. 2
87. 3
88. 2
89. 2
90. 3
91. 2
92. 4
93. 3
94. 2
95. 4
96. 2
97. 2
98. 4
99. 3
100. 4
101. 2
102. 2
103. 2
104. 2
105. 3
106. 2
107. 2
108. 2
109. 2
110. 3
111. 3
112. 2
113. 3
114. 2
115. 3
116. 2
117. 2
118. 3
119. 3
120. 5
121. 2
122. 2
123. 4
124. 2
125. 2
126. 2
127. 2
128. 3
129. 2
130. 1
131. 2
132. 2
133. 2
134. 1
135. 2
136. 2
137. 5
138. 2
139. 2
140. 1
141. 3
142. 2
143. 3
144. 2
145. 4
146. 2
147. 4
148. 2
149. 2
150. 2
151. 2
152. 2
153. 2
154. 4
155. 1
156. 2
157. 2
158. 2
159. 1
160. 3
161. 2
162. 2
163. 2
164. 2
165. 2
166. 4
167. 3
168. 2
169. 2
170. 2
171. 2
172. 4
173. 2
174. 2
175. 2
176. 2
177. 3
178. 2
179. 4
180. 3
181. 2
182. 2
183. 1
184. 3
185. 3
186. 3
187. 2
188. 3
189. 4
190. 3
191. 3
192. 2
193. 1
194. 2
195. 2
196. 2
197. 3
198. 2
199. 2
200. 3