1629.txt
1. 0
2. 0
3. 0
4. 1
5. 0
6. 2
7. 0
8. 2
9. 2
10. 0
11. 0
12. 0
13. 1
14. 6
15. 1
16. 0
17. 4
18. 4
19. 0
20. 1
21. 1
22. 2
23. 3
24. 2
25. 1
26. 1
27. 1
28. 1
29. 2
30. 1
31. 0
32. 2
33. 1
34. 1
35. 0
36. 1
37. 3
38. 1
39. 5
40. 4
41. 1
42. 2
43. 1
44. 2
45. 0
46. 3
47. 1
48. 2
49. 0
50. 2
51. 0
52. 1
53. 2
54. 0
55. 3
56. 3
57. 2
58. 2
59. 0
60. 2
61. 0
62. 1
63. 2
64. 2
65. 0
66. 1
67. 2
68. 1
69. 2
70. 2
71. 0
72. 1
73. 0
74. 2
75. 2
76. 0
77. 1
78. 1
79. 0
80. 2
81. 1
82. 2
83. 1
84. 4
85. 1
86. 0
87. 8
88. 1
89. 1
90. 1
91. 2
92. 2
93. 1
94. 3
95. 0
96. 0
97. 1
98. 2
99. 1
100. 4
101. 5
102. 6
103. 0
104. 2
105. 1
106. 1
107. 0
108. 2
109. 2
110. 1
111. 2
112. 0
113. 0
114. 1
115. 2
116. 3
117. 0
118. 1
119. 2
120. 0
121. 2
122. 0
123. 2
124. 0
125. 2
126. 1
127. 1
128. 0
129. 0
130. 3
131. 1
132. 2
133. 1
134. 0
135. 1
136. 1
137. 2
138. 1
139. 0
140. 0
141. 0
142. 4
143. 1
144. 1
145. 4
146. 0
147. 0
148. 1
149. 0
150. 3
151. 3
152. 1
153. 2
154. 3
155. 0
156. 2
157. 1
158. 1
159. 1
160. 1
161. 2
162. 3
163. 0
164. 1
165. 1
166. 2
167. 4
168. 0
169. 0
170. 1
171. 2
172. 0
173. 3
174. 1
175. 1
176. 2
177. 0
178. 2
179. 2
180. 2
181. 0
182. 1
183. 2
184. 0
185. 2
186. 1
187. 0
188. 0
189. 1
190. 1
191. 2
192. 1
193. 2
194. 1
195. 1
196. 2
197. 1
198. 2
199. 1
200. 4