1636.txt
1. 2
2. 2
3. 2
4. 1
5. 2
6. 0
7. 1
8. 2
9. 2
10. 6
11. 2
12. 0
13. 1
14. 4
15. 3
16. 1
17. 7
18. 2
19. 2
20. 5
21. 3
22. 1
23. 3
24. 1
25. 2
26. 2
27. 3
28. 1
29. 5
30. 7
31. 1
32. 4
33. 3
34. 2
35. 2
36. 3
37. 1
38. 3
39. 2
40. 3
41. 3
42. 2
43. 1
44. 3
45. 2
46. 2
47. 1
48. 2
49. 5
50. 2
51. 2
52. 2
53. 2
54. 2
55. 2
56. 2
57. 2
58. 2
59. 3
60. 6
61. 2
62. 3
63. 2
64. 1
65. 3
66. 4
67. 2
68. 4
69. 1
70. 3
71. 6
72. 1
73. 1
74. 2
75. 1
76. 3
77. 3
78. 4
79. 2
80. 2
81. 2
82. 4
83. 4
84. 3
85. 2
86. 6
87. 2
88. 2
89. 1
90. 3
91. 2
92. 2
93. 2
94. 3
95. 3
96. 3
97. 2
98. 3
99. 2
100. 4
101. 2
102. 3
103. 8
104. 3
105. 4
106. 3
107. 2
108. 2
109. 2
110. 7
111. 2
112. 2
113. 2
114. 4
115. 2
116. 2
117. 1
118. 1
119. 2
120. 3
121. 2
122. 5
123. 2
124. 3
125. 2
126. 2
127. 3
128. 1
129. 2
130. 2
131. 2
132. 2
133. 3
134. 2
135. 1
136. 2
137. 3
138. 2
139. 2
140. 2
141. 2
142. 2
143. 3
144. 2
145. 2
146. 3
147. 1
148. 2
149. 2
150. 1
151. 2
152. 1
153. 3
154. 2
155. 2
156. 3
157. 2
158. 3
159. 2
160. 4
161. 3
162. 2
163. 3
164. 3
165. 2
166. 1
167. 3
168. 1
169. 2
170. 2
171. 2
172. 3
173. 1
174. 3
175. 2
176. 2
177. 5
178. 1
179. 2
180. 3
181. 3
182. 3
183. 2
184. 2
185. 5
186. 2
187. 4
188. 1
189. 1
190. 2
191. 1
192. 2
193. 4
194. 3
195. 5
196. 2
197. 3
198. 2
199. 2
200. 3