1644.txt
1. 2
2. 3
3. 1
4. 3
5. 0
6. 2
7. 3
8. 4
9. 4
10. 2
11. 2
12. 3
13. 3
14. 1
15. 2
16. 1
17. 4
18. 1
19. 1
20. 1
21. 2
22. 2
23. 2
24. 5
25. 6
26. 2
27. 1
28. 2
29. 5
30. 2
31. 3
32. 3
33. 1
34. 2
35. 3
36. 2
37. 3
38. 2
39. 3
40. 4
41. 2
42. 2
43. 1
44. 2
45. 2
46. 1
47. 3
48. 3
49. 7
50. 5
51. 3
52. 3
53. 3
54. 5
55. 2
56. 3
57. 2
58. 4
59. 2
60. 1
61. 3
62. 2
63. 3
64. 3
65. 3
66. 2
67. 2
68. 3
69. 3
70. 4
71. 4
72. 2
73. 4
74. 3
75. 2
76. 2
77. 2
78. 2
79. 2
80. 2
81. 1
82. 2
83. 3
84. 2
85. 3
86. 3
87. 3
88. 4
89. 2
90. 2
91. 3
92. 3
93. 2
94. 3
95. 3
96. 5
97. 3
98. 2
99. 2
100. 1
101. 7
102. 2
103. 3
104. 3
105. 3
106. 2
107. 3
108. 4
109. 3
110. 2
111. 4
112. 2
113. 1
114. 2
115. 2
116. 2
117. 8
118. 1
119. 2
120. 4
121. 6
122. 1
123. 2
124. 3
125. 2
126. 3
127. 4
128. 2
129. 2
130. 3
131. 2
132. 2
133. 2
134. 1
135. 1
136. 1
137. 3
138. 3
139. 2
140. 3
141. 4
142. 3
143. 4
144. 2
145. 3
146. 2
147. 1
148. 2
149. 2
150. 3
151. 2
152. 3
153. 2
154. 2
155. 3
156. 1
157. 2
158. 2
159. 2
160. 4
161. 2
162. 4
163. 2
164. 3
165. 2
166. 1
167. 4
168. 2
169. 2
170. 2
171. 2
172. 3
173. 4
174. 3
175. 2
176. 3
177. 2
178. 2
179. 6
180. 2
181. 1
182. 1
183. 2
184. 3
185. 2
186. 2
187. 3
188. 2
189. 2
190. 3
191. 5
192. 2
193. 3
194. 2
195. 2
196. 2
197. 1
198. 2
199. 2
200. 5