1645.txt
1. 4
2. 1
3. 0
4. 1
5. 2
6. 3
7. 4
8. 0
9. 3
10. 0
11. 2
12. 2
13. 0
14. 3
15. 0
16. 1
17. 3
18. 1
19. 1
20. 3
21. 3
22. 2
23. 2
24. 1
25. 1
26. 1
27. 2
28. 2
29. 1
30. 1
31. 0
32. 3
33. 3
34. 1
35. 1
36. 2
37. 1
38. 0
39. 3
40. 1
41. 2
42. 0
43. 1
44. 1
45. 2
46. 1
47. 1
48. 0
49. 4
50. 2
51. 1
52. 0
53. 2
54. 2
55. 0
56. 3
57. 2
58. 2
59. 1
60. 2
61. 1
62. 1
63. 3
64. 1
65. 0
66. 1
67. 1
68. 2
69. 1
70. 2
71. 1
72. 0
73. 1
74. 3
75. 2
76. 1
77. 4
78. 2
79. 5
80. 2
81. 4
82. 3
83. 2
84. 0
85. 1
86. 2
87. 1
88. 0
89. 1
90. 1
91. 0
92. 2
93. 6
94. 2
95. 3
96. 2
97. 1
98. 3
99. 2
100. 1
101. 1
102. 1
103. 1
104. 4
105. 3
106. 0
107. 2
108. 1
109. 1
110. 3
111. 1
112. 1
113. 1
114. 5
115. 0
116. 1
117. 2
118. 1
119. 2
120. 2
121. 2
122. 1
123. 7
124. 0
125. 2
126. 2
127. 1
128. 2
129. 2
130. 0
131. 3
132. 1
133. 4
134. 0
135. 1
136. 1
137. 0
138. 1
139. 1
140. 0
141. 2
142. 1
143. 2
144. 3
145. 2
146. 1
147. 2
148. 1
149. 1
150. 0
151. 2
152. 2
153. 1
154. 4
155. 0
156. 3
157. 1
158. 1
159. 1
160. 1
161. 0
162. 1
163. 1
164. 1
165. 2
166. 1
167. 2
168. 2
169. 2
170. 2
171. 1
172. 2
173. 4
174. 1
175. 0
176. 7
177. 3
178. 0
179. 1
180. 3
181. 2
182. 3
183. 3
184. 1
185. 2
186. 3
187. 0
188. 1
189. 3
190. 1
191. 5
192. 5
193. 6
194. 1
195. 1
196. 1
197. 2
198. 4
199. 1
200. 0