1647.txt
1. 8
2. 1
3. 2
4. 4
5. 5
6. 3
7. 4
8. 4
9. 1
10. 2
11. 1
12. 2
13. 2
14. 3
15. 3
16. 2
17. 2
18. 1
19. 4
20. 1
21. 4
22. 3
23. 6
24. 3
25. 2
26. 2
27. 2
28. 1
29. 3
30. 2
31. 1
32. 1
33. 3
34. 2
35. 3
36. 2
37. 2
38. 6
39. 1
40. 2
41. 3
42. 2
43. 2
44. 3
45. 4
46. 1
47. 3
48. 1
49. 2
50. 5
51. 1
52. 4
53. 3
54. 2
55. 5
56. 4
57. 2
58. 2
59. 4
60. 5
61. 1
62. 2
63. 3
64. 2
65. 1
66. 5
67. 2
68. 7
69. 2
70. 6
71. 1
72. 2
73. 1
74. 5
75. 2
76. 2
77. 2
78. 3
79. 1
80. 1
81. 2
82. 4
83. 3
84. 2
85. 4
86. 1
87. 2
88. 5
89. 2
90. 3
91. 1
92. 2
93. 4
94. 1
95. 2
96. 2
97. 3
98. 7
99. 3
100. 2
101. 3
102. 2
103. 3
104. 2
105. 4
106. 2
107. 3
108. 1
109. 4
110. 1
111. 3
112. 3
113. 5
114. 5
115. 6
116. 2
117. 2
118. 4
119. 5
120. 3
121. 2
122. 6
123. 2
124. 2
125. 3
126. 2
127. 2
128. 7
129. 3
130. 2
131. 4
132. 3
133. 3
134. 2
135. 5
136. 2
137. 3
138. 3
139. 3
140. 4
141. 1
142. 8
143. 1
144. 2
145. 3
146. 2
147. 3
148. 2
149. 4
150. 2
151. 3
152. 2
153. 4
154. 7
155. 2
156. 2
157. 3
158. 2
159. 5
160. 3
161. 1
162. 2
163. 3
164. 2
165. 3
166. 2
167. 2
168. 3
169. 3
170. 4
171. 3
172. 3
173. 2
174. 6
175. 2
176. 3
177. 6
178. 2
179. 2
180. 2
181. 4
182. 2
183. 3
184. 6
185. 2
186. 2
187. 3
188. 1
189. 3
190. 2
191. 3
192. 3
193. 4
194. 4
195. 2
196. 4
197. 2
198. 2
199. 3
200. 3