1656.txt
1. 2
2. 1
3. 1
4. 4
5. 1
6. 1
7. 2
8. 2
9. 3
10. 2
11. 2
12. 3
13. 1
14. 3
15. 2
16. 5
17. 1
18. 3
19. 2
20. 4
21. 2
22. 1
23. 2
24. 1
25. 4
26. 1
27. 2
28. 6
29. 2
30. 2
31. 1
32. 3
33. 2
34. 8
35. 4
36. 1
37. 4
38. 2
39. 3
40. 4
41. 2
42. 2
43. 2
44. 1
45. 7
46. 1
47. 2
48. 2
49. 4
50. 1
51. 3
52. 3
53. 2
54. 1
55. 4
56. 5
57. 3
58. 1
59. 1
60. 2
61. 2
62. 3
63. 3
64. 2
65. 2
66. 4
67. 1
68. 3
69. 1
70. 3
71. 3
72. 1
73. 2
74. 2
75. 3
76. 2
77. 4
78. 1
79. 1
80. 2
81. 2
82. 1
83. 5
84. 2
85. 4
86. 2
87. 1
88. 3
89. 2
90. 4
91. 4
92. 2
93. 2
94. 2
95. 2
96. 2
97. 3
98. 4
99. 2
100. 3
101. 1
102. 2
103. 2
104. 2
105. 1
106. 3
107. 1
108. 3
109. 2
110. 2
111. 5
112. 1
113. 2
114. 1
115. 3
116. 3
117. 3
118. 2
119. 3
120. 2
121. 1
122. 1
123. 3
124. 4
125. 2
126. 2
127. 1
128. 2
129. 3
130. 3
131. 2
132. 2
133. 3
134. 1
135. 2
136. 3
137. 1
138. 1
139. 2
140. 2
141. 3
142. 3
143. 2
144. 1
145. 2
146. 2
147. 4
148. 3
149. 2
150. 4
151. 2
152. 4
153. 2
154. 1
155. 2
156. 2
157. 3
158. 3
159. 2
160. 1
161. 3
162. 2
163. 2
164. 4
165. 2
166. 5
167. 2
168. 4
169. 2
170. 3
171. 2
172. 2
173. 1
174. 1
175. 2
176. 1
177. 2
178. 1
179. 3
180. 2
181. 2
182. 1
183. 3
184. 1
185. 2
186. 2
187. 2
188. 2
189. 3
190. 3
191. 1
192. 6
193. 2
194. 2
195. 1
196. 2
197. 2
198. 3
199. 2
200. 3