1661.txt
1. 4
2. 3
3. 5
4. 2
5. 3
6. 1
7. 2
8. 3
9. 6
10. 9
11. 2
12. 2
13. 1
14. 2
15. 5
16. 3
17. 2
18. 3
19. 3
20. 1
21. 1
22. 5
23. 1
24. 2
25. 3
26. 2
27. 2
28. 1
29. 4
30. 1
31. 8
32. 2
33. 2
34. 3
35. 1
36. 2
37. 2
38. 2
39. 5
40. 2
41. 6
42. 3
43. 2
44. 2
45. 2
46. 5
47. 3
48. 3
49. 2
50. 3
51. 3
52. 7
53. 4
54. 2
55. 2
56. 4
57. 2
58. 3
59. 3
60. 3
61. 2
62. 1
63. 1
64. 1
65. 2
66. 3
67. 3
68. 2
69. 3
70. 2
71. 5
72. 2
73. 1
74. 3
75. 2
76. 3
77. 2
78. 3
79. 3
80. 2
81. 4
82. 2
83. 4
84. 2
85. 3
86. 2
87. 3
88. 2
89. 3
90. 2
91. 1
92. 2
93. 2
94. 2
95. 2
96. 2
97. 3
98. 2
99. 4
100. 1
101. 2
102. 3
103. 3
104. 3
105. 2
106. 2
107. 2
108. 1
109. 3
110. 2
111. 1
112. 1
113. 2
114. 1
115. 4
116. 1
117. 2
118. 2
119. 2
120. 2
121. 2
122. 1
123. 3
124. 1
125. 2
126. 4
127. 6
128. 2
129. 3
130. 1
131. 3
132. 2
133. 5
134. 4
135. 1
136. 1
137. 3
138. 3
139. 2
140. 5
141. 2
142. 1
143. 2
144. 4
145. 2
146. 3
147. 2
148. 6
149. 2
150. 1
151. 1
152. 3
153. 1
154. 1
155. 4
156. 2
157. 2
158. 2
159. 3
160. 2
161. 2
162. 3
163. 4
164. 4
165. 3
166. 5
167. 3
168. 2
169. 2
170. 2
171. 6
172. 2
173. 2
174. 2
175. 2
176. 2
177. 3
178. 3
179. 2
180. 2
181. 3
182. 3
183. 6
184. 1
185. 2
186. 4
187. 2
188. 2
189. 3
190. 1
191. 2
192. 1
193. 1
194. 1
195. 2
196. 2
197. 2
198. 4
199. 2
200. 3