1671.txt
1. 2
2. 2
3. 1
4. 1
5. 0
6. 1
7. 4
8. 3
9. 5
10. 1
11. 2
12. 3
13. 1
14. 0
15. 1
16. 2
17. 4
18. 3
19. 2
20. 1
21. 2
22. 1
23. 3
24. 2
25. 4
26. 2
27. 3
28. 4
29. 2
30. 2
31. 2
32. 1
33. 4
34. 1
35. 1
36. 2
37. 5
38. 6
39. 1
40. 1
41. 1
42. 3
43. 3
44. 0
45. 3
46. 1
47. 2
48. 1
49. 1
50. 2
51. 4
52. 1
53. 4
54. 3
55. 3
56. 2
57. 2
58. 2
59. 2
60. 2
61. 2
62. 1
63. 3
64. 1
65. 2
66. 2
67. 3
68. 2
69. 1
70. 2
71. 2
72. 1
73. 3
74. 4
75. 2
76. 3
77. 1
78. 1
79. 2
80. 3
81. 1
82. 3
83. 1
84. 2
85. 3
86. 2
87. 1
88. 2
89. 3
90. 1
91. 1
92. 3
93. 1
94. 0
95. 2
96. 4
97. 2
98. 2
99. 2
100. 4
101. 4
102. 3
103. 3
104. 1
105. 2
106. 1
107. 1
108. 2
109. 2
110. 2
111. 1
112. 2
113. 2
114. 1
115. 1
116. 1
117. 2
118. 2
119. 3
120. 3
121. 1
122. 2
123. 2
124. 3
125. 5
126. 3
127. 1
128. 1
129. 3
130. 3
131. 1
132. 0
133. 1
134. 2
135. 2
136. 2
137. 2
138. 2
139. 1
140. 4
141. 1
142. 2
143. 2
144. 2
145. 2
146. 3
147. 2
148. 2
149. 3
150. 3
151. 2
152. 1
153. 2
154. 2
155. 5
156. 2
157. 2
158. 1
159. 3
160. 3
161. 2
162. 3
163. 3
164. 1
165. 1
166. 1
167. 2
168. 1
169. 2
170. 2
171. 1
172. 3
173. 1
174. 3
175. 2
176. 2
177. 2
178. 2
179. 2
180. 1
181. 1
182. 1
183. 4
184. 2
185. 1
186. 2
187. 3
188. 2
189. 4
190. 4
191. 3
192. 2
193. 2
194. 4
195. 2
196. 3
197. 1
198. 2
199. 2
200. 2