1672.txt
1. 2
2. 1
3. 3
4. 2
5. 7
6. 2
7. 3
8. 4
9. 2
10. 1
11. 2
12. 1
13. 2
14. 3
15. 3
16. 2
17. 2
18. 2
19. 5
20. 2
21. 2
22. 1
23. 4
24. 2
25. 1
26. 3
27. 4
28. 4
29. 2
30. 2
31. 2
32. 1
33. 1
34. 6
35. 2
36. 2
37. 3
38. 2
39. 2
40. 4
41. 1
42. 3
43. 3
44. 3
45. 1
46. 2
47. 1
48. 2
49. 4
50. 3
51. 3
52. 2
53. 2
54. 2
55. 2
56. 1
57. 2
58. 3
59. 2
60. 3
61. 1
62. 3
63. 2
64. 1
65. 2
66. 1
67. 3
68. 4
69. 4
70. 1
71. 3
72. 1
73. 6
74. 3
75. 1
76. 3
77. 3
78. 4
79. 2
80. 3
81. 1
82. 1
83. 2
84. 3
85. 4
86. 2
87. 1
88. 4
89. 2
90. 2
91. 3
92. 2
93. 1
94. 5
95. 2
96. 5
97. 2
98. 2
99. 1
100. 3
101. 2
102. 4
103. 3
104. 2
105. 2
106. 2
107. 4
108. 2
109. 2
110. 2
111. 2
112. 2
113. 3
114. 1
115. 2
116. 1
117. 2
118. 3
119. 2
120. 3
121. 1
122. 2
123. 1
124. 3
125. 4
126. 5
127. 2
128. 2
129. 2
130. 4
131. 2
132. 4
133. 3
134. 2
135. 2
136. 3
137. 2
138. 3
139. 3
140. 2
141. 1
142. 3
143. 3
144. 2
145. 2
146. 2
147. 2
148. 4
149. 2
150. 2
151. 3
152. 1
153. 3
154. 3
155. 2
156. 3
157. 1
158. 2
159. 1
160. 2
161. 4
162. 1
163. 2
164. 2
165. 3
166. 2
167. 2
168. 3
169. 2
170. 2
171. 4
172. 2
173. 3
174. 2
175. 2
176. 4
177. 2
178. 4
179. 1
180. 3
181. 2
182. 1
183. 2
184. 3
185. 3
186. 2
187. 2
188. 2
189. 3
190. 2
191. 2
192. 1
193. 3
194. 2
195. 2
196. 1
197. 2
198. 2
199. 4
200. 1