1676.txt
1. 4
2. 2
3. 1
4. 5
5. 6
6. 3
7. 1
8. 3
9. 2
10. 4
11. 1
12. 1
13. 2
14. 4
15. 1
16. 5
17. 2
18. 3
19. 3
20. 1
21. 1
22. 4
23. 6
24. 1
25. 2
26. 5
27. 7
28. 1
29. 5
30. 1
31. 2
32. 2
33. 2
34. 2
35. 2
36. 3
37. 1
38. 2
39. 4
40. 3
41. 3
42. 2
43. 1
44. 1
45. 2
46. 3
47. 4
48. 3
49. 2
50. 2
51. 5
52. 1
53. 1
54. 2
55. 5
56. 3
57. 4
58. 3
59. 2
60. 2
61. 4
62. 2
63. 1
64. 1
65. 3
66. 2
67. 2
68. 3
69. 1
70. 4
71. 2
72. 2
73. 3
74. 6
75. 2
76. 2
77. 2
78. 2
79. 2
80. 4
81. 3
82. 5
83. 2
84. 3
85. 1
86. 2
87. 3
88. 2
89. 3
90. 2
91. 3
92. 2
93. 1
94. 3
95. 1
96. 3
97. 1
98. 2
99. 1
100. 2
101. 3
102. 2
103. 2
104. 2
105. 2
106. 3
107. 2
108. 2
109. 1
110. 4
111. 2
112. 2
113. 1
114. 1
115. 2
116. 2
117. 3
118. 3
119. 1
120. 4
121. 3
122. 4
123. 1
124. 3
125. 1
126. 3
127. 2
128. 1
129. 4
130. 3
131. 2
132. 1
133. 1
134. 4
135. 1
136. 2
137. 2
138. 1
139. 4
140. 2
141. 3
142. 3
143. 2
144. 1
145. 3
146. 2
147. 1
148. 1
149. 2
150. 2
151. 2
152. 3
153. 2
154. 2
155. 4
156. 2
157. 3
158. 2
159. 2
160. 2
161. 4
162. 1
163. 2
164. 7
165. 2
166. 2
167. 3
168. 3
169. 3
170. 1
171. 2
172. 1
173. 3
174. 1
175. 2
176. 1
177. 3
178. 3
179. 2
180. 3
181. 2
182. 2
183. 5
184. 1
185. 3
186. 2
187. 2
188. 1
189. 2
190. 5
191. 2
192. 2
193. 3
194. 3
195. 1
196. 3
197. 2
198. 1
199. 2
200. 2