169.txt
1. 2
2. 1
3. 4
4. 0
5. 6
6. 4
7. 2
8. 1
9. 2
10. 2
11. 1
12. 2
13. 0
14. 1
15. 2
16. 2
17. 5
18. 1
19. 1
20. 3
21. 4
22. 1
23. 4
24. 3
25. 1
26. 2
27. 4
28. 1
29. 2
30. 3
31. 1
32. 3
33. 4
34. 1
35. 1
36. 3
37. 1
38. 2
39. 1
40. 3
41. 3
42. 5
43. 2
44. 3
45. 3
46. 2
47. 3
48. 2
49. 2
50. 2
51. 4
52. 3
53. 2
54. 4
55. 2
56. 3
57. 4
58. 2
59. 3
60. 4
61. 2
62. 2
63. 3
64. 3
65. 2
66. 2
67. 3
68. 2
69. 4
70. 2
71. 4
72. 2
73. 3
74. 3
75. 2
76. 2
77. 2
78. 2
79. 2
80. 2
81. 4
82. 1
83. 3
84. 2
85. 2
86. 2
87. 3
88. 3
89. 1
90. 3
91. 1
92. 1
93. 2
94. 1
95. 1
96. 2
97. 1
98. 3
99. 3
100. 4
101. 4
102. 2
103. 2
104. 2
105. 2
106. 2
107. 2
108. 3
109. 3
110. 2
111. 2
112. 2
113. 2
114. 2
115. 2
116. 1
117. 2
118. 2
119. 4
120. 2
121. 2
122. 2
123. 3
124. 3
125. 3
126. 1
127. 2
128. 2
129. 3
130. 2
131. 4
132. 2
133. 3
134. 1
135. 2
136. 3
137. 3
138. 4
139. 2
140. 2
141. 2
142. 3
143. 1
144. 3
145. 3
146. 2
147. 3
148. 2
149. 3
150. 2
151. 3
152. 2
153. 3
154. 3
155. 4
156. 3
157. 3
158. 3
159. 2
160. 5
161. 4
162. 2
163. 2
164. 2
165. 1
166. 2
167. 3
168. 4
169. 2
170. 3
171. 4
172. 3
173. 1
174. 3
175. 3
176. 2
177. 2
178. 3
179. 1
180. 2
181. 3
182. 2
183. 4
184. 2
185. 1
186. 2
187. 3
188. 3
189. 3
190. 3
191. 4
192. 1
193. 2
194. 2
195. 3
196. 3
197. 1
198. 2
199. 2
200. 4