1692.txt
1. 3
2. 1
3. 4
4. 0
5. 1
6. 0
7. 0
8. 2
9. 4
10. 2
11. 0
12. 3
13. 1
14. 2
15. 1
16. 3
17. 2
18. 1
19. 1
20. 1
21. 2
22. 0
23. 1
24. 0
25. 2
26. 1
27. 4
28. 5
29. 3
30. 2
31. 0
32. 2
33. 3
34. 5
35. 1
36. 2
37. 1
38. 2
39. 2
40. 3
41. 0
42. 0
43. 2
44. 2
45. 1
46. 3
47. 1
48. 8
49. 1
50. 1
51. 1
52. 1
53. 2
54. 3
55. 2
56. 2
57. 2
58. 3
59. 3
60. 1
61. 1
62. 1
63. 4
64. 2
65. 6
66. 2
67. 1
68. 1
69. 3
70. 2
71. 3
72. 0
73. 4
74. 6
75. 3
76. 1
77. 1
78. 7
79. 1
80. 4
81. 2
82. 0
83. 2
84. 1
85. 0
86. 2
87. 1
88. 0
89. 1
90. 2
91. 1
92. 2
93. 1
94. 5
95. 3
96. 3
97. 2
98. 1
99. 0
100. 4
101. 2
102. 4
103. 1
104. 3
105. 2
106. 1
107. 2
108. 2
109. 2
110. 2
111. 0
112. 3
113. 2
114. 3
115. 1
116. 5
117. 4
118. 0
119. 2
120. 2
121. 1
122. 2
123. 3
124. 2
125. 4
126. 3
127. 2
128. 3
129. 1
130. 3
131. 2
132. 1
133. 4
134. 1
135. 4
136. 3
137. 1
138. 0
139. 1
140. 1
141. 1
142. 1
143. 1
144. 2
145. 3
146. 6
147. 1
148. 2
149. 2
150. 1
151. 2
152. 1
153. 1
154. 1
155. 3
156. 3
157. 2
158. 1
159. 2
160. 1
161. 1
162. 2
163. 3
164. 4
165. 4
166. 1
167. 1
168. 3
169. 3
170. 1
171. 2
172. 3
173. 2
174. 2
175. 2
176. 0
177. 4
178. 3
179. 5
180. 2
181. 3
182. 3
183. 4
184. 2
185. 2
186. 1
187. 1
188. 5
189. 1
190. 2
191. 1
192. 2
193. 1
194. 1
195. 1
196. 2
197. 1
198. 2
199. 2
200. 2