1701.txt
1. 0
2. 0
3. 2
4. 2
5. 3
6. 1
7. 4
8. 6
9. 2
10. 2
11. 0
12. 1
13. 1
14. 7
15. 1
16. 1
17. 1
18. 0
19. 4
20. 3
21. 3
22. 5
23. 1
24. 1
25. 1
26. 4
27. 3
28. 1
29. 7
30. 2
31. 1
32. 0
33. 2
34. 2
35. 2
36. 3
37. 2
38. 2
39. 3
40. 0
41. 1
42. 0
43. 1
44. 3
45. 1
46. 1
47. 1
48. 2
49. 1
50. 2
51. 4
52. 3
53. 5
54. 1
55. 2
56. 2
57. 3
58. 6
59. 0
60. 2
61. 3
62. 6
63. 1
64. 1
65. 3
66. 2
67. 1
68. 1
69. 2
70. 4
71. 3
72. 1
73. 1
74. 3
75. 4
76. 1
77. 3
78. 1
79. 2
80. 4
81. 1
82. 0
83. 1
84. 4
85. 0
86. 1
87. 1
88. 2
89. 1
90. 1
91. 1
92. 2
93. 2
94. 1
95. 1
96. 1
97. 3
98. 3
99. 1
100. 1
101. 1
102. 5
103. 2
104. 1
105. 3
106. 1
107. 1
108. 1
109. 1
110. 2
111. 1
112. 4
113. 7
114. 1
115. 1
116. 2
117. 1
118. 2
119. 1
120. 2
121. 1
122. 2
123. 2
124. 2
125. 2
126. 1
127. 1
128. 1
129. 1
130. 3
131. 3
132. 1
133. 1
134. 1
135. 4
136. 1
137. 2
138. 1
139. 5
140. 1
141. 1
142. 2
143. 3
144. 3
145. 1
146. 1
147. 2
148. 2
149. 2
150. 1
151. 1
152. 1
153. 2
154. 1
155. 4
156. 2
157. 1
158. 2
159. 2
160. 2
161. 2
162. 1
163. 4
164. 1
165. 1
166. 1
167. 1
168. 2
169. 3
170. 1
171. 1
172. 1
173. 3
174. 2
175. 2
176. 2
177. 5
178. 2
179. 1
180. 2
181. 2
182. 4
183. 2
184. 3
185. 2
186. 2
187. 3
188. 4
189. 3
190. 1
191. 3
192. 2
193. 2
194. 1
195. 1
196. 1
197. 2
198. 3
199. 1
200. 2