1702.txt
1. 2
2. 4
3. 0
4. 2
5. 1
6. 3
7. 2
8. 2
9. 2
10. 1
11. 2
12. 5
13. 1
14. 1
15. 3
16. 4
17. 4
18. 0
19. 3
20. 9
21. 1
22. 1
23. 1
24. 1
25. 3
26. 1
27. 1
28. 2
29. 1
30. 1
31. 2
32. 3
33. 2
34. 2
35. 1
36. 1
37. 4
38. 3
39. 2
40. 1
41. 5
42. 1
43. 2
44. 2
45. 2
46. 3
47. 2
48. 2
49. 1
50. 2
51. 4
52. 3
53. 2
54. 2
55. 2
56. 4
57. 2
58. 3
59. 2
60. 1
61. 1
62. 4
63. 2
64. 1
65. 2
66. 2
67. 1
68. 1
69. 2
70. 5
71. 2
72. 1
73. 1
74. 2
75. 1
76. 3
77. 2
78. 2
79. 6
80. 4
81. 2
82. 1
83. 1
84. 3
85. 4
86. 3
87. 4
88. 2
89. 1
90. 4
91. 2
92. 2
93. 2
94. 1
95. 3
96. 1
97. 2
98. 3
99. 1
100. 2
101. 2
102. 4
103. 1
104. 2
105. 1
106. 3
107. 3
108. 4
109. 4
110. 3
111. 2
112. 3
113. 1
114. 1
115. 2
116. 1
117. 3
118. 2
119. 3
120. 2
121. 4
122. 2
123. 2
124. 2
125. 1
126. 3
127. 1
128. 5
129. 2
130. 2
131. 6
132. 1
133. 1
134. 3
135. 2
136. 3
137. 2
138. 2
139. 1
140. 3
141. 3
142. 2
143. 5
144. 2
145. 2
146. 2
147. 2
148. 3
149. 1
150. 2
151. 3
152. 2
153. 1
154. 2
155. 3
156. 1
157. 1
158. 1
159. 1
160. 2
161. 1
162. 2
163. 2
164. 2
165. 3
166. 2
167. 2
168. 3
169. 2
170. 3
171. 1
172. 1
173. 2
174. 2
175. 3
176. 2
177. 1
178. 1
179. 3
180. 2
181. 1
182. 2
183. 3
184. 3
185. 2
186. 1
187. 1
188. 2
189. 1
190. 3
191. 2
192. 2
193. 2
194. 1
195. 3
196. 2
197. 1
198. 1
199. 3
200. 2