1708.txt
1. 0
2. 3
3. 7
4. 0
5. 2
6. 2
7. 4
8. 1
9. 0
10. 1
11. 2
12. 2
13. 1
14. 2
15. 2
16. 2
17. 2
18. 3
19. 0
20. 1
21. 2
22. 2
23. 2
24. 1
25. 0
26. 1
27. 0
28. 2
29. 2
30. 1
31. 2
32. 1
33. 4
34. 0
35. 2
36. 1
37. 4
38. 0
39. 1
40. 2
41. 1
42. 1
43. 0
44. 2
45. 1
46. 2
47. 1
48. 3
49. 2
50. 1
51. 1
52. 2
53. 2
54. 1
55. 3
56. 4
57. 0
58. 1
59. 2
60. 4
61. 0
62. 1
63. 1
64. 1
65. 2
66. 0
67. 1
68. 1
69. 3
70. 0
71. 2
72. 1
73. 1
74. 3
75. 0
76. 1
77. 1
78. 1
79. 2
80. 2
81. 2
82. 0
83. 1
84. 2
85. 1
86. 2
87. 3
88. 1
89. 0
90. 1
91. 0
92. 2
93. 1
94. 0
95. 2
96. 0
97. 5
98. 1
99. 3
100. 2
101. 0
102. 3
103. 2
104. 0
105. 2
106. 2
107. 1
108. 1
109. 0
110. 2
111. 2
112. 2
113. 2
114. 1
115. 2
116. 1
117. 1
118. 0
119. 1
120. 2
121. 6
122. 1
123. 2
124. 0
125. 9
126. 0
127. 0
128. 2
129. 1
130. 4
131. 0
132. 1
133. 0
134. 0
135. 0
136. 1
137. 2
138. 0
139. 1
140. 1
141. 1
142. 1
143. 1
144. 2
145. 0
146. 0
147. 2
148. 1
149. 1
150. 1
151. 0
152. 0
153. 0
154. 1
155. 3
156. 3
157. 1
158. 1
159. 0
160. 0
161. 0
162. 0
163. 1
164. 2
165. 0
166. 2
167. 0
168. 0
169. 0
170. 3
171. 1
172. 1
173. 3
174. 1
175. 1
176. 1
177. 0
178. 5
179. 1
180. 3
181. 1
182. 0
183. 2
184. 3
185. 2
186. 1
187. 0
188. 2
189. 1
190. 1
191. 1
192. 0
193. 0
194. 0
195. 1
196. 1
197. 2
198. 2
199. 3
200. 3