1710.txt
1. 0
2. 0
3. 0
4. 3
5. 0
6. 0
7. 0
8. 2
9. 2
10. 3
11. 2
12. 0
13. 0
14. 4
15. 4
16. 0
17. 0
18. 0
19. 3
20. 0
21. 0
22. 3
23. 3
24. 0
25. 0
26. 0
27. 0
28. 3
29. 2
30. 4
31. 3
32. 0
33. 0
34. 3
35. 2
36. 3
37. 3
38. 0
39. 3
40. 0
41. 3
42. 0
43. 3
44. 0
45. 0
46. 0
47. 0
48. 0
49. 0
50. 2
51. 0
52. 0
53. 0
54. 0
55. 3
56. 2
57. 0
58. 2
59. 0
60. 3
61. 3
62. 2
63. 0
64. 0
65. 0
66. 2
67. 0
68. 0
69. 0
70. 0
71. 2
72. 0
73. 0
74. 0
75. 0
76. 0
77. 0
78. 0
79. 0
80. 2
81. 0
82. 0
83. 2
84. 0
85. 0
86. 2
87. 0
88. 0
89. 3
90. 0
91. 0
92. 0
93. 2
94. 0
95. 3
96. 2
97. 3
98. 3
99. 2
100. 0
101. 2
102. 2
103. 0
104. 0
105. 3
106. 0
107. 2
108. 0
109. 0
110. 0
111. 4
112. 5
113. 2
114. 0
115. 2
116. 0
117. 0
118. 0
119. 3
120. 2
121. 0
122. 3
123. 0
124. 0
125. 2
126. 0
127. 3
128. 2
129. 0
130. 0
131. 0
132. 0
133. 2
134. 0
135. 0
136. 0
137. 2
138. 3
139. 0
140. 0
141. 0
142. 0
143. 0
144. 0
145. 2
146. 0
147. 4
148. 0
149. 0
150. 0
151. 2
152. 3
153. 0
154. 3
155. 3
156. 0
157. 3
158. 3
159. 0
160. 2
161. 0
162. 3
163. 2
164. 3
165. 0
166. 0
167. 0
168. 0
169. 0
170. 0
171. 0
172. 0
173. 2
174. 0
175. 0
176. 2
177. 0
178. 5
179. 0
180. 0
181. 0
182. 0
183. 0
184. 0
185. 2
186. 2
187. 0
188. 3
189. 3
190. 0
191. 0
192. 0
193. 3
194. 2
195. 2
196. 0
197. 3
198. 3
199. 0
200. 2