1740.txt
1. 2
2. 1
3. 2
4. 3
5. 2
6. 2
7. 3
8. 4
9. 2
10. 1
11. 3
12. 3
13. 2
14. 2
15. 4
16. 1
17. 2
18. 5
19. 4
20. 3
21. 1
22. 2
23. 2
24. 3
25. 4
26. 2
27. 4
28. 3
29. 7
30. 3
31. 2
32. 4
33. 1
34. 2
35. 2
36. 2
37. 6
38. 3
39. 3
40. 3
41. 3
42. 3
43. 3
44. 3
45. 2
46. 2
47. 4
48. 3
49. 2
50. 4
51. 2
52. 4
53. 4
54. 2
55. 2
56. 2
57. 2
58. 3
59. 3
60. 2
61. 1
62. 3
63. 2
64. 5
65. 2
66. 3
67. 1
68. 6
69. 4
70. 1
71. 2
72. 7
73. 4
74. 1
75. 4
76. 4
77. 2
78. 2
79. 2
80. 1
81. 3
82. 1
83. 3
84. 2
85. 3
86. 2
87. 3
88. 5
89. 4
90. 2
91. 3
92. 2
93. 6
94. 3
95. 2
96. 4
97. 3
98. 2
99. 2
100. 4
101. 7
102. 4
103. 3
104. 5
105. 2
106. 8
107. 4
108. 2
109. 3
110. 2
111. 3
112. 2
113. 3
114. 2
115. 3
116. 2
117. 6
118. 2
119. 2
120. 3
121. 4
122. 3
123. 2
124. 2
125. 2
126. 4
127. 1
128. 3
129. 6
130. 3
131. 2
132. 2
133. 2
134. 1
135. 2
136. 3
137. 1
138. 3
139. 3
140. 2
141. 3
142. 2
143. 2
144. 2
145. 3
146. 2
147. 2
148. 2
149. 3
150. 2
151. 1
152. 3
153. 2
154. 3
155. 4
156. 2
157. 2
158. 3
159. 3
160. 3
161. 3
162. 4
163. 2
164. 3
165. 3
166. 2
167. 2
168. 3
169. 2
170. 2
171. 4
172. 3
173. 3
174. 4
175. 2
176. 3
177. 2
178. 4
179. 1
180. 3
181. 3
182. 3
183. 3
184. 2
185. 3
186. 4
187. 2
188. 4
189. 2
190. 3
191. 2
192. 3
193. 2
194. 3
195. 3
196. 2
197. 2
198. 5
199. 2
200. 4