1748.txt
1. 3
2. 1
3. 2
4. 3
5. 2
6. 2
7. 4
8. 3
9. 1
10. 4
11. 1
12. 2
13. 5
14. 1
15. 3
16. 2
17. 1
18. 3
19. 2
20. 2
21. 3
22. 1
23. 2
24. 2
25. 3
26. 2
27. 4
28. 1
29. 3
30. 3
31. 3
32. 3
33. 3
34. 2
35. 3
36. 3
37. 2
38. 2
39. 2
40. 2
41. 4
42. 5
43. 4
44. 1
45. 2
46. 2
47. 2
48. 2
49. 2
50. 5
51. 2
52. 3
53. 2
54. 2
55. 1
56. 3
57. 2
58. 2
59. 2
60. 4
61. 3
62. 5
63. 3
64. 2
65. 2
66. 3
67. 2
68. 3
69. 2
70. 4
71. 1
72. 3
73. 4
74. 3
75. 2
76. 2
77. 4
78. 2
79. 1
80. 3
81. 3
82. 2
83. 1
84. 2
85. 2
86. 3
87. 3
88. 2
89. 3
90. 2
91. 2
92. 4
93. 2
94. 1
95. 2
96. 2
97. 2
98. 2
99. 3
100. 3
101. 3
102. 5
103. 1
104. 2
105. 4
106. 1
107. 3
108. 2
109. 2
110. 2
111. 3
112. 1
113. 3
114. 4
115. 2
116. 1
117. 1
118. 1
119. 4
120. 3
121. 2
122. 2
123. 3
124. 2
125. 2
126. 2
127. 3
128. 2
129. 2
130. 2
131. 2
132. 2
133. 2
134. 1
135. 1
136. 1
137. 2
138. 1
139. 3
140. 2
141. 2
142. 3
143. 1
144. 1
145. 3
146. 2
147. 2
148. 2
149. 3
150. 2
151. 3
152. 1
153. 3
154. 2
155. 6
156. 1
157. 4
158. 1
159. 2
160. 2
161. 2
162. 4
163. 1
164. 2
165. 2
166. 3
167. 2
168. 3
169. 2
170. 2
171. 2
172. 2
173. 3
174. 2
175. 4
176. 2
177. 3
178. 2
179. 1
180. 3
181. 3
182. 1
183. 2
184. 1
185. 1
186. 1
187. 3
188. 2
189. 3
190. 2
191. 2
192. 1
193. 3
194. 2
195. 2
196. 3
197. 2
198. 3
199. 3
200. 1