1762.txt
1. 2
2. 3
3. 1
4. 4
5. 2
6. 3
7. 4
8. 1
9. 3
10. 6
11. 2
12. 1
13. 2
14. 4
15. 1
16. 5
17. 3
18. 4
19. 2
20. 3
21. 2
22. 1
23. 1
24. 1
25. 2
26. 5
27. 2
28. 1
29. 1
30. 3
31. 1
32. 2
33. 5
34. 6
35. 2
36. 4
37. 1
38. 5
39. 1
40. 3
41. 1
42. 6
43. 1
44. 3
45. 3
46. 2
47. 3
48. 3
49. 1
50. 2
51. 2
52. 2
53. 1
54. 2
55. 3
56. 2
57. 2
58. 1
59. 3
60. 3
61. 2
62. 6
63. 1
64. 2
65. 10
66. 3
67. 5
68. 1
69. 2
70. 4
71. 1
72. 2
73. 3
74. 2
75. 4
76. 1
77. 5
78. 2
79. 1
80. 1
81. 2
82. 1
83. 4
84. 3
85. 5
86. 3
87. 2
88. 4
89. 2
90. 3
91. 5
92. 5
93. 1
94. 2
95. 3
96. 3
97. 2
98. 3
99. 2
100. 1
101. 2
102. 2
103. 2
104. 4
105. 5
106. 2
107. 1
108. 2
109. 1
110. 2
111. 2
112. 4
113. 2
114. 1
115. 3
116. 4
117. 2
118. 2
119. 2
120. 2
121. 1
122. 1
123. 3
124. 6
125. 3
126. 1
127. 2
128. 2
129. 2
130. 2
131. 2
132. 3
133. 4
134. 2
135. 2
136. 3
137. 3
138. 2
139. 2
140. 2
141. 1
142. 2
143. 2
144. 3
145. 2
146. 3
147. 1
148. 2
149. 2
150. 2
151. 6
152. 4
153. 2
154. 3
155. 2
156. 4
157. 3
158. 2
159. 3
160. 2
161. 3
162. 3
163. 5
164. 2
165. 3
166. 4
167. 2
168. 3
169. 2
170. 2
171. 1
172. 3
173. 2
174. 2
175. 2
176. 2
177. 4
178. 2
179. 2
180. 3
181. 3
182. 2
183. 2
184. 3
185. 3
186. 2
187. 2
188. 4
189. 2
190. 2
191. 2
192. 2
193. 1
194. 3
195. 3
196. 1
197. 3
198. 7
199. 5
200. 3