1765.txt
1. 3
2. 0
3. 4
4. 2
5. 1
6. 0
7. 6
8. 7
9. 3
10. 0
11. 1
12. 1
13. 2
14. 3
15. 6
16. 4
17. 1
18. 4
19. 2
20. 3
21. 2
22. 2
23. 1
24. 1
25. 2
26. 3
27. 1
28. 1
29. 1
30. 2
31. 0
32. 1
33. 4
34. 0
35. 3
36. 2
37. 2
38. 3
39. 2
40. 3
41. 3
42. 2
43. 2
44. 3
45. 2
46. 4
47. 3
48. 2
49. 0
50. 2
51. 3
52. 5
53. 4
54. 2
55. 2
56. 1
57. 1
58. 2
59. 4
60. 2
61. 5
62. 2
63. 1
64. 3
65. 2
66. 3
67. 3
68. 2
69. 1
70. 3
71. 2
72. 5
73. 1
74. 1
75. 4
76. 1
77. 1
78. 2
79. 1
80. 3
81. 1
82. 1
83. 5
84. 2
85. 3
86. 3
87. 1
88. 7
89. 2
90. 4
91. 1
92. 5
93. 1
94. 1
95. 1
96. 3
97. 2
98. 3
99. 2
100. 4
101. 2
102. 2
103. 0
104. 2
105. 2
106. 1
107. 3
108. 2
109. 0
110. 3
111. 1
112. 5
113. 3
114. 0
115. 0
116. 2
117. 10
118. 2
119. 2
120. 0
121. 2
122. 4
123. 1
124. 1
125. 3
126. 2
127. 4
128. 2
129. 1
130. 1
131. 3
132. 3
133. 3
134. 1
135. 1
136. 2
137. 2
138. 2
139. 3
140. 2
141. 2
142. 2
143. 2
144. 2
145. 2
146. 1
147. 1
148. 2
149. 2
150. 2
151. 2
152. 2
153. 2
154. 3
155. 1
156. 1
157. 2
158. 4
159. 1
160. 3
161. 1
162. 2
163. 3
164. 1
165. 2
166. 2
167. 1
168. 3
169. 1
170. 3
171. 2
172. 2
173. 0
174. 2
175. 1
176. 2
177. 2
178. 1
179. 2
180. 3
181. 1
182. 4
183. 1
184. 3
185. 1
186. 2
187. 2
188. 2
189. 2
190. 2
191. 1
192. 1
193. 3
194. 2
195. 2
196. 2
197. 2
198. 1
199. 2
200. 3