1772.txt
1. 0
2. 1
3. 1
4. 0
5. 2
6. 2
7. 8
8. 2
9. 4
10. 2
11. 0
12. 0
13. 1
14. 0
15. 0
16. 6
17. 1
18. 0
19. 1
20. 1
21. 1
22. 3
23. 1
24. 2
25. 2
26. 0
27. 7
28. 2
29. 1
30. 2
31. 3
32. 3
33. 5
34. 2
35. 0
36. 2
37. 2
38. 2
39. 0
40. 1
41. 5
42. 1
43. 2
44. 1
45. 4
46. 2
47. 1
48. 4
49. 4
50. 2
51. 1
52. 3
53. 0
54. 4
55. 0
56. 2
57. 0
58. 4
59. 1
60. 2
61. 2
62. 2
63. 1
64. 3
65. 4
66. 2
67. 1
68. 2
69. 1
70. 2
71. 2
72. 1
73. 1
74. 3
75. 1
76. 1
77. 1
78. 1
79. 2
80. 2
81. 1
82. 2
83. 2
84. 2
85. 1
86. 0
87. 1
88. 3
89. 1
90. 3
91. 4
92. 2
93. 5
94. 4
95. 2
96. 2
97. 1
98. 1
99. 1
100. 2
101. 1
102. 1
103. 2
104. 1
105. 1
106. 2
107. 3
108. 1
109. 1
110. 3
111. 1
112. 1
113. 4
114. 0
115. 2
116. 1
117. 1
118. 2
119. 1
120. 2
121. 1
122. 1
123. 2
124. 2
125. 1
126. 2
127. 1
128. 2
129. 2
130. 1
131. 2
132. 2
133. 1
134. 3
135. 3
136. 0
137. 5
138. 3
139. 2
140. 2
141. 2
142. 2
143. 6
144. 1
145. 3
146. 0
147. 4
148. 2
149. 1
150. 2
151. 1
152. 2
153. 1
154. 1
155. 1
156. 3
157. 2
158. 1
159. 1
160. 1
161. 0
162. 1
163. 2
164. 2
165. 1
166. 1
167. 2
168. 1
169. 1
170. 3
171. 2
172. 2
173. 1
174. 4
175. 2
176. 1
177. 1
178. 2
179. 1
180. 2
181. 1
182. 2
183. 1
184. 2
185. 3
186. 1
187. 1
188. 1
189. 1
190. 1
191. 2
192. 0
193. 1
194. 2
195. 0
196. 6
197. 1
198. 2
199. 2
200. 2