178.txt
1. 4
2. 0
3. 0
4. 0
5. 8
6. 2
7. 2
8. 0
9. 0
10. 4
11. 1
12. 0
13. 0
14. 0
15. 1
16. 0
17. 1
18. 2
19. 3
20. 2
21. 4
22. 2
23. 3
24. 2
25. 3
26. 2
27. 1
28. 1
29. 4
30. 2
31. 1
32. 0
33. 3
34. 2
35. 1
36. 3
37. 3
38. 3
39. 3
40. 2
41. 1
42. 0
43. 3
44. 0
45. 0
46. 1
47. 1
48. 3
49. 2
50. 0
51. 3
52. 2
53. 3
54. 2
55. 2
56. 1
57. 0
58. 1
59. 2
60. 0
61. 2
62. 5
63. 3
64. 2
65. 3
66. 2
67. 2
68. 1
69. 1
70. 1
71. 3
72. 4
73. 2
74. 0
75. 3
76. 2
77. 2
78. 2
79. 2
80. 2
81. 0
82. 1
83. 2
84. 1
85. 3
86. 2
87. 2
88. 3
89. 2
90. 9
91. 2
92. 4
93. 2
94. 0
95. 2
96. 1
97. 1
98. 3
99. 1
100. 6
101. 2
102. 4
103. 1
104. 4
105. 2
106. 2
107. 7
108. 2
109. 1
110. 1
111. 3
112. 1
113. 1
114. 4
115. 2
116. 1
117. 4
118. 1
119. 1
120. 0
121. 4
122. 2
123. 1
124. 3
125. 2
126. 1
127. 0
128. 2
129. 2
130. 2
131. 0
132. 2
133. 2
134. 2
135. 1
136. 1
137. 3
138. 1
139. 1
140. 2
141. 2
142. 3
143. 7
144. 2
145. 1
146. 2
147. 1
148. 2
149. 2
150. 3
151. 1
152. 3
153. 1
154. 0
155. 3
156. 2
157. 3
158. 2
159. 2
160. 2
161. 1
162. 2
163. 2
164. 3
165. 1
166. 2
167. 2
168. 2
169. 3
170. 3
171. 2
172. 3
173. 2
174. 2
175. 1
176. 1
177. 2
178. 2
179. 2
180. 2
181. 4
182. 1
183. 2
184. 1
185. 3
186. 2
187. 2
188. 1
189. 2
190. 2
191. 1
192. 1
193. 2
194. 1
195. 2
196. 2
197. 1
198. 2
199. 2
200. 2