1788.txt
1. 0
2. 3
3. 2
4. 1
5. 1
6. 1
7. 1
8. 7
9. 1
10. 3
11. 2
12. 2
13. 2
14. 1
15. 0
16. 1
17. 1
18. 2
19. 4
20. 1
21. 5
22. 1
23. 2
24. 1
25. 2
26. 2
27. 8
28. 2
29. 1
30. 2
31. 0
32. 2
33. 3
34. 3
35. 2
36. 1
37. 4
38. 2
39. 2
40. 1
41. 3
42. 2
43. 3
44. 5
45. 3
46. 1
47. 1
48. 1
49. 1
50. 3
51. 0
52. 2
53. 1
54. 2
55. 1
56. 1
57. 3
58. 2
59. 3
60. 2
61. 3
62. 2
63. 1
64. 1
65. 3
66. 3
67. 3
68. 1
69. 3
70. 3
71. 2
72. 2
73. 2
74. 1
75. 1
76. 2
77. 2
78. 2
79. 2
80. 1
81. 4
82. 1
83. 1
84. 3
85. 4
86. 2
87. 1
88. 2
89. 2
90. 2
91. 2
92. 2
93. 3
94. 2
95. 1
96. 2
97. 3
98. 4
99. 1
100. 3
101. 2
102. 2
103. 3
104. 6
105. 5
106. 1
107. 4
108. 3
109. 2
110. 2
111. 1
112. 2
113. 2
114. 3
115. 2
116. 3
117. 3
118. 2
119. 9
120. 6
121. 4
122. 1
123. 2
124. 2
125. 1
126. 3
127. 2
128. 1
129. 1
130. 2
131. 1
132. 3
133. 1
134. 1
135. 2
136. 1
137. 2
138. 1
139. 2
140. 1
141. 2
142. 1
143. 2
144. 2
145. 3
146. 2
147. 2
148. 4
149. 2
150. 1
151. 1
152. 3
153. 2
154. 1
155. 3
156. 2
157. 1
158. 3
159. 2
160. 1
161. 3
162. 1
163. 1
164. 4
165. 5
166. 1
167. 3
168. 2
169. 1
170. 1
171. 1
172. 1
173. 1
174. 3
175. 2
176. 2
177. 3
178. 3
179. 1
180. 1
181. 2
182. 1
183. 4
184. 2
185. 2
186. 2
187. 2
188. 1
189. 2
190. 2
191. 1
192. 1
193. 2
194. 2
195. 2
196. 3
197. 2
198. 2
199. 2
200. 3