1792.txt
1. 2
2. 1
3. 1
4. 4
5. 2
6. 2
7. 1
8. 1
9. 1
10. 2
11. 3
12. 4
13. 2
14. 1
15. 6
16. 1
17. 3
18. 3
19. 5
20. 4
21. 3
22. 1
23. 2
24. 1
25. 5
26. 3
27. 2
28. 1
29. 3
30. 4
31. 2
32. 3
33. 3
34. 1
35. 2
36. 3
37. 1
38. 2
39. 1
40. 2
41. 5
42. 4
43. 2
44. 2
45. 2
46. 4
47. 3
48. 1
49. 2
50. 1
51. 4
52. 1
53. 2
54. 3
55. 1
56. 3
57. 2
58. 2
59. 1
60. 7
61. 3
62. 1
63. 5
64. 3
65. 1
66. 2
67. 2
68. 3
69. 2
70. 1
71. 3
72. 1
73. 2
74. 3
75. 2
76. 2
77. 2
78. 3
79. 3
80. 5
81. 3
82. 2
83. 1
84. 3
85. 2
86. 2
87. 2
88. 1
89. 2
90. 2
91. 3
92. 1
93. 1
94. 3
95. 6
96. 4
97. 4
98. 1
99. 4
100. 2
101. 2
102. 3
103. 2
104. 3
105. 2
106. 2
107. 4
108. 1
109. 1
110. 2
111. 2
112. 2
113. 4
114. 3
115. 3
116. 3
117. 2
118. 1
119. 2
120. 2
121. 2
122. 3
123. 2
124. 2
125. 2
126. 2
127. 3
128. 3
129. 3
130. 1
131. 1
132. 2
133. 3
134. 1
135. 1
136. 2
137. 3
138. 2
139. 2
140. 2
141. 3
142. 1
143. 2
144. 3
145. 1
146. 2
147. 2
148. 2
149. 1
150. 3
151. 2
152. 3
153. 2
154. 1
155. 1
156. 1
157. 2
158. 7
159. 1
160. 2
161. 2
162. 2
163. 2
164. 2
165. 2
166. 1
167. 2
168. 3
169. 2
170. 2
171. 1
172. 3
173. 3
174. 2
175. 2
176. 1
177. 1
178. 2
179. 1
180. 4
181. 3
182. 2
183. 5
184. 2
185. 2
186. 3
187. 3
188. 1
189. 2
190. 1
191. 4
192. 2
193. 2
194. 3
195. 3
196. 4
197. 1
198. 2
199. 2
200. 3