1794.txt
1. 2
2. 1
3. 1
4. 2
5. 4
6. 2
7. 1
8. 2
9. 2
10. 1
11. 3
12. 1
13. 3
14. 1
15. 1
16. 0
17. 4
18. 2
19. 5
20. 4
21. 1
22. 1
23. 4
24. 2
25. 2
26. 1
27. 2
28. 1
29. 1
30. 1
31. 4
32. 2
33. 2
34. 2
35. 3
36. 2
37. 3
38. 3
39. 1
40. 3
41. 2
42. 3
43. 2
44. 2
45. 2
46. 3
47. 2
48. 1
49. 2
50. 2
51. 3
52. 2
53. 3
54. 4
55. 2
56. 1
57. 2
58. 3
59. 3
60. 2
61. 1
62. 2
63. 3
64. 2
65. 1
66. 2
67. 2
68. 2
69. 4
70. 2
71. 2
72. 3
73. 2
74. 1
75. 2
76. 1
77. 3
78. 4
79. 3
80. 2
81. 3
82. 2
83. 2
84. 2
85. 1
86. 2
87. 3
88. 3
89. 2
90. 2
91. 1
92. 4
93. 3
94. 3
95. 3
96. 2
97. 1
98. 2
99. 1
100. 3
101. 4
102. 2
103. 4
104. 2
105. 3
106. 2
107. 3
108. 2
109. 3
110. 2
111. 2
112. 2
113. 5
114. 3
115. 2
116. 3
117. 2
118. 2
119. 2
120. 2
121. 3
122. 2
123. 4
124. 2
125. 2
126. 2
127. 2
128. 3
129. 3
130. 2
131. 3
132. 2
133. 3
134. 2
135. 1
136. 2
137. 3
138. 3
139. 1
140. 2
141. 1
142. 4
143. 2
144. 3
145. 3
146. 2
147. 3
148. 2
149. 2
150. 3
151. 2
152. 3
153. 2
154. 2
155. 3
156. 1
157. 2
158. 2
159. 2
160. 3
161. 4
162. 2
163. 2
164. 1
165. 1
166. 2
167. 1
168. 3
169. 2
170. 2
171. 2
172. 1
173. 4
174. 3
175. 1
176. 3
177. 2
178. 3
179. 2
180. 1
181. 3
182. 2
183. 2
184. 4
185. 5
186. 2
187. 3
188. 2
189. 4
190. 2
191. 3
192. 3
193. 2
194. 2
195. 3
196. 3
197. 4
198. 1
199. 4
200. 1