1814.txt
1. 0
2. 2
3. 0
4. 2
5. 7
6. 0
7. 2
8. 2
9. 0
10. 0
11. 0
12. 3
13. 1
14. 0
15. 0
16. 2
17. 0
18. 3
19. 6
20. 0
21. 2
22. 1
23. 0
24. 3
25. 2
26. 0
27. 3
28. 0
29. 3
30. 0
31. 0
32. 3
33. 0
34. 0
35. 3
36. 3
37. 2
38. 3
39. 2
40. 3
41. 4
42. 2
43. 0
44. 2
45. 7
46. 0
47. 0
48. 0
49. 2
50. 0
51. 0
52. 3
53. 3
54. 0
55. 2
56. 2
57. 3
58. 0
59. 0
60. 0
61. 0
62. 0
63. 2
64. 0
65. 3
66. 5
67. 0
68. 2
69. 6
70. 5
71. 2
72. 0
73. 0
74. 3
75. 3
76. 2
77. 0
78. 2
79. 4
80. 0
81. 0
82. 0
83. 4
84. 2
85. 0
86. 2
87. 3
88. 2
89. 0
90. 2
91. 0
92. 0
93. 3
94. 0
95. 4
96. 0
97. 0
98. 0
99. 0
100. 2
101. 0
102. 2
103. 0
104. 2
105. 2
106. 2
107. 2
108. 0
109. 2
110. 3
111. 2
112. 0
113. 2
114. 2
115. 0
116. 2
117. 3
118. 0
119. 4
120. 0
121. 0
122. 0
123. 0
124. 0
125. 3
126. 2
127. 0
128. 2
129. 0
130. 2
131. 0
132. 0
133. 0
134. 3
135. 2
136. 4
137. 4
138. 2
139. 0
140. 0
141. 2
142. 0
143. 0
144. 5
145. 2
146. 6
147. 3
148. 0
149. 0
150. 0
151. 0
152. 2
153. 0
154. 0
155. 2
156. 0
157. 0
158. 2
159. 0
160. 3
161. 2
162. 0
163. 2
164. 2
165. 3
166. 0
167. 3
168. 0
169. 3
170. 2
171. 2
172. 3
173. 2
174. 4
175. 2
176. 2
177. 0
178. 3
179. 2
180. 0
181. 0
182. 0
183. 2
184. 0
185. 0
186. 3
187. 0
188. 2
189. 2
190. 0
191. 0
192. 3
193. 0
194. 2
195. 0
196. 0
197. 2
198. 3
199. 2
200. 0