1835.txt
1. 0
2. 2
3. 2
4. 1
5. 1
6. 1
7. 0
8. 3
9. 2
10. 2
11. 4
12. 0
13. 0
14. 2
15. 0
16. 0
17. 3
18. 2
19. 5
20. 2
21. 1
22. 2
23. 3
24. 2
25. 1
26. 0
27. 0
28. 1
29. 2
30. 5
31. 3
32. 2
33. 3
34. 3
35. 2
36. 2
37. 3
38. 2
39. 1
40. 4
41. 2
42. 1
43. 2
44. 1
45. 2
46. 3
47. 1
48. 2
49. 3
50. 2
51. 2
52. 1
53. 2
54. 2
55. 3
56. 7
57. 4
58. 5
59. 2
60. 3
61. 2
62. 2
63. 3
64. 5
65. 1
66. 0
67. 1
68. 3
69. 4
70. 5
71. 3
72. 0
73. 1
74. 1
75. 3
76. 2
77. 1
78. 3
79. 2
80. 1
81. 0
82. 3
83. 1
84. 2
85. 1
86. 2
87. 3
88. 2
89. 2
90. 1
91. 4
92. 2
93. 2
94. 1
95. 1
96. 2
97. 1
98. 1
99. 0
100. 0
101. 2
102. 2
103. 0
104. 3
105. 2
106. 1
107. 4
108. 2
109. 2
110. 1
111. 0
112. 1
113. 4
114. 2
115. 2
116. 3
117. 2
118. 4
119. 3
120. 5
121. 1
122. 1
123. 1
124. 0
125. 3
126. 8
127. 3
128. 1
129. 2
130. 2
131. 2
132. 1
133. 1
134. 1
135. 1
136. 2
137. 1
138. 1
139. 2
140. 1
141. 2
142. 2
143. 1
144. 2
145. 2
146. 3
147. 2
148. 1
149. 3
150. 2
151. 2
152. 2
153. 2
154. 2
155. 2
156. 0
157. 1
158. 2
159. 2
160. 2
161. 2
162. 1
163. 2
164. 1
165. 2
166. 3
167. 2
168. 1
169. 1
170. 2
171. 3
172. 5
173. 1
174. 2
175. 1
176. 2
177. 2
178. 3
179. 2
180. 2
181. 2
182. 3
183. 2
184. 2
185. 3
186. 3
187. 2
188. 3
189. 2
190. 2
191. 3
192. 2
193. 1
194. 1
195. 1
196. 1
197. 2
198. 1
199. 2
200. 3