1837.txt
1. 0
2. 3
3. 1
4. 0
5. 2
6. 6
7. 0
8. 5
9. 2
10. 0
11. 5
12. 0
13. 6
14. 2
15. 3
16. 4
17. 0
18. 6
19. 2
20. 0
21. 3
22. 3
23. 0
24. 1
25. 0
26. 2
27. 3
28. 1
29. 5
30. 0
31. 0
32. 2
33. 0
34. 2
35. 0
36. 3
37. 0
38. 4
39. 3
40. 1
41. 0
42. 0
43. 2
44. 0
45. 6
46. 4
47. 1
48. 0
49. 0
50. 1
51. 3
52. 2
53. 3
54. 1
55. 2
56. 0
57. 0
58. 7
59. 2
60. 0
61. 4
62. 0
63. 1
64. 1
65. 2
66. 2
67. 2
68. 4
69. 2
70. 1
71. 0
72. 5
73. 3
74. 0
75. 3
76. 3
77. 2
78. 1
79. 2
80. 3
81. 0
82. 0
83. 1
84. 1
85. 2
86. 2
87. 2
88. 4
89. 0
90. 3
91. 1
92. 1
93. 2
94. 4
95. 1
96. 0
97. 3
98. 2
99. 0
100. 2
101. 0
102. 2
103. 4
104. 2
105. 0
106. 2
107. 1
108. 0
109. 1
110. 0
111. 2
112. 0
113. 2
114. 0
115. 2
116. 0
117. 0
118. 1
119. 3
120. 2
121. 0
122. 1
123. 2
124. 0
125. 1
126. 2
127. 2
128. 3
129. 3
130. 2
131. 0
132. 2
133. 0
134. 2
135. 2
136. 5
137. 2
138. 0
139. 4
140. 2
141. 0
142. 2
143. 2
144. 0
145. 2
146. 1
147. 3
148. 2
149. 0
150. 2
151. 0
152. 7
153. 0
154. 0
155. 1
156. 3
157. 6
158. 0
159. 3
160. 2
161. 0
162. 2
163. 0
164. 1
165. 1
166. 0
167. 3
168. 0
169. 2
170. 3
171. 1
172. 3
173. 2
174. 0
175. 4
176. 2
177. 3
178. 2
179. 2
180. 0
181. 2
182. 2
183. 0
184. 0
185. 3
186. 0
187. 0
188. 3
189. 0
190. 0
191. 2
192. 2
193. 3
194. 1
195. 2
196. 2
197. 2
198. 2
199. 2
200. 3