1848.txt
1. 3
2. 1
3. 1
4. 2
5. 1
6. 7
7. 1
8. 2
9. 2
10. 2
11. 6
12. 1
13. 2
14. 2
15. 2
16. 3
17. 2
18. 9
19. 2
20. 2
21. 1
22. 4
23. 5
24. 3
25. 4
26. 1
27. 3
28. 2
29. 3
30. 3
31. 2
32. 1
33. 2
34. 3
35. 2
36. 8
37. 1
38. 2
39. 1
40. 2
41. 4
42. 3
43. 1
44. 2
45. 2
46. 3
47. 2
48. 1
49. 1
50. 3
51. 4
52. 2
53. 2
54. 3
55. 2
56. 2
57. 1
58. 2
59. 3
60. 1
61. 3
62. 4
63. 2
64. 1
65. 1
66. 1
67. 2
68. 2
69. 2
70. 3
71. 3
72. 2
73. 2
74. 3
75. 5
76. 1
77. 1
78. 4
79. 1
80. 1
81. 2
82. 3
83. 4
84. 1
85. 3
86. 7
87. 2
88. 3
89. 1
90. 2
91. 4
92. 2
93. 1
94. 2
95. 3
96. 2
97. 2
98. 5
99. 2
100. 2
101. 1
102. 2
103. 2
104. 3
105. 3
106. 2
107. 2
108. 6
109. 2
110. 3
111. 1
112. 2
113. 2
114. 2
115. 1
116. 2
117. 2
118. 2
119. 1
120. 4
121. 3
122. 1
123. 2
124. 3
125. 2
126. 4
127. 2
128. 4
129. 1
130. 1
131. 2
132. 1
133. 2
134. 2
135. 1
136. 2
137. 2
138. 3
139. 2
140. 1
141. 1
142. 3
143. 2
144. 1
145. 2
146. 2
147. 3
148. 2
149. 5
150. 2
151. 1
152. 3
153. 3
154. 2
155. 3
156. 2
157. 2
158. 2
159. 3
160. 1
161. 3
162. 4
163. 3
164. 2
165. 2
166. 2
167. 2
168. 1
169. 6
170. 2
171. 1
172. 2
173. 1
174. 2
175. 2
176. 2
177. 2
178. 2
179. 2
180. 2
181. 3
182. 2
183. 1
184. 3
185. 2
186. 4
187. 1
188. 3
189. 2
190. 2
191. 2
192. 2
193. 2
194. 1
195. 3
196. 1
197. 2
198. 3
199. 3
200. 4