1858.txt
1. 1
2. 2
3. 4
4. 1
5. 2
6. 0
7. 6
8. 2
9. 2
10. 4
11. 2
12. 3
13. 2
14. 1
15. 1
16. 2
17. 2
18. 0
19. 3
20. 2
21. 4
22. 1
23. 2
24. 1
25. 1
26. 1
27. 1
28. 1
29. 5
30. 3
31. 3
32. 2
33. 3
34. 1
35. 2
36. 2
37. 1
38. 2
39. 3
40. 3
41. 2
42. 3
43. 1
44. 2
45. 2
46. 2
47. 1
48. 1
49. 1
50. 2
51. 2
52. 3
53. 2
54. 2
55. 2
56. 2
57. 2
58. 3
59. 4
60. 2
61. 2
62. 2
63. 2
64. 3
65. 3
66. 2
67. 2
68. 1
69. 2
70. 2
71. 1
72. 3
73. 2
74. 2
75. 3
76. 1
77. 2
78. 2
79. 2
80. 2
81. 3
82. 4
83. 2
84. 3
85. 2
86. 2
87. 4
88. 1
89. 1
90. 2
91. 4
92. 2
93. 1
94. 4
95. 1
96. 1
97. 1
98. 2
99. 2
100. 3
101. 2
102. 3
103. 2
104. 2
105. 3
106. 3
107. 2
108. 2
109. 3
110. 3
111. 2
112. 1
113. 1
114. 2
115. 3
116. 2
117. 3
118. 3
119. 1
120. 3
121. 2
122. 2
123. 3
124. 3
125. 1
126. 1
127. 1
128. 1
129. 5
130. 2
131. 3
132. 1
133. 3
134. 3
135. 2
136. 1
137. 1
138. 3
139. 2
140. 4
141. 1
142. 4
143. 1
144. 2
145. 2
146. 3
147. 2
148. 1
149. 1
150. 6
151. 4
152. 4
153. 2
154. 2
155. 2
156. 2
157. 3
158. 1
159. 2
160. 3
161. 2
162. 4
163. 1
164. 1
165. 2
166. 2
167. 2
168. 3
169. 1
170. 3
171. 2
172. 2
173. 4
174. 2
175. 1
176. 3
177. 2
178. 2
179. 2
180. 4
181. 1
182. 2
183. 2
184. 3
185. 2
186. 3
187. 2
188. 4
189. 2
190. 2
191. 3
192. 2
193. 4
194. 1
195. 3
196. 4
197. 2
198. 2
199. 3
200. 1