1874.txt
1. 0
2. 3
3. 2
4. 0
5. 3
6. 2
7. 2
8. 1
9. 0
10. 2
11. 1
12. 2
13. 1
14. 2
15. 0
16. 1
17. 3
18. 4
19. 1
20. 1
21. 2
22. 2
23. 4
24. 2
25. 0
26. 2
27. 0
28. 2
29. 1
30. 2
31. 1
32. 3
33. 1
34. 2
35. 3
36. 3
37. 0
38. 0
39. 1
40. 1
41. 0
42. 0
43. 3
44. 2
45. 0
46. 2
47. 0
48. 3
49. 1
50. 6
51. 3
52. 2
53. 2
54. 1
55. 1
56. 0
57. 4
58. 3
59. 1
60. 2
61. 2
62. 2
63. 3
64. 1
65. 2
66. 2
67. 0
68. 2
69. 5
70. 2
71. 1
72. 2
73. 2
74. 2
75. 1
76. 0
77. 3
78. 2
79. 1
80. 4
81. 1
82. 4
83. 1
84. 1
85. 0
86. 2
87. 5
88. 1
89. 4
90. 4
91. 1
92. 7
93. 0
94. 0
95. 4
96. 5
97. 2
98. 4
99. 2
100. 2
101. 1
102. 1
103. 1
104. 0
105. 1
106. 2
107. 0
108. 2
109. 2
110. 1
111. 2
112. 0
113. 1
114. 1
115. 2
116. 1
117. 3
118. 2
119. 1
120. 2
121. 1
122. 2
123. 2
124. 1
125. 1
126. 2
127. 1
128. 0
129. 1
130. 0
131. 2
132. 2
133. 3
134. 1
135. 2
136. 0
137. 3
138. 1
139. 2
140. 3
141. 6
142. 1
143. 1
144. 0
145. 3
146. 3
147. 0
148. 1
149. 2
150. 3
151. 5
152. 1
153. 0
154. 4
155. 0
156. 2
157. 4
158. 0
159. 4
160. 2
161. 1
162. 2
163. 3
164. 3
165. 4
166. 0
167. 1
168. 2
169. 3
170. 1
171. 1
172. 2
173. 1
174. 1
175. 2
176. 0
177. 4
178. 5
179. 3
180. 0
181. 0
182. 1
183. 1
184. 1
185. 3
186. 2
187. 2
188. 1
189. 0
190. 6
191. 2
192. 4
193. 3
194. 2
195. 2
196. 1
197. 2
198. 1
199. 4
200. 2