1875.txt
1. 2
2. 3
3. 1
4. 1
5. 4
6. 1
7. 2
8. 7
9. 1
10. 2
11. 3
12. 1
13. 2
14. 3
15. 4
16. 1
17. 2
18. 2
19. 6
20. 2
21. 4
22. 1
23. 2
24. 1
25. 2
26. 1
27. 1
28. 3
29. 5
30. 3
31. 2
32. 3
33. 2
34. 3
35. 2
36. 4
37. 3
38. 1
39. 2
40. 1
41. 2
42. 2
43. 1
44. 6
45. 2
46. 1
47. 1
48. 3
49. 1
50. 1
51. 1
52. 4
53. 2
54. 2
55. 2
56. 2
57. 2
58. 2
59. 1
60. 3
61. 2
62. 3
63. 2
64. 1
65. 2
66. 2
67. 3
68. 1
69. 3
70. 5
71. 2
72. 1
73. 2
74. 2
75. 3
76. 4
77. 8
78. 2
79. 4
80. 1
81. 2
82. 3
83. 1
84. 1
85. 3
86. 3
87. 3
88. 3
89. 7
90. 2
91. 2
92. 3
93. 3
94. 2
95. 2
96. 2
97. 1
98. 2
99. 3
100. 2
101. 2
102. 2
103. 2
104. 1
105. 1
106. 2
107. 1
108. 2
109. 3
110. 1
111. 2
112. 3
113. 2
114. 3
115. 2
116. 2
117. 1
118. 2
119. 1
120. 2
121. 3
122. 2
123. 1
124. 7
125. 1
126. 3
127. 2
128. 2
129. 1
130. 2
131. 2
132. 3
133. 6
134. 1
135. 3
136. 2
137. 3
138. 2
139. 2
140. 2
141. 2
142. 4
143. 3
144. 2
145. 2
146. 3
147. 3
148. 1
149. 6
150. 3
151. 2
152. 3
153. 2
154. 3
155. 1
156. 2
157. 1
158. 3
159. 3
160. 4
161. 2
162. 1
163. 1
164. 4
165. 2
166. 2
167. 1
168. 3
169. 2
170. 1
171. 2
172. 1
173. 1
174. 3
175. 2
176. 1
177. 1
178. 2
179. 4
180. 2
181. 2
182. 3
183. 2
184. 2
185. 3
186. 1
187. 2
188. 2
189. 3
190. 2
191. 3
192. 4
193. 1
194. 3
195. 3
196. 2
197. 2
198. 3
199. 2
200. 3