1879.txt
1. 3
2. 2
3. 4
4. 0
5. 1
6. 0
7. 2
8. 1
9. 3
10. 1
11. 4
12. 2
13. 1
14. 1
15. 0
16. 1
17. 1
18. 1
19. 1
20. 4
21. 0
22. 2
23. 1
24. 2
25. 2
26. 5
27. 0
28. 3
29. 3
30. 2
31. 3
32. 1
33. 5
34. 1
35. 0
36. 2
37. 3
38. 1
39. 1
40. 5
41. 1
42. 1
43. 2
44. 2
45. 2
46. 2
47. 3
48. 3
49. 2
50. 1
51. 1
52. 3
53. 2
54. 3
55. 1
56. 0
57. 4
58. 2
59. 1
60. 0
61. 1
62. 2
63. 2
64. 1
65. 0
66. 1
67. 2
68. 2
69. 1
70. 1
71. 2
72. 3
73. 2
74. 6
75. 1
76. 1
77. 2
78. 1
79. 2
80. 2
81. 1
82. 2
83. 1
84. 2
85. 1
86. 1
87. 1
88. 3
89. 2
90. 3
91. 5
92. 2
93. 1
94. 2
95. 4
96. 3
97. 3
98. 1
99. 2
100. 4
101. 2
102. 1
103. 3
104. 3
105. 2
106. 1
107. 1
108. 1
109. 1
110. 3
111. 3
112. 6
113. 3
114. 1
115. 3
116. 2
117. 2
118. 2
119. 2
120. 1
121. 1
122. 3
123. 1
124. 0
125. 2
126. 2
127. 2
128. 2
129. 2
130. 1
131. 2
132. 2
133. 1
134. 2
135. 2
136. 1
137. 7
138. 2
139. 2
140. 2
141. 1
142. 2
143. 3
144. 2
145. 1
146. 1
147. 2
148. 4
149. 2
150. 1
151. 1
152. 1
153. 2
154. 1
155. 1
156. 2
157. 2
158. 2
159. 4
160. 1
161. 1
162. 0
163. 3
164. 1
165. 3
166. 3
167. 1
168. 2
169. 1
170. 3
171. 2
172. 2
173. 1
174. 1
175. 2
176. 2
177. 2
178. 3
179. 2
180. 2
181. 1
182. 2
183. 1
184. 2
185. 1
186. 2
187. 1
188. 1
189. 1
190. 2
191. 2
192. 1
193. 2
194. 2
195. 1
196. 1
197. 2
198. 2
199. 2
200. 3