190.txt
1. 0
2. 2
3. 0
4. 3
5. 0
6. 0
7. 3
8. 0
9. 0
10. 2
11. 8
12. 4
13. 0
14. 0
15. 0
16. 0
17. 2
18. 0
19. 4
20. 0
21. 3
22. 0
23. 0
24. 3
25. 2
26. 0
27. 3
28. 0
29. 0
30. 6
31. 0
32. 0
33. 3
34. 0
35. 2
36. 0
37. 0
38. 0
39. 2
40. 3
41. 0
42. 0
43. 2
44. 3
45. 0
46. 2
47. 2
48. 2
49. 0
50. 3
51. 3
52. 0
53. 3
54. 7
55. 2
56. 6
57. 0
58. 3
59. 0
60. 0
61. 0
62. 2
63. 0
64. 2
65. 0
66. 5
67. 0
68. 4
69. 2
70. 0
71. 4
72. 0
73. 0
74. 4
75. 0
76. 0
77. 0
78. 2
79. 0
80. 6
81. 0
82. 3
83. 0
84. 0
85. 0
86. 0
87. 3
88. 2
89. 2
90. 3
91. 2
92. 0
93. 0
94. 2
95. 0
96. 0
97. 0
98. 0
99. 3
100. 0
101. 0
102. 2
103. 0
104. 2
105. 0
106. 0
107. 0
108. 0
109. 0
110. 0
111. 0
112. 0
113. 0
114. 0
115. 2
116. 3
117. 2
118. 4
119. 0
120. 0
121. 7
122. 2
123. 0
124. 2
125. 0
126. 3
127. 2
128. 0
129. 2
130. 0
131. 3
132. 0
133. 0
134. 2
135. 0
136. 3
137. 2
138. 0
139. 0
140. 0
141. 3
142. 0
143. 0
144. 0
145. 0
146. 0
147. 2
148. 0
149. 2
150. 2
151. 5
152. 0
153. 0
154. 4
155. 0
156. 0
157. 0
158. 0
159. 0
160. 0
161. 0
162. 0
163. 0
164. 2
165. 0
166. 3
167. 0
168. 2
169. 0
170. 2
171. 0
172. 0
173. 3
174. 2
175. 6
176. 0
177. 0
178. 0
179. 3
180. 0
181. 0
182. 0
183. 0
184. 0
185. 0
186. 3
187. 0
188. 2
189. 0
190. 3
191. 0
192. 0
193. 0
194. 0
195. 3
196. 4
197. 0
198. 0
199. 4
200. 5