1901.txt
1. 2
2. 9
3. 1
4. 0
5. 4
6. 1
7. 0
8. 3
9. 6
10. 2
11. 1
12. 5
13. 4
14. 4
15. 2
16. 1
17. 1
18. 2
19. 1
20. 0
21. 0
22. 1
23. 0
24. 2
25. 1
26. 3
27. 2
28. 1
29. 1
30. 2
31. 1
32. 2
33. 0
34. 2
35. 2
36. 0
37. 3
38. 1
39. 2
40. 3
41. 6
42. 1
43. 2
44. 1
45. 2
46. 1
47. 3
48. 1
49. 2
50. 2
51. 5
52. 3
53. 1
54. 2
55. 1
56. 1
57. 3
58. 1
59. 3
60. 1
61. 0
62. 0
63. 2
64. 2
65. 4
66. 1
67. 2
68. 1
69. 4
70. 2
71. 1
72. 2
73. 1
74. 2
75. 1
76. 3
77. 0
78. 2
79. 1
80. 1
81. 3
82. 1
83. 2
84. 2
85. 0
86. 0
87. 2
88. 2
89. 1
90. 2
91. 0
92. 2
93. 4
94. 0
95. 2
96. 1
97. 2
98. 2
99. 1
100. 2
101. 1
102. 1
103. 1
104. 3
105. 3
106. 2
107. 0
108. 2
109. 2
110. 1
111. 2
112. 2
113. 1
114. 2
115. 1
116. 3
117. 2
118. 1
119. 4
120. 2
121. 2
122. 1
123. 2
124. 3
125. 1
126. 2
127. 1
128. 0
129. 1
130. 2
131. 1
132. 4
133. 1
134. 1
135. 2
136. 2
137. 1
138. 3
139. 3
140. 1
141. 1
142. 0
143. 2
144. 2
145. 2
146. 2
147. 3
148. 4
149. 1
150. 2
151. 1
152. 4
153. 2
154. 3
155. 1
156. 3
157. 2
158. 1
159. 1
160. 1
161. 1
162. 5
163. 1
164. 1
165. 2
166. 4
167. 3
168. 2
169. 1
170. 2
171. 0
172. 3
173. 2
174. 1
175. 2
176. 1
177. 2
178. 3
179. 2
180. 1
181. 1
182. 0
183. 4
184. 2
185. 0
186. 2
187. 2
188. 4
189. 1
190. 2
191. 2
192. 3
193. 1
194. 2
195. 3
196. 1
197. 4
198. 1
199. 3
200. 2