1902.txt
1. 0
2. 0
3. 4
4. 3
5. 0
6. 0
7. 5
8. 0
9. 2
10. 2
11. 4
12. 2
13. 0
14. 3
15. 3
16. 0
17. 2
18. 0
19. 2
20. 1
21. 3
22. 1
23. 0
24. 0
25. 7
26. 2
27. 2
28. 0
29. 3
30. 5
31. 2
32. 0
33. 0
34. 0
35. 2
36. 1
37. 0
38. 2
39. 2
40. 2
41. 4
42. 1
43. 0
44. 1
45. 2
46. 1
47. 4
48. 0
49. 7
50. 3
51. 0
52. 0
53. 3
54. 1
55. 1
56. 2
57. 2
58. 2
59. 1
60. 2
61. 1
62. 3
63. 4
64. 3
65. 1
66. 2
67. 1
68. 2
69. 1
70. 4
71. 0
72. 1
73. 0
74. 0
75. 2
76. 2
77. 1
78. 1
79. 0
80. 3
81. 3
82. 2
83. 0
84. 2
85. 0
86. 2
87. 1
88. 2
89. 4
90. 2
91. 2
92. 0
93. 4
94. 4
95. 0
96. 3
97. 3
98. 2
99. 3
100. 0
101. 1
102. 1
103. 4
104. 2
105. 0
106. 1
107. 2
108. 3
109. 3
110. 0
111. 3
112. 1
113. 2
114. 3
115. 2
116. 1
117. 0
118. 0
119. 3
120. 3
121. 0
122. 1
123. 2
124. 0
125. 1
126. 0
127. 2
128. 3
129. 2
130. 1
131. 0
132. 1
133. 1
134. 2
135. 1
136. 1
137. 2
138. 3
139. 1
140. 2
141. 1
142. 1
143. 3
144. 1
145. 1
146. 2
147. 0
148. 3
149. 0
150. 1
151. 3
152. 2
153. 1
154. 1
155. 0
156. 1
157. 0
158. 0
159. 2
160. 1
161. 2
162. 1
163. 1
164. 2
165. 1
166. 3
167. 0
168. 2
169. 0
170. 2
171. 2
172. 0
173. 8
174. 7
175. 1
176. 0
177. 1
178. 1
179. 2
180. 2
181. 4
182. 1
183. 2
184. 2
185. 4
186. 1
187. 2
188. 1
189. 3
190. 1
191. 1
192. 2
193. 0
194. 1
195. 0
196. 6
197. 2
198. 0
199. 1
200. 3