1918.txt
1. 2
2. 1
3. 8
4. 2
5. 2
6. 1
7. 1
8. 2
9. 1
10. 2
11. 4
12. 3
13. 1
14. 2
15. 5
16. 1
17. 1
18. 2
19. 2
20. 3
21. 5
22. 2
23. 2
24. 1
25. 1
26. 4
27. 1
28. 4
29. 1
30. 1
31. 3
32. 3
33. 2
34. 1
35. 3
36. 1
37. 4
38. 1
39. 1
40. 6
41. 2
42. 1
43. 1
44. 3
45. 2
46. 3
47. 3
48. 3
49. 3
50. 3
51. 1
52. 5
53. 1
54. 3
55. 2
56. 4
57. 3
58. 1
59. 2
60. 5
61. 1
62. 2
63. 2
64. 2
65. 6
66. 4
67. 2
68. 1
69. 2
70. 2
71. 5
72. 4
73. 1
74. 5
75. 3
76. 4
77. 3
78. 2
79. 2
80. 2
81. 1
82. 2
83. 1
84. 2
85. 4
86. 1
87. 1
88. 3
89. 1
90. 1
91. 2
92. 1
93. 2
94. 2
95. 2
96. 2
97. 2
98. 1
99. 3
100. 1
101. 2
102. 2
103. 4
104. 2
105. 3
106. 2
107. 3
108. 4
109. 3
110. 2
111. 2
112. 1
113. 2
114. 3
115. 3
116. 2
117. 1
118. 2
119. 2
120. 3
121. 3
122. 1
123. 3
124. 2
125. 1
126. 2
127. 1
128. 3
129. 4
130. 2
131. 2
132. 2
133. 3
134. 2
135. 2
136. 2
137. 2
138. 1
139. 3
140. 3
141. 1
142. 1
143. 2
144. 4
145. 3
146. 2
147. 4
148. 3
149. 3
150. 1
151. 2
152. 1
153. 3
154. 3
155. 3
156. 3
157. 2
158. 2
159. 4
160. 3
161. 1
162. 4
163. 1
164. 1
165. 3
166. 1
167. 4
168. 3
169. 2
170. 2
171. 1
172. 4
173. 2
174. 2
175. 2
176. 3
177. 1
178. 3
179. 1
180. 3
181. 2
182. 2
183. 2
184. 3
185. 3
186. 1
187. 2
188. 3
189. 3
190. 4
191. 3
192. 1
193. 1
194. 2
195. 2
196. 2
197. 2
198. 2
199. 3
200. 3