1927.txt
1. 4
2. 2
3. 1
4. 3
5. 2
6. 1
7. 3
8. 2
9. 2
10. 3
11. 1
12. 2
13. 2
14. 4
15. 4
16. 3
17. 5
18. 4
19. 1
20. 2
21. 4
22. 1
23. 1
24. 1
25. 3
26. 1
27. 1
28. 3
29. 2
30. 3
31. 1
32. 1
33. 4
34. 2
35. 1
36. 3
37. 1
38. 3
39. 1
40. 2
41. 4
42. 1
43. 2
44. 4
45. 2
46. 2
47. 3
48. 3
49. 3
50. 1
51. 1
52. 1
53. 2
54. 4
55. 2
56. 2
57. 2
58. 2
59. 3
60. 2
61. 1
62. 1
63. 3
64. 2
65. 1
66. 5
67. 2
68. 2
69. 2
70. 3
71. 3
72. 2
73. 2
74. 3
75. 2
76. 1
77. 1
78. 3
79. 1
80. 1
81. 3
82. 4
83. 4
84. 3
85. 5
86. 1
87. 1
88. 3
89. 1
90. 1
91. 6
92. 1
93. 2
94. 4
95. 3
96. 1
97. 1
98. 2
99. 1
100. 1
101. 2
102. 1
103. 1
104. 1
105. 3
106. 1
107. 2
108. 1
109. 5
110. 3
111. 2
112. 1
113. 3
114. 2
115. 2
116. 3
117. 3
118. 1
119. 4
120. 4
121. 5
122. 1
123. 2
124. 2
125. 2
126. 3
127. 1
128. 3
129. 2
130. 1
131. 2
132. 3
133. 3
134. 1
135. 2
136. 3
137. 1
138. 2
139. 1
140. 5
141. 2
142. 3
143. 1
144. 2
145. 3
146. 2
147. 1
148. 1
149. 1
150. 1
151. 2
152. 1
153. 1
154. 2
155. 3
156. 1
157. 2
158. 1
159. 2
160. 1
161. 4
162. 2
163. 3
164. 1
165. 3
166. 2
167. 1
168. 2
169. 2
170. 3
171. 2
172. 3
173. 2
174. 3
175. 4
176. 3
177. 1
178. 1
179. 1
180. 3
181. 1
182. 1
183. 3
184. 3
185. 3
186. 2
187. 1
188. 1
189. 3
190. 3
191. 1
192. 3
193. 2
194. 2
195. 2
196. 1
197. 1
198. 1
199. 3
200. 3