1930.txt
1. 2
2. 2
3. 0
4. 1
5. 6
6. 3
7. 4
8. 2
9. 1
10. 1
11. 5
12. 1
13. 1
14. 2
15. 2
16. 0
17. 3
18. 2
19. 1
20. 1
21. 3
22. 2
23. 4
24. 1
25. 1
26. 1
27. 2
28. 1
29. 1
30. 1
31. 4
32. 2
33. 0
34. 2
35. 1
36. 2
37. 1
38. 1
39. 2
40. 2
41. 2
42. 1
43. 2
44. 1
45. 2
46. 1
47. 3
48. 5
49. 2
50. 1
51. 1
52. 1
53. 2
54. 2
55. 5
56. 2
57. 2
58. 1
59. 2
60. 3
61. 2
62. 3
63. 1
64. 2
65. 1
66. 2
67. 2
68. 1
69. 3
70. 2
71. 2
72. 2
73. 1
74. 6
75. 3
76. 1
77. 2
78. 2
79. 2
80. 2
81. 1
82. 2
83. 2
84. 3
85. 1
86. 2
87. 3
88. 1
89. 2
90. 2
91. 2
92. 3
93. 2
94. 3
95. 2
96. 1
97. 2
98. 3
99. 3
100. 2
101. 1
102. 4
103. 1
104. 3
105. 2
106. 2
107. 3
108. 2
109. 5
110. 2
111. 2
112. 2
113. 2
114. 2
115. 3
116. 1
117. 1
118. 2
119. 2
120. 3
121. 6
122. 1
123. 5
124. 2
125. 2
126. 1
127. 1
128. 2
129. 2
130. 1
131. 3
132. 2
133. 2
134. 3
135. 1
136. 2
137. 2
138. 4
139. 2
140. 1
141. 2
142. 8
143. 2
144. 2
145. 2
146. 2
147. 2
148. 3
149. 3
150. 1
151. 1
152. 2
153. 3
154. 4
155. 1
156. 1
157. 2
158. 3
159. 1
160. 2
161. 2
162. 1
163. 3
164. 2
165. 3
166. 1
167. 1
168. 2
169. 2
170. 1
171. 2
172. 2
173. 2
174. 4
175. 2
176. 1
177. 3
178. 2
179. 1
180. 4
181. 2
182. 2
183. 1
184. 2
185. 1
186. 2
187. 3
188. 1
189. 3
190. 2
191. 2
192. 4
193. 1
194. 1
195. 4
196. 2
197. 3
198. 2
199. 1
200. 2