194.txt
1. 0
2. 1
3. 2
4. 2
5. 3
6. 4
7. 3
8. 0
9. 0
10. 3
11. 0
12. 1
13. 2
14. 1
15. 1
16. 2
17. 0
18. 2
19. 1
20. 3
21. 4
22. 2
23. 4
24. 2
25. 3
26. 2
27. 1
28. 2
29. 3
30. 1
31. 2
32. 1
33. 3
34. 1
35. 4
36. 1
37. 1
38. 4
39. 2
40. 2
41. 1
42. 0
43. 2
44. 4
45. 2
46. 2
47. 1
48. 1
49. 4
50. 0
51. 2
52. 4
53. 1
54. 2
55. 2
56. 3
57. 1
58. 2
59. 2
60. 1
61. 1
62. 2
63. 1
64. 1
65. 2
66. 1
67. 2
68. 1
69. 3
70. 1
71. 0
72. 4
73. 1
74. 3
75. 2
76. 2
77. 3
78. 2
79. 3
80. 1
81. 3
82. 1
83. 1
84. 3
85. 3
86. 2
87. 1
88. 2
89. 3
90. 2
91. 1
92. 2
93. 2
94. 3
95. 3
96. 1
97. 1
98. 2
99. 2
100. 2
101. 1
102. 1
103. 3
104. 2
105. 1
106. 2
107. 3
108. 2
109. 1
110. 2
111. 1
112. 2
113. 3
114. 4
115. 1
116. 2
117. 2
118. 1
119. 2
120. 2
121. 1
122. 1
123. 5
124. 8
125. 3
126. 3
127. 2
128. 3
129. 2
130. 1
131. 2
132. 1
133. 1
134. 2
135. 1
136. 1
137. 1
138. 1
139. 2
140. 1
141. 1
142. 2
143. 4
144. 2
145. 3
146. 1
147. 2
148. 1
149. 1
150. 3
151. 2
152. 1
153. 2
154. 2
155. 2
156. 3
157. 2
158. 1
159. 1
160. 2
161. 2
162. 1
163. 2
164. 1
165. 1
166. 2
167. 3
168. 2
169. 1
170. 1
171. 1
172. 2
173. 2
174. 1
175. 1
176. 2
177. 2
178. 2
179. 1
180. 2
181. 2
182. 2
183. 3
184. 1
185. 1
186. 2
187. 2
188. 4
189. 1
190. 2
191. 1
192. 2
193. 2
194. 1
195. 2
196. 2
197. 1
198. 2
199. 1
200. 3