1946.txt
1. 2
2. 2
3. 1
4. 1
5. 1
6. 2
7. 3
8. 1
9. 3
10. 4
11. 2
12. 2
13. 3
14. 1
15. 1
16. 1
17. 2
18. 2
19. 1
20. 3
21. 2
22. 2
23. 2
24. 3
25. 2
26. 1
27. 2
28. 3
29. 4
30. 5
31. 2
32. 2
33. 1
34. 2
35. 1
36. 7
37. 2
38. 2
39. 3
40. 2
41. 2
42. 1
43. 2
44. 2
45. 1
46. 6
47. 3
48. 2
49. 2
50. 2
51. 3
52. 2
53. 1
54. 2
55. 2
56. 1
57. 3
58. 2
59. 4
60. 1
61. 1
62. 4
63. 2
64. 2
65. 2
66. 4
67. 2
68. 1
69. 1
70. 1
71. 4
72. 3
73. 2
74. 2
75. 1
76. 2
77. 2
78. 3
79. 2
80. 3
81. 2
82. 1
83. 2
84. 5
85. 2
86. 1
87. 2
88. 1
89. 3
90. 2
91. 1
92. 2
93. 6
94. 2
95. 9
96. 1
97. 1
98. 1
99. 3
100. 3
101. 2
102. 2
103. 2
104. 2
105. 1
106. 1
107. 2
108. 3
109. 2
110. 5
111. 2
112. 2
113. 2
114. 1
115. 1
116. 2
117. 1
118. 2
119. 2
120. 2
121. 3
122. 1
123. 4
124. 4
125. 3
126. 2
127. 3
128. 1
129. 1
130. 1
131. 1
132. 3
133. 2
134. 2
135. 6
136. 2
137. 2
138. 2
139. 4
140. 4
141. 2
142. 3
143. 3
144. 2
145. 2
146. 1
147. 4
148. 2
149. 2
150. 2
151. 4
152. 1
153. 3
154. 1
155. 2
156. 1
157. 3
158. 1
159. 1
160. 3
161. 3
162. 2
163. 1
164. 1
165. 1
166. 4
167. 1
168. 3
169. 1
170. 3
171. 2
172. 1
173. 1
174. 4
175. 1
176. 2
177. 5
178. 2
179. 3
180. 3
181. 2
182. 2
183. 2
184. 1
185. 2
186. 1
187. 1
188. 2
189. 2
190. 1
191. 1
192. 3
193. 1
194. 2
195. 2
196. 2
197. 1
198. 3
199. 3
200. 4