1955.txt
1. 4
2. 7
3. 1
4. 2
5. 5
6. 3
7. 2
8. 2
9. 1
10. 1
11. 4
12. 2
13. 4
14. 3
15. 1
16. 2
17. 3
18. 2
19. 2
20. 4
21. 3
22. 4
23. 3
24. 3
25. 1
26. 2
27. 3
28. 3
29. 2
30. 2
31. 2
32. 3
33. 1
34. 3
35. 2
36. 1
37. 1
38. 3
39. 1
40. 1
41. 3
42. 1
43. 3
44. 3
45. 2
46. 2
47. 2
48. 2
49. 3
50. 2
51. 1
52. 3
53. 4
54. 2
55. 2
56. 1
57. 2
58. 1
59. 3
60. 1
61. 2
62. 2
63. 3
64. 2
65. 4
66. 3
67. 2
68. 1
69. 4
70. 3
71. 2
72. 4
73. 2
74. 2
75. 3
76. 2
77. 5
78. 1
79. 3
80. 1
81. 3
82. 3
83. 2
84. 2
85. 1
86. 2
87. 3
88. 2
89. 3
90. 3
91. 2
92. 3
93. 2
94. 2
95. 2
96. 3
97. 2
98. 2
99. 3
100. 5
101. 2
102. 2
103. 2
104. 1
105. 1
106. 3
107. 2
108. 2
109. 2
110. 2
111. 1
112. 2
113. 1
114. 2
115. 1
116. 2
117. 2
118. 2
119. 3
120. 4
121. 2
122. 3
123. 3
124. 3
125. 3
126. 4
127. 2
128. 2
129. 2
130. 1
131. 3
132. 1
133. 2
134. 3
135. 1
136. 2
137. 2
138. 1
139. 2
140. 2
141. 3
142. 1
143. 3
144. 2
145. 2
146. 3
147. 2
148. 4
149. 2
150. 2
151. 10
152. 3
153. 2
154. 2
155. 2
156. 1
157. 2
158. 3
159. 1
160. 4
161. 3
162. 2
163. 2
164. 3
165. 3
166. 3
167. 2
168. 3
169. 2
170. 3
171. 2
172. 5
173. 4
174. 3
175. 2
176. 2
177. 3
178. 3
179. 2
180. 2
181. 3
182. 1
183. 2
184. 3
185. 2
186. 2
187. 2
188. 2
189. 2
190. 3
191. 2
192. 8
193. 3
194. 1
195. 2
196. 2
197. 2
198. 1
199. 3
200. 3