1960.txt
1. 0
2. 1
3. 1
4. 0
5. 0
6. 4
7. 0
8. 4
9. 2
10. 5
11. 2
12. 6
13. 0
14. 1
15. 2
16. 1
17. 3
18. 2
19. 1
20. 3
21. 3
22. 2
23. 1
24. 4
25. 1
26. 1
27. 0
28. 0
29. 1
30. 1
31. 3
32. 8
33. 1
34. 3
35. 1
36. 1
37. 2
38. 1
39. 3
40. 3
41. 4
42. 0
43. 2
44. 2
45. 0
46. 1
47. 0
48. 2
49. 5
50. 2
51. 1
52. 1
53. 2
54. 7
55. 2
56. 4
57. 2
58. 2
59. 1
60. 0
61. 1
62. 1
63. 1
64. 0
65. 0
66. 1
67. 2
68. 2
69. 3
70. 3
71. 2
72. 1
73. 1
74. 2
75. 1
76. 0
77. 1
78. 4
79. 1
80. 0
81. 2
82. 1
83. 4
84. 2
85. 2
86. 1
87. 6
88. 2
89. 3
90. 3
91. 0
92. 1
93. 2
94. 3
95. 1
96. 1
97. 1
98. 1
99. 2
100. 0
101. 2
102. 2
103. 1
104. 0
105. 2
106. 1
107. 3
108. 1
109. 1
110. 1
111. 0
112. 1
113. 3
114. 1
115. 2
116. 1
117. 2
118. 2
119. 3
120. 2
121. 2
122. 1
123. 0
124. 2
125. 3
126. 2
127. 0
128. 1
129. 3
130. 2
131. 1
132. 0
133. 0
134. 0
135. 2
136. 1
137. 1
138. 3
139. 1
140. 0
141. 1
142. 1
143. 3
144. 2
145. 1
146. 4
147. 2
148. 3
149. 1
150. 2
151. 2
152. 1
153. 2
154. 1
155. 1
156. 0
157. 1
158. 1
159. 1
160. 3
161. 2
162. 3
163. 1
164. 3
165. 0
166. 2
167. 1
168. 2
169. 1
170. 2
171. 1
172. 2
173. 1
174. 2
175. 1
176. 2
177. 2
178. 2
179. 1
180. 2
181. 2
182. 2
183. 1
184. 1
185. 4
186. 2
187. 1
188. 2
189. 1
190. 2
191. 3
192. 2
193. 0
194. 2
195. 3
196. 3
197. 2
198. 3
199. 3
200. 2