1962.txt
1. 6
2. 0
3. 1
4. 0
5. 4
6. 1
7. 5
8. 2
9. 1
10. 2
11. 0
12. 1
13. 2
14. 4
15. 1
16. 3
17. 0
18. 1
19. 5
20. 2
21. 3
22. 4
23. 3
24. 2
25. 4
26. 5
27. 2
28. 5
29. 2
30. 3
31. 1
32. 8
33. 1
34. 7
35. 1
36. 6
37. 2
38. 3
39. 1
40. 2
41. 2
42. 1
43. 1
44. 3
45. 2
46. 2
47. 3
48. 4
49. 3
50. 3
51. 6
52. 1
53. 0
54. 2
55. 1
56. 2
57. 2
58. 4
59. 1
60. 2
61. 1
62. 6
63. 4
64. 3
65. 1
66. 5
67. 2
68. 1
69. 2
70. 2
71. 2
72. 7
73. 3
74. 1
75. 3
76. 2
77. 3
78. 2
79. 4
80. 3
81. 4
82. 1
83. 1
84. 3
85. 2
86. 3
87. 2
88. 2
89. 1
90. 1
91. 2
92. 4
93. 3
94. 1
95. 1
96. 3
97. 1
98. 2
99. 3
100. 2
101. 1
102. 2
103. 5
104. 3
105. 4
106. 2
107. 1
108. 4
109. 3
110. 1
111. 2
112. 3
113. 3
114. 1
115. 4
116. 5
117. 1
118. 3
119. 4
120. 2
121. 4
122. 3
123. 2
124. 1
125. 2
126. 4
127. 2
128. 3
129. 1
130. 2
131. 3
132. 2
133. 3
134. 2
135. 4
136. 3
137. 2
138. 2
139. 1
140. 4
141. 1
142. 1
143. 2
144. 3
145. 3
146. 1
147. 2
148. 3
149. 2
150. 2
151. 2
152. 3
153. 5
154. 3
155. 1
156. 4
157. 1
158. 1
159. 3
160. 3
161. 1
162. 2
163. 4
164. 5
165. 2
166. 1
167. 1
168. 3
169. 2
170. 1
171. 1
172. 3
173. 5
174. 3
175. 1
176. 1
177. 3
178. 2
179. 6
180. 2
181. 3
182. 3
183. 1
184. 4
185. 2
186. 4
187. 3
188. 4
189. 3
190. 2
191. 2
192. 3
193. 1
194. 4
195. 4
196. 2
197. 2
198. 2
199. 3
200. 3