200.txt
1. 2
2. 1
3. 3
4. 2
5. 0
6. 3
7. 0
8. 0
9. 0
10. 1
11. 1
12. 4
13. 0
14. 2
15. 2
16. 4
17. 1
18. 1
19. 3
20. 3
21. 0
22. 1
23. 2
24. 0
25. 1
26. 3
27. 5
28. 2
29. 2
30. 2
31. 4
32. 2
33. 1
34. 6
35. 2
36. 1
37. 0
38. 4
39. 3
40. 2
41. 2
42. 1
43. 1
44. 2
45. 1
46. 3
47. 3
48. 4
49. 2
50. 2
51. 2
52. 1
53. 1
54. 2
55. 7
56. 0
57. 1
58. 2
59. 2
60. 2
61. 3
62. 1
63. 2
64. 2
65. 2
66. 1
67. 2
68. 0
69. 2
70. 4
71. 2
72. 2
73. 5
74. 1
75. 2
76. 3
77. 2
78. 1
79. 2
80. 2
81. 2
82. 1
83. 3
84. 0
85. 1
86. 3
87. 1
88. 2
89. 4
90. 3
91. 3
92. 1
93. 2
94. 3
95. 1
96. 1
97. 5
98. 1
99. 2
100. 1
101. 2
102. 2
103. 6
104. 1
105. 2
106. 3
107. 2
108. 2
109. 5
110. 2
111. 1
112. 2
113. 2
114. 1
115. 1
116. 2
117. 2
118. 3
119. 1
120. 2
121. 1
122. 3
123. 2
124. 2
125. 3
126. 1
127. 3
128. 2
129. 1
130. 1
131. 1
132. 2
133. 1
134. 1
135. 1
136. 2
137. 2
138. 1
139. 1
140. 2
141. 2
142. 2
143. 2
144. 1
145. 1
146. 1
147. 3
148. 2
149. 2
150. 3
151. 1
152. 1
153. 3
154. 2
155. 1
156. 2
157. 3
158. 1
159. 2
160. 2
161. 1
162. 4
163. 1
164. 1
165. 1
166. 2
167. 1
168. 2
169. 2
170. 2
171. 0
172. 4
173. 2
174. 2
175. 2
176. 2
177. 2
178. 2
179. 2
180. 3
181. 1
182. 3
183. 1
184. 2
185. 3
186. 2
187. 3
188. 3
189. 1
190. 2
191. 4
192. 2
193. 1
194. 1
195. 2
196. 1
197. 2
198. 1
199. 4
200. 2