2000.txt
1. 3
2. 6
3. 3
4. 1
5. 7
6. 2
7. 1
8. 1
9. 4
10. 1
11. 1
12. 1
13. 2
14. 1
15. 2
16. 2
17. 1
18. 6
19. 1
20. 5
21. 3
22. 2
23. 7
24. 2
25. 1
26. 3
27. 3
28. 1
29. 4
30. 1
31. 2
32. 1
33. 2
34. 1
35. 3
36. 1
37. 2
38. 1
39. 2
40. 3
41. 4
42. 4
43. 1
44. 3
45. 7
46. 3
47. 2
48. 5
49. 3
50. 2
51. 2
52. 1
53. 2
54. 3
55. 2
56. 5
57. 3
58. 3
59. 3
60. 3
61. 4
62. 4
63. 2
64. 2
65. 2
66. 2
67. 3
68. 2
69. 3
70. 4
71. 2
72. 4
73. 2
74. 2
75. 1
76. 3
77. 1
78. 3
79. 4
80. 2
81. 4
82. 2
83. 2
84. 3
85. 1
86. 2
87. 1
88. 3
89. 3
90. 3
91. 2
92. 2
93. 3
94. 3
95. 1
96. 4
97. 2
98. 4
99. 2
100. 3
101. 4
102. 3
103. 6
104. 3
105. 4
106. 3
107. 2
108. 2
109. 2
110. 1
111. 2
112. 1
113. 3
114. 3
115. 3
116. 2
117. 3
118. 3
119. 3
120. 4
121. 2
122. 2
123. 3
124. 2
125. 3
126. 2
127. 1
128. 2
129. 2
130. 4
131. 1
132. 1
133. 2
134. 3
135. 6
136. 3
137. 1
138. 4
139. 2
140. 3
141. 7
142. 2
143. 1
144. 4
145. 4
146. 3
147. 2
148. 7
149. 2
150. 3
151. 2
152. 1
153. 1
154. 3
155. 2
156. 3
157. 1
158. 2
159. 3
160. 5
161. 1
162. 1
163. 2
164. 3
165. 2
166. 2
167. 3
168. 1
169. 2
170. 1
171. 1
172. 2
173. 3
174. 4
175. 3
176. 3
177. 2
178. 1
179. 3
180. 4
181. 3
182. 3
183. 5
184. 1
185. 1
186. 2
187. 3
188. 4
189. 1
190. 3
191. 3
192. 3
193. 2
194. 2
195. 4
196. 3
197. 2
198. 2
199. 2
200. 2