2004.txt
1. 2
2. 1
3. 6
4. 2
5. 1
6. 5
7. 1
8. 2
9. 1
10. 4
11. 2
12. 3
13. 6
14. 3
15. 2
16. 7
17. 4
18. 1
19. 3
20. 4
21. 3
22. 4
23. 2
24. 3
25. 2
26. 4
27. 2
28. 3
29. 3
30. 2
31. 2
32. 2
33. 3
34. 2
35. 4
36. 2
37. 2
38. 1
39. 3
40. 1
41. 2
42. 1
43. 6
44. 4
45. 1
46. 3
47. 2
48. 2
49. 2
50. 2
51. 4
52. 1
53. 1
54. 3
55. 2
56. 3
57. 3
58. 4
59. 3
60. 3
61. 2
62. 2
63. 2
64. 2
65. 2
66. 3
67. 2
68. 3
69. 3
70. 3
71. 2
72. 4
73. 5
74. 2
75. 2
76. 3
77. 3
78. 2
79. 2
80. 4
81. 3
82. 2
83. 3
84. 1
85. 2
86. 2
87. 1
88. 3
89. 4
90. 2
91. 7
92. 1
93. 2
94. 2
95. 4
96. 1
97. 2
98. 5
99. 5
100. 2
101. 3
102. 2
103. 4
104. 1
105. 1
106. 3
107. 2
108. 5
109. 2
110. 4
111. 2
112. 3
113. 4
114. 3
115. 3
116. 1
117. 3
118. 2
119. 2
120. 4
121. 4
122. 1
123. 3
124. 2
125. 2
126. 2
127. 3
128. 3
129. 3
130. 2
131. 5
132. 4
133. 3
134. 3
135. 3
136. 2
137. 2
138. 1
139. 5
140. 2
141. 3
142. 2
143. 3
144. 5
145. 4
146. 1
147. 3
148. 2
149. 2
150. 1
151. 2
152. 2
153. 2
154. 3
155. 4
156. 2
157. 2
158. 2
159. 3
160. 3
161. 2
162. 1
163. 2
164. 2
165. 3
166. 3
167. 2
168. 4
169. 1
170. 4
171. 3
172. 8
173. 2
174. 2
175. 2
176. 3
177. 3
178. 2
179. 1
180. 4
181. 1
182. 2
183. 4
184. 1
185. 3
186. 3
187. 2
188. 1
189. 4
190. 2
191. 1
192. 2
193. 1
194. 4
195. 2
196. 2
197. 1
198. 3
199. 2
200. 3