2013.txt
1. 2
2. 4
3. 0
4. 3
5. 6
6. 1
7. 1
8. 0
9. 1
10. 2
11. 1
12. 1
13. 0
14. 2
15. 0
16. 4
17. 2
18. 3
19. 1
20. 3
21. 3
22. 2
23. 4
24. 5
25. 4
26. 4
27. 3
28. 0
29. 2
30. 1
31. 1
32. 2
33. 3
34. 1
35. 0
36. 3
37. 4
38. 1
39. 5
40. 2
41. 2
42. 2
43. 6
44. 2
45. 1
46. 3
47. 2
48. 2
49. 3
50. 4
51. 1
52. 2
53. 3
54. 3
55. 4
56. 2
57. 2
58. 2
59. 1
60. 1
61. 5
62. 2
63. 1
64. 3
65. 2
66. 1
67. 2
68. 3
69. 2
70. 2
71. 2
72. 1
73. 7
74. 5
75. 2
76. 5
77. 2
78. 3
79. 4
80. 1
81. 2
82. 1
83. 3
84. 3
85. 1
86. 2
87. 1
88. 4
89. 2
90. 3
91. 1
92. 2
93. 2
94. 2
95. 2
96. 2
97. 4
98. 4
99. 3
100. 3
101. 1
102. 3
103. 1
104. 1
105. 4
106. 3
107. 2
108. 2
109. 2
110. 3
111. 4
112. 2
113. 3
114. 6
115. 4
116. 1
117. 2
118. 2
119. 2
120. 2
121. 3
122. 3
123. 3
124. 2
125. 2
126. 2
127. 1
128. 1
129. 2
130. 1
131. 2
132. 4
133. 2
134. 2
135. 2
136. 5
137. 1
138. 3
139. 1
140. 1
141. 2
142. 1
143. 2
144. 4
145. 2
146. 1
147. 2
148. 3
149. 2
150. 1
151. 2
152. 3
153. 2
154. 2
155. 2
156. 2
157. 4
158. 3
159. 4
160. 2
161. 3
162. 2
163. 4
164. 2
165. 2
166. 2
167. 3
168. 1
169. 3
170. 2
171. 1
172. 2
173. 2
174. 2
175. 2
176. 3
177. 2
178. 2
179. 2
180. 1
181. 1
182. 4
183. 3
184. 2
185. 1
186. 2
187. 3
188. 3
189. 2
190. 2
191. 4
192. 4
193. 2
194. 2
195. 1
196. 1
197. 2
198. 2
199. 2
200. 4