2014.txt
1. 2
2. 3
3. 2
4. 4
5. 1
6. 1
7. 3
8. 1
9. 3
10. 1
11. 2
12. 3
13. 2
14. 3
15. 3
16. 1
17. 2
18. 2
19. 2
20. 4
21. 5
22. 3
23. 1
24. 6
25. 4
26. 2
27. 2
28. 3
29. 1
30. 4
31. 7
32. 1
33. 3
34. 2
35. 3
36. 3
37. 2
38. 2
39. 2
40. 1
41. 2
42. 3
43. 2
44. 2
45. 2
46. 3
47. 3
48. 2
49. 4
50. 3
51. 2
52. 4
53. 2
54. 3
55. 2
56. 3
57. 3
58. 3
59. 2
60. 3
61. 2
62. 3
63. 4
64. 3
65. 1
66. 2
67. 2
68. 2
69. 2
70. 1
71. 2
72. 2
73. 6
74. 1
75. 4
76. 1
77. 3
78. 3
79. 2
80. 1
81. 2
82. 1
83. 2
84. 2
85. 3
86. 7
87. 1
88. 3
89. 3
90. 4
91. 4
92. 2
93. 2
94. 2
95. 2
96. 3
97. 2
98. 2
99. 5
100. 4
101. 2
102. 3
103. 2
104. 2
105. 2
106. 2
107. 1
108. 1
109. 2
110. 2
111. 2
112. 3
113. 2
114. 5
115. 3
116. 1
117. 2
118. 3
119. 2
120. 3
121. 2
122. 2
123. 2
124. 2
125. 5
126. 3
127. 2
128. 3
129. 3
130. 2
131. 2
132. 3
133. 2
134. 4
135. 3
136. 7
137. 2
138. 5
139. 3
140. 2
141. 3
142. 3
143. 4
144. 3
145. 2
146. 2
147. 2
148. 2
149. 4
150. 5
151. 2
152. 2
153. 2
154. 3
155. 2
156. 2
157. 2
158. 2
159. 3
160. 3
161. 2
162. 2
163. 1
164. 2
165. 2
166. 3
167. 4
168. 3
169. 2
170. 2
171. 2
172. 1
173. 2
174. 2
175. 2
176. 2
177. 2
178. 5
179. 2
180. 4
181. 4
182. 3
183. 2
184. 2
185. 2
186. 3
187. 3
188. 5
189. 2
190. 2
191. 1
192. 2
193. 4
194. 2
195. 2
196. 3
197. 3
198. 3
199. 4
200. 2