2019.txt
1. 0
2. 3
3. 0
4. 0
5. 3
6. 0
7. 0
8. 0
9. 3
10. 2
11. 4
12. 0
13. 2
14. 0
15. 4
16. 0
17. 3
18. 3
19. 0
20. 3
21. 5
22. 0
23. 3
24. 0
25. 0
26. 0
27. 4
28. 3
29. 0
30. 3
31. 3
32. 0
33. 0
34. 2
35. 0
36. 0
37. 8
38. 0
39. 2
40. 0
41. 0
42. 0
43. 3
44. 0
45. 0
46. 0
47. 0
48. 2
49. 0
50. 3
51. 2
52. 2
53. 0
54. 2
55. 3
56. 0
57. 3
58. 0
59. 3
60. 0
61. 0
62. 0
63. 0
64. 4
65. 3
66. 2
67. 2
68. 0
69. 0
70. 0
71. 0
72. 0
73. 0
74. 3
75. 2
76. 4
77. 0
78. 0
79. 0
80. 2
81. 0
82. 2
83. 0
84. 3
85. 2
86. 0
87. 0
88. 0
89. 0
90. 0
91. 0
92. 0
93. 2
94. 3
95. 2
96. 0
97. 0
98. 2
99. 3
100. 3
101. 2
102. 0
103. 2
104. 3
105. 2
106. 0
107. 3
108. 0
109. 7
110. 0
111. 0
112. 0
113. 0
114. 0
115. 2
116. 0
117. 0
118. 2
119. 3
120. 3
121. 2
122. 0
123. 0
124. 0
125. 3
126. 0
127. 0
128. 0
129. 0
130. 0
131. 0
132. 0
133. 4
134. 0
135. 0
136. 2
137. 6
138. 0
139. 0
140. 0
141. 0
142. 0
143. 3
144. 2
145. 0
146. 0
147. 0
148. 0
149. 2
150. 0
151. 3
152. 4
153. 2
154. 0
155. 2
156. 2
157. 2
158. 0
159. 0
160. 4
161. 2
162. 0
163. 0
164. 2
165. 0
166. 0
167. 2
168. 0
169. 0
170. 3
171. 4
172. 0
173. 0
174. 0
175. 0
176. 0
177. 3
178. 0
179. 3
180. 0
181. 0
182. 0
183. 0
184. 2
185. 0
186. 2
187. 0
188. 3
189. 0
190. 4
191. 3
192. 0
193. 0
194. 0
195. 2
196. 0
197. 2
198. 3
199. 4
200. 0