2023.txt
1. 2
2. 1
3. 1
4. 3
5. 2
6. 2
7. 2
8. 2
9. 4
10. 2
11. 2
12. 3
13. 2
14. 2
15. 2
16. 3
17. 1
18. 2
19. 2
20. 2
21. 1
22. 2
23. 4
24. 2
25. 1
26. 3
27. 3
28. 6
29. 2
30. 3
31. 1
32. 1
33. 3
34. 3
35. 3
36. 3
37. 2
38. 3
39. 4
40. 1
41. 2
42. 2
43. 3
44. 2
45. 5
46. 2
47. 2
48. 1
49. 2
50. 2
51. 3
52. 3
53. 2
54. 3
55. 1
56. 2
57. 1
58. 2
59. 3
60. 3
61. 1
62. 1
63. 3
64. 4
65. 1
66. 2
67. 3
68. 3
69. 3
70. 3
71. 2
72. 1
73. 1
74. 2
75. 3
76. 2
77. 7
78. 2
79. 2
80. 3
81. 1
82. 5
83. 1
84. 2
85. 2
86. 3
87. 2
88. 2
89. 3
90. 1
91. 3
92. 3
93. 2
94. 3
95. 3
96. 2
97. 3
98. 3
99. 3
100. 5
101. 2
102. 2
103. 2
104. 3
105. 1
106. 2
107. 4
108. 2
109. 2
110. 1
111. 1
112. 2
113. 2
114. 9
115. 3
116. 2
117. 1
118. 4
119. 3
120. 1
121. 7
122. 1
123. 3
124. 2
125. 2
126. 2
127. 2
128. 2
129. 2
130. 2
131. 2
132. 2
133. 1
134. 2
135. 2
136. 1
137. 2
138. 2
139. 1
140. 2
141. 1
142. 2
143. 2
144. 3
145. 1
146. 2
147. 2
148. 1
149. 2
150. 2
151. 3
152. 2
153. 2
154. 2
155. 3
156. 2
157. 3
158. 1
159. 3
160. 3
161. 4
162. 2
163. 2
164. 3
165. 2
166. 1
167. 4
168. 2
169. 3
170. 7
171. 2
172. 1
173. 2
174. 2
175. 3
176. 2
177. 3
178. 2
179. 1
180. 3
181. 1
182. 2
183. 2
184. 2
185. 2
186. 2
187. 3
188. 2
189. 2
190. 3
191. 1
192. 2
193. 3
194. 3
195. 2
196. 3
197. 2
198. 5
199. 1
200. 4