2035.txt
1. 0
2. 7
3. 3
4. 0
5. 0
6. 0
7. 0
8. 2
9. 0
10. 0
11. 0
12. 0
13. 2
14. 4
15. 0
16. 2
17. 8
18. 0
19. 0
20. 4
21. 3
22. 0
23. 4
24. 0
25. 5
26. 0
27. 0
28. 0
29. 0
30. 0
31. 3
32. 2
33. 0
34. 2
35. 0
36. 0
37. 2
38. 0
39. 0
40. 6
41. 0
42. 0
43. 3
44. 0
45. 0
46. 0
47. 0
48. 4
49. 0
50. 4
51. 0
52. 2
53. 0
54. 0
55. 3
56. 2
57. 2
58. 0
59. 3
60. 2
61. 3
62. 0
63. 0
64. 2
65. 0
66. 3
67. 0
68. 2
69. 0
70. 0
71. 0
72. 5
73. 0
74. 0
75. 2
76. 0
77. 0
78. 3
79. 3
80. 0
81. 0
82. 0
83. 0
84. 2
85. 0
86. 0
87. 3
88. 0
89. 0
90. 0
91. 0
92. 0
93. 4
94. 0
95. 2
96. 0
97. 0
98. 2
99. 3
100. 0
101. 0
102. 0
103. 0
104. 0
105. 3
106. 0
107. 0
108. 0
109. 2
110. 0
111. 2
112. 0
113. 0
114. 2
115. 0
116. 0
117. 0
118. 2
119. 0
120. 3
121. 0
122. 0
123. 0
124. 0
125. 0
126. 0
127. 2
128. 0
129. 2
130. 0
131. 0
132. 0
133. 4
134. 0
135. 3
136. 0
137. 4
138. 0
139. 0
140. 0
141. 0
142. 4
143. 0
144. 0
145. 0
146. 4
147. 0
148. 0
149. 3
150. 0
151. 0
152. 0
153. 0
154. 0
155. 0
156. 0
157. 0
158. 2
159. 0
160. 0
161. 0
162. 0
163. 0
164. 0
165. 0
166. 0
167. 4
168. 0
169. 0
170. 0
171. 0
172. 0
173. 0
174. 5
175. 3
176. 0
177. 0
178. 0
179. 0
180. 0
181. 0
182. 0
183. 0
184. 0
185. 2
186. 0
187. 4
188. 0
189. 0
190. 3
191. 0
192. 0
193. 2
194. 0
195. 0
196. 0
197. 0
198. 3
199. 2
200. 3