2038.txt
1. 0
2. 3
3. 0
4. 0
5. 2
6. 0
7. 4
8. 0
9. 2
10. 0
11. 3
12. 3
13. 0
14. 2
15. 0
16. 2
17. 0
18. 0
19. 0
20. 0
21. 2
22. 5
23. 0
24. 4
25. 2
26. 0
27. 8
28. 3
29. 0
30. 2
31. 2
32. 3
33. 0
34. 0
35. 0
36. 0
37. 0
38. 2
39. 4
40. 0
41. 3
42. 5
43. 0
44. 0
45. 6
46. 0
47. 4
48. 0
49. 3
50. 3
51. 0
52. 0
53. 0
54. 0
55. 0
56. 5
57. 8
58. 0
59. 3
60. 0
61. 3
62. 0
63. 0
64. 0
65. 0
66. 3
67. 2
68. 2
69. 0
70. 2
71. 0
72. 0
73. 2
74. 3
75. 2
76. 8
77. 0
78. 4
79. 3
80. 2
81. 2
82. 0
83. 0
84. 3
85. 0
86. 2
87. 0
88. 0
89. 3
90. 3
91. 0
92. 0
93. 2
94. 2
95. 0
96. 0
97. 2
98. 0
99. 2
100. 2
101. 0
102. 0
103. 3
104. 0
105. 0
106. 2
107. 0
108. 3
109. 0
110. 0
111. 0
112. 2
113. 0
114. 2
115. 4
116. 0
117. 0
118. 0
119. 2
120. 0
121. 0
122. 4
123. 0
124. 0
125. 0
126. 2
127. 0
128. 3
129. 0
130. 0
131. 0
132. 0
133. 4
134. 2
135. 0
136. 2
137. 0
138. 2
139. 0
140. 2
141. 0
142. 0
143. 0
144. 0
145. 0
146. 0
147. 4
148. 0
149. 3
150. 2
151. 0
152. 3
153. 3
154. 3
155. 5
156. 0
157. 0
158. 0
159. 2
160. 0
161. 4
162. 0
163. 4
164. 2
165. 0
166. 0
167. 2
168. 3
169. 0
170. 0
171. 4
172. 0
173. 2
174. 0
175. 2
176. 7
177. 4
178. 4
179. 3
180. 2
181. 2
182. 0
183. 0
184. 2
185. 0
186. 3
187. 0
188. 2
189. 0
190. 0
191. 3
192. 0
193. 3
194. 3
195. 0
196. 0
197. 0
198. 3
199. 0
200. 3