2041.txt
1. 2
2. 1
3. 3
4. 2
5. 4
6. 1
7. 2
8. 2
9. 4
10. 6
11. 1
12. 2
13. 1
14. 1
15. 1
16. 5
17. 3
18. 1
19. 6
20. 2
21. 3
22. 3
23. 5
24. 7
25. 6
26. 6
27. 4
28. 3
29. 3
30. 2
31. 2
32. 2
33. 2
34. 2
35. 3
36. 3
37. 4
38. 1
39. 2
40. 3
41. 2
42. 4
43. 2
44. 2
45. 3
46. 1
47. 2
48. 6
49. 3
50. 3
51. 2
52. 1
53. 3
54. 2
55. 1
56. 2
57. 2
58. 2
59. 1
60. 2
61. 2
62. 1
63. 1
64. 1
65. 4
66. 3
67. 1
68. 2
69. 3
70. 2
71. 4
72. 3
73. 1
74. 3
75. 1
76. 3
77. 2
78. 2
79. 3
80. 2
81. 3
82. 5
83. 2
84. 2
85. 2
86. 3
87. 2
88. 2
89. 1
90. 4
91. 3
92. 1
93. 2
94. 2
95. 4
96. 3
97. 2
98. 6
99. 2
100. 4
101. 4
102. 3
103. 2
104. 1
105. 3
106. 4
107. 4
108. 2
109. 3
110. 3
111. 3
112. 3
113. 2
114. 3
115. 2
116. 3
117. 1
118. 2
119. 2
120. 5
121. 3
122. 4
123. 2
124. 2
125. 4
126. 4
127. 4
128. 4
129. 4
130. 1
131. 2
132. 2
133. 2
134. 3
135. 1
136. 2
137. 3
138. 1
139. 2
140. 3
141. 1
142. 2
143. 4
144. 2
145. 5
146. 3
147. 2
148. 2
149. 2
150. 2
151. 2
152. 2
153. 2
154. 2
155. 3
156. 2
157. 2
158. 2
159. 2
160. 2
161. 2
162. 5
163. 2
164. 3
165. 1
166. 3
167. 3
168. 2
169. 3
170. 2
171. 1
172. 3
173. 2
174. 2
175. 4
176. 2
177. 4
178. 3
179. 2
180. 3
181. 2
182. 2
183. 2
184. 2
185. 3
186. 1
187. 2
188. 3
189. 5
190. 3
191. 2
192. 3
193. 2
194. 6
195. 3
196. 4
197. 2
198. 3
199. 3
200. 6