2051.txt
1. 3
2. 1
3. 2
4. 2
5. 3
6. 2
7. 2
8. 4
9. 2
10. 2
11. 3
12. 3
13. 7
14. 2
15. 1
16. 2
17. 2
18. 4
19. 1
20. 3
21. 3
22. 3
23. 5
24. 3
25. 3
26. 1
27. 2
28. 5
29. 3
30. 6
31. 2
32. 3
33. 3
34. 3
35. 2
36. 1
37. 3
38. 2
39. 1
40. 3
41. 1
42. 6
43. 3
44. 3
45. 2
46. 3
47. 1
48. 4
49. 2
50. 2
51. 3
52. 3
53. 3
54. 2
55. 3
56. 2
57. 4
58. 4
59. 3
60. 2
61. 2
62. 3
63. 2
64. 3
65. 3
66. 2
67. 2
68. 1
69. 3
70. 2
71. 3
72. 2
73. 1
74. 3
75. 3
76. 3
77. 2
78. 3
79. 2
80. 2
81. 2
82. 3
83. 1
84. 4
85. 2
86. 2
87. 2
88. 3
89. 2
90. 3
91. 3
92. 3
93. 1
94. 2
95. 2
96. 2
97. 1
98. 3
99. 3
100. 6
101. 2
102. 2
103. 2
104. 4
105. 2
106. 3
107. 3
108. 2
109. 1
110. 3
111. 2
112. 2
113. 1
114. 3
115. 2
116. 2
117. 3
118. 3
119. 3
120. 2
121. 4
122. 3
123. 2
124. 3
125. 2
126. 2
127. 2
128. 1
129. 3
130. 3
131. 3
132. 3
133. 1
134. 3
135. 2
136. 3
137. 3
138. 2
139. 2
140. 3
141. 2
142. 2
143. 3
144. 3
145. 2
146. 1
147. 2
148. 2
149. 2
150. 2
151. 3
152. 2
153. 2
154. 3
155. 2
156. 5
157. 1
158. 2
159. 1
160. 3
161. 2
162. 2
163. 2
164. 2
165. 2
166. 3
167. 2
168. 2
169. 1
170. 2
171. 2
172. 2
173. 2
174. 4
175. 5
176. 1
177. 1
178. 2
179. 2
180. 3
181. 2
182. 2
183. 3
184. 2
185. 2
186. 3
187. 3
188. 3
189. 2
190. 3
191. 2
192. 2
193. 2
194. 2
195. 3
196. 2
197. 2
198. 2
199. 3
200. 2