2059.txt
1. 0
2. 4
3. 3
4. 1
5. 2
6. 3
7. 2
8. 3
9. 6
10. 2
11. 4
12. 2
13. 2
14. 1
15. 1
16. 0
17. 2
18. 1
19. 3
20. 7
21. 0
22. 2
23. 1
24. 3
25. 7
26. 0
27. 1
28. 5
29. 2
30. 3
31. 2
32. 1
33. 1
34. 2
35. 1
36. 6
37. 2
38. 4
39. 2
40. 2
41. 4
42. 4
43. 2
44. 1
45. 1
46. 3
47. 2
48. 2
49. 2
50. 1
51. 2
52. 7
53. 1
54. 2
55. 1
56. 2
57. 2
58. 2
59. 1
60. 3
61. 1
62. 1
63. 1
64. 2
65. 1
66. 0
67. 1
68. 3
69. 3
70. 1
71. 3
72. 2
73. 2
74. 2
75. 2
76. 1
77. 3
78. 2
79. 2
80. 3
81. 1
82. 2
83. 1
84. 1
85. 3
86. 2
87. 2
88. 2
89. 5
90. 4
91. 1
92. 4
93. 1
94. 2
95. 1
96. 2
97. 1
98. 2
99. 1
100. 2
101. 2
102. 2
103. 1
104. 2
105. 2
106. 2
107. 1
108. 3
109. 2
110. 1
111. 1
112. 2
113. 1
114. 2
115. 1
116. 1
117. 3
118. 3
119. 2
120. 3
121. 2
122. 2
123. 1
124. 2
125. 4
126. 1
127. 1
128. 2
129. 1
130. 2
131. 2
132. 4
133. 2
134. 3
135. 3
136. 2
137. 1
138. 2
139. 2
140. 2
141. 3
142. 2
143. 1
144. 3
145. 2
146. 3
147. 1
148. 2
149. 1
150. 2
151. 1
152. 1
153. 3
154. 3
155. 3
156. 2
157. 1
158. 2
159. 2
160. 3
161. 1
162. 3
163. 1
164. 1
165. 1
166. 1
167. 2
168. 1
169. 2
170. 2
171. 2
172. 2
173. 2
174. 1
175. 3
176. 4
177. 2
178. 3
179. 2
180. 3
181. 1
182. 2
183. 3
184. 2
185. 3
186. 2
187. 1
188. 4
189. 2
190. 2
191. 1
192. 3
193. 1
194. 2
195. 1
196. 4
197. 2
198. 5
199. 4
200. 3