2069.txt
1. 2
2. 4
3. 3
4. 1
5. 5
6. 1
7. 1
8. 3
9. 2
10. 2
11. 1
12. 1
13. 4
14. 2
15. 4
16. 1
17. 3
18. 2
19. 6
20. 4
21. 1
22. 2
23. 3
24. 1
25. 1
26. 2
27. 2
28. 3
29. 1
30. 2
31. 4
32. 2
33. 2
34. 3
35. 1
36. 2
37. 3
38. 3
39. 2
40. 3
41. 1
42. 2
43. 2
44. 4
45. 2
46. 2
47. 2
48. 2
49. 2
50. 2
51. 5
52. 2
53. 4
54. 2
55. 3
56. 3
57. 2
58. 2
59. 2
60. 2
61. 3
62. 3
63. 2
64. 3
65. 2
66. 1
67. 2
68. 1
69. 3
70. 2
71. 2
72. 2
73. 2
74. 2
75. 4
76. 2
77. 2
78. 1
79. 1
80. 4
81. 1
82. 3
83. 2
84. 3
85. 3
86. 3
87. 1
88. 2
89. 1
90. 2
91. 3
92. 4
93. 2
94. 5
95. 2
96. 2
97. 2
98. 1
99. 2
100. 2
101. 2
102. 1
103. 2
104. 1
105. 3
106. 2
107. 3
108. 3
109. 2
110. 2
111. 1
112. 1
113. 2
114. 2
115. 3
116. 2
117. 2
118. 2
119. 3
120. 4
121. 2
122. 2
123. 2
124. 2
125. 1
126. 2
127. 1
128. 1
129. 1
130. 2
131. 2
132. 4
133. 2
134. 1
135. 2
136. 2
137. 2
138. 1
139. 2
140. 3
141. 2
142. 1
143. 2
144. 2
145. 2
146. 2
147. 4
148. 2
149. 2
150. 3
151. 1
152. 1
153. 3
154. 2
155. 1
156. 2
157. 2
158. 3
159. 2
160. 2
161. 1
162. 1
163. 2
164. 1
165. 3
166. 2
167. 2
168. 2
169. 3
170. 2
171. 2
172. 2
173. 2
174. 1
175. 1
176. 2
177. 2
178. 1
179. 2
180. 3
181. 3
182. 2
183. 3
184. 2
185. 2
186. 1
187. 3
188. 2
189. 1
190. 2
191. 3
192. 2
193. 4
194. 2
195. 2
196. 1
197. 3
198. 1
199. 1
200. 1