2073.txt
1. 3
2. 0
3. 1
4. 4
5. 3
6. 4
7. 8
8. 2
9. 3
10. 0
11. 2
12. 1
13. 0
14. 4
15. 1
16. 3
17. 2
18. 1
19. 0
20. 4
21. 4
22. 2
23. 1
24. 3
25. 3
26. 2
27. 2
28. 1
29. 1
30. 2
31. 1
32. 5
33. 3
34. 1
35. 3
36. 1
37. 3
38. 0
39. 3
40. 1
41. 2
42. 2
43. 1
44. 2
45. 0
46. 1
47. 4
48. 2
49. 3
50. 2
51. 2
52. 1
53. 2
54. 8
55. 5
56. 2
57. 3
58. 2
59. 4
60. 4
61. 2
62. 1
63. 1
64. 1
65. 4
66. 2
67. 2
68. 1
69. 3
70. 2
71. 3
72. 1
73. 3
74. 2
75. 0
76. 3
77. 3
78. 2
79. 3
80. 1
81. 2
82. 2
83. 1
84. 1
85. 2
86. 2
87. 2
88. 1
89. 2
90. 2
91. 1
92. 3
93. 3
94. 3
95. 3
96. 2
97. 2
98. 3
99. 1
100. 3
101. 2
102. 1
103. 2
104. 2
105. 3
106. 2
107. 2
108. 1
109. 1
110. 3
111. 2
112. 2
113. 0
114. 1
115. 5
116. 1
117. 3
118. 1
119. 4
120. 2
121. 1
122. 3
123. 2
124. 3
125. 2
126. 4
127. 2
128. 1
129. 2
130. 2
131. 2
132. 3
133. 1
134. 1
135. 1
136. 2
137. 2
138. 2
139. 4
140. 2
141. 2
142. 1
143. 1
144. 4
145. 2
146. 3
147. 2
148. 2
149. 1
150. 2
151. 2
152. 4
153. 1
154. 2
155. 1
156. 3
157. 4
158. 2
159. 1
160. 3
161. 2
162. 3
163. 2
164. 3
165. 1
166. 2
167. 2
168. 2
169. 1
170. 1
171. 2
172. 1
173. 2
174. 2
175. 3
176. 2
177. 3
178. 1
179. 1
180. 1
181. 1
182. 1
183. 2
184. 2
185. 3
186. 3
187. 2
188. 2
189. 2
190. 2
191. 3
192. 4
193. 1
194. 2
195. 3
196. 1
197. 2
198. 2
199. 1
200. 3