2079.txt
1. 3
2. 1
3. 2
4. 2
5. 1
6. 1
7. 4
8. 1
9. 2
10. 1
11. 3
12. 1
13. 2
14. 4
15. 1
16. 2
17. 1
18. 0
19. 2
20. 1
21. 0
22. 1
23. 8
24. 1
25. 1
26. 1
27. 3
28. 1
29. 2
30. 2
31. 2
32. 1
33. 2
34. 2
35. 1
36. 1
37. 4
38. 2
39. 1
40. 4
41. 2
42. 2
43. 2
44. 3
45. 2
46. 1
47. 1
48. 2
49. 1
50. 2
51. 3
52. 4
53. 1
54. 2
55. 3
56. 2
57. 1
58. 1
59. 1
60. 2
61. 2
62. 2
63. 1
64. 2
65. 2
66. 1
67. 3
68. 2
69. 1
70. 1
71. 3
72. 4
73. 2
74. 3
75. 2
76. 1
77. 2
78. 1
79. 2
80. 1
81. 1
82. 2
83. 2
84. 2
85. 2
86. 3
87. 3
88. 2
89. 3
90. 1
91. 1
92. 3
93. 1
94. 2
95. 1
96. 1
97. 1
98. 4
99. 2
100. 1
101. 3
102. 2
103. 1
104. 3
105. 1
106. 2
107. 2
108. 1
109. 5
110. 3
111. 2
112. 1
113. 2
114. 1
115. 1
116. 3
117. 2
118. 1
119. 1
120. 2
121. 1
122. 2
123. 2
124. 1
125. 3
126. 1
127. 2
128. 1
129. 2
130. 2
131. 2
132. 2
133. 2
134. 1
135. 1
136. 3
137. 1
138. 2
139. 2
140. 2
141. 2
142. 1
143. 2
144. 2
145. 2
146. 1
147. 2
148. 3
149. 2
150. 1
151. 2
152. 1
153. 1
154. 1
155. 2
156. 2
157. 3
158. 2
159. 2
160. 2
161. 2
162. 3
163. 1
164. 2
165. 2
166. 2
167. 2
168. 3
169. 1
170. 1
171. 2
172. 1
173. 2
174. 1
175. 7
176. 1
177. 1
178. 2
179. 2
180. 2
181. 2
182. 1
183. 3
184. 1
185. 1
186. 1
187. 4
188. 7
189. 2
190. 2
191. 1
192. 1
193. 1
194. 3
195. 1
196. 1
197. 3
198. 1
199. 1
200. 1