208.txt
1. 2
2. 1
3. 2
4. 1
5. 3
6. 2
7. 4
8. 10
9. 4
10. 2
11. 3
12. 3
13. 1
14. 1
15. 2
16. 4
17. 3
18. 2
19. 3
20. 3
21. 2
22. 2
23. 2
24. 1
25. 2
26. 3
27. 4
28. 4
29. 1
30. 3
31. 4
32. 2
33. 2
34. 3
35. 1
36. 2
37. 3
38. 2
39. 3
40. 1
41. 2
42. 1
43. 2
44. 2
45. 2
46. 2
47. 2
48. 2
49. 2
50. 3
51. 4
52. 2
53. 2
54. 3
55. 2
56. 2
57. 3
58. 3
59. 3
60. 5
61. 2
62. 3
63. 3
64. 2
65. 3
66. 2
67. 2
68. 2
69. 2
70. 4
71. 2
72. 2
73. 6
74. 3
75. 3
76. 3
77. 2
78. 3
79. 2
80. 5
81. 2
82. 2
83. 2
84. 3
85. 2
86. 5
87. 3
88. 3
89. 2
90. 3
91. 2
92. 2
93. 2
94. 3
95. 3
96. 2
97. 2
98. 2
99. 3
100. 1
101. 3
102. 2
103. 2
104. 3
105. 2
106. 2
107. 2
108. 3
109. 2
110. 3
111. 2
112. 2
113. 2
114. 3
115. 2
116. 2
117. 2
118. 2
119. 2
120. 2
121. 2
122. 2
123. 2
124. 2
125. 2
126. 5
127. 2
128. 2
129. 2
130. 2
131. 2
132. 4
133. 2
134. 4
135. 2
136. 3
137. 1
138. 2
139. 2
140. 3
141. 2
142. 4
143. 1
144. 4
145. 2
146. 2
147. 2
148. 2
149. 2
150. 1
151. 3
152. 2
153. 3
154. 2
155. 2
156. 2
157. 3
158. 3
159. 2
160. 2
161. 3
162. 2
163. 3
164. 3
165. 3
166. 2
167. 3
168. 2
169. 4
170. 2
171. 2
172. 2
173. 2
174. 4
175. 2
176. 1
177. 1
178. 3
179. 2
180. 2
181. 1
182. 2
183. 3
184. 2
185. 2
186. 2
187. 3
188. 3
189. 2
190. 3
191. 2
192. 2
193. 4
194. 2
195. 2
196. 2
197. 4
198. 3
199. 3
200. 3