2088.txt
1. 0
2. 1
3. 4
4. 0
5. 1
6. 2
7. 2
8. 1
9. 2
10. 3
11. 2
12. 3
13. 2
14. 3
15. 2
16. 0
17. 2
18. 6
19. 3
20. 2
21. 1
22. 3
23. 4
24. 1
25. 1
26. 1
27. 3
28. 0
29. 1
30. 0
31. 2
32. 1
33. 0
34. 4
35. 0
36. 0
37. 3
38. 1
39. 1
40. 0
41. 1
42. 2
43. 2
44. 1
45. 0
46. 1
47. 1
48. 2
49. 2
50. 1
51. 0
52. 2
53. 1
54. 0
55. 3
56. 2
57. 1
58. 2
59. 1
60. 3
61. 0
62. 3
63. 2
64. 1
65. 2
66. 2
67. 1
68. 3
69. 1
70. 1
71. 0
72. 1
73. 1
74. 3
75. 2
76. 3
77. 0
78. 1
79. 1
80. 1
81. 1
82. 3
83. 1
84. 1
85. 4
86. 1
87. 0
88. 2
89. 1
90. 2
91. 0
92. 3
93. 2
94. 2
95. 1
96. 2
97. 2
98. 2
99. 5
100. 3
101. 0
102. 1
103. 1
104. 0
105. 1
106. 2
107. 0
108. 1
109. 0
110. 2
111. 1
112. 2
113. 3
114. 1
115. 1
116. 1
117. 0
118. 2
119. 1
120. 3
121. 1
122. 1
123. 0
124. 1
125. 1
126. 1
127. 1
128. 3
129. 3
130. 1
131. 4
132. 2
133. 0
134. 1
135. 6
136. 1
137. 1
138. 2
139. 1
140. 2
141. 2
142. 0
143. 1
144. 4
145. 3
146. 3
147. 1
148. 1
149. 1
150. 2
151. 3
152. 1
153. 1
154. 1
155. 1
156. 2
157. 3
158. 2
159. 1
160. 1
161. 3
162. 1
163. 2
164. 2
165. 2
166. 1
167. 0
168. 1
169. 1
170. 3
171. 2
172. 1
173. 1
174. 1
175. 2
176. 1
177. 1
178. 1
179. 1
180. 2
181. 4
182. 0
183. 1
184. 2
185. 1
186. 2
187. 3
188. 2
189. 1
190. 1
191. 2
192. 2
193. 1
194. 0
195. 1
196. 1
197. 1
198. 2
199. 2
200. 2