2092.txt
1. 2
2. 4
3. 1
4. 3
5. 4
6. 2
7. 4
8. 2
9. 1
10. 1
11. 2
12. 1
13. 5
14. 1
15. 3
16. 3
17. 6
18. 1
19. 2
20. 2
21. 4
22. 2
23. 1
24. 3
25. 4
26. 2
27. 4
28. 3
29. 1
30. 2
31. 2
32. 2
33. 3
34. 2
35. 2
36. 3
37. 4
38. 3
39. 4
40. 2
41. 3
42. 2
43. 2
44. 3
45. 1
46. 2
47. 3
48. 3
49. 2
50. 3
51. 4
52. 1
53. 2
54. 3
55. 8
56. 2
57. 2
58. 4
59. 1
60. 2
61. 2
62. 4
63. 2
64. 2
65. 4
66. 3
67. 7
68. 3
69. 3
70. 2
71. 2
72. 2
73. 3
74. 3
75. 4
76. 2
77. 2
78. 3
79. 2
80. 3
81. 2
82. 4
83. 5
84. 2
85. 3
86. 5
87. 3
88. 2
89. 2
90. 2
91. 2
92. 2
93. 4
94. 3
95. 2
96. 2
97. 4
98. 2
99. 2
100. 4
101. 3
102. 1
103. 2
104. 3
105. 2
106. 3
107. 2
108. 4
109. 3
110. 5
111. 2
112. 4
113. 2
114. 3
115. 3
116. 2
117. 3
118. 3
119. 3
120. 2
121. 2
122. 2
123. 3
124. 4
125. 3
126. 3
127. 2
128. 2
129. 1
130. 2
131. 5
132. 1
133. 3
134. 2
135. 5
136. 2
137. 2
138. 1
139. 2
140. 2
141. 2
142. 2
143. 2
144. 2
145. 3
146. 2
147. 3
148. 3
149. 2
150. 2
151. 2
152. 2
153. 2
154. 5
155. 3
156. 2
157. 3
158. 2
159. 3
160. 2
161. 3
162. 2
163. 2
164. 2
165. 2
166. 3
167. 2
168. 3
169. 1
170. 2
171. 5
172. 2
173. 2
174. 2
175. 2
176. 2
177. 1
178. 2
179. 1
180. 3
181. 1
182. 4
183. 2
184. 1
185. 3
186. 2
187. 2
188. 2
189. 2
190. 2
191. 2
192. 3
193. 2
194. 3
195. 2
196. 2
197. 4
198. 4
199. 3
200. 3