2098.txt
1. 0
2. 3
3. 0
4. 0
5. 0
6. 2
7. 4
8. 1
9. 3
10. 1
11. 1
12. 4
13. 8
14. 1
15. 2
16. 0
17. 4
18. 1
19. 0
20. 1
21. 0
22. 0
23. 2
24. 1
25. 1
26. 3
27. 0
28. 4
29. 2
30. 2
31. 3
32. 6
33. 3
34. 2
35. 2
36. 2
37. 1
38. 2
39. 0
40. 0
41. 3
42. 1
43. 2
44. 1
45. 1
46. 1
47. 1
48. 3
49. 2
50. 1
51. 0
52. 1
53. 0
54. 1
55. 1
56. 2
57. 3
58. 2
59. 2
60. 1
61. 0
62. 1
63. 7
64. 2
65. 2
66. 3
67. 3
68. 0
69. 4
70. 3
71. 1
72. 1
73. 2
74. 2
75. 2
76. 3
77. 2
78. 0
79. 0
80. 1
81. 3
82. 7
83. 1
84. 2
85. 1
86. 2
87. 2
88. 1
89. 1
90. 3
91. 2
92. 1
93. 1
94. 1
95. 1
96. 2
97. 1
98. 2
99. 1
100. 2
101. 3
102. 3
103. 5
104. 2
105. 1
106. 2
107. 2
108. 2
109. 0
110. 1
111. 7
112. 2
113. 3
114. 2
115. 1
116. 2
117. 2
118. 4
119. 1
120. 1
121. 3
122. 1
123. 1
124. 3
125. 1
126. 3
127. 1
128. 2
129. 2
130. 4
131. 2
132. 3
133. 1
134. 4
135. 5
136. 0
137. 2
138. 1
139. 2
140. 1
141. 1
142. 2
143. 3
144. 1
145. 3
146. 1
147. 1
148. 2
149. 2
150. 3
151. 3
152. 2
153. 2
154. 3
155. 2
156. 1
157. 2
158. 2
159. 1
160. 2
161. 1
162. 1
163. 1
164. 1
165. 2
166. 1
167. 2
168. 0
169. 1
170. 2
171. 3
172. 3
173. 2
174. 2
175. 1
176. 3
177. 1
178. 1
179. 2
180. 1
181. 3
182. 3
183. 2
184. 2
185. 2
186. 2
187. 2
188. 4
189. 0
190. 3
191. 1
192. 2
193. 1
194. 2
195. 1
196. 2
197. 3
198. 1
199. 2
200. 3