2104.txt
1. 4
2. 8
3. 2
4. 3
5. 1
6. 1
7. 5
8. 0
9. 6
10. 3
11. 2
12. 2
13. 1
14. 0
15. 8
16. 3
17. 3
18. 2
19. 2
20. 0
21. 3
22. 1
23. 3
24. 2
25. 3
26. 1
27. 2
28. 1
29. 2
30. 3
31. 1
32. 2
33. 1
34. 4
35. 1
36. 2
37. 3
38. 2
39. 4
40. 4
41. 2
42. 3
43. 1
44. 1
45. 3
46. 1
47. 3
48. 2
49. 3
50. 2
51. 2
52. 1
53. 3
54. 3
55. 1
56. 3
57. 1
58. 4
59. 2
60. 2
61. 3
62. 2
63. 3
64. 3
65. 2
66. 2
67. 4
68. 1
69. 1
70. 2
71. 2
72. 2
73. 4
74. 2
75. 2
76. 1
77. 3
78. 3
79. 1
80. 3
81. 2
82. 4
83. 2
84. 2
85. 3
86. 2
87. 4
88. 3
89. 7
90. 2
91. 3
92. 1
93. 4
94. 5
95. 2
96. 3
97. 1
98. 2
99. 5
100. 2
101. 1
102. 1
103. 3
104. 1
105. 3
106. 2
107. 2
108. 2
109. 4
110. 2
111. 7
112. 5
113. 1
114. 3
115. 2
116. 2
117. 3
118. 2
119. 2
120. 1
121. 2
122. 3
123. 3
124. 6
125. 2
126. 2
127. 2
128. 3
129. 3
130. 2
131. 1
132. 4
133. 2
134. 1
135. 2
136. 1
137. 3
138. 1
139. 3
140. 3
141. 2
142. 1
143. 2
144. 3
145. 2
146. 2
147. 3
148. 3
149. 3
150. 2
151. 2
152. 3
153. 8
154. 1
155. 2
156. 2
157. 2
158. 2
159. 1
160. 3
161. 2
162. 2
163. 1
164. 2
165. 4
166. 1
167. 6
168. 1
169. 1
170. 2
171. 3
172. 1
173. 1
174. 2
175. 3
176. 2
177. 2
178. 3
179. 2
180. 1
181. 1
182. 2
183. 2
184. 2
185. 4
186. 3
187. 2
188. 3
189. 4
190. 3
191. 2
192. 3
193. 2
194. 3
195. 4
196. 3
197. 1
198. 1
199. 2
200. 5