2114.txt
1. 2
2. 1
3. 2
4. 1
5. 6
6. 10
7. 1
8. 2
9. 2
10. 3
11. 3
12. 1
13. 1
14. 1
15. 2
16. 2
17. 3
18. 1
19. 2
20. 1
21. 1
22. 2
23. 4
24. 2
25. 5
26. 1
27. 1
28. 3
29. 2
30. 3
31. 1
32. 2
33. 2
34. 2
35. 3
36. 2
37. 2
38. 2
39. 3
40. 1
41. 2
42. 1
43. 4
44. 1
45. 1
46. 2
47. 2
48. 2
49. 3
50. 2
51. 1
52. 2
53. 2
54. 1
55. 4
56. 1
57. 3
58. 2
59. 2
60. 2
61. 1
62. 2
63. 2
64. 1
65. 2
66. 1
67. 2
68. 3
69. 2
70. 2
71. 2
72. 2
73. 1
74. 2
75. 2
76. 4
77. 4
78. 1
79. 3
80. 3
81. 3
82. 3
83. 3
84. 2
85. 1
86. 2
87. 1
88. 2
89. 1
90. 1
91. 7
92. 3
93. 2
94. 2
95. 2
96. 2
97. 2
98. 2
99. 2
100. 1
101. 2
102. 3
103. 1
104. 2
105. 1
106. 2
107. 3
108. 3
109. 3
110. 1
111. 2
112. 3
113. 1
114. 4
115. 1
116. 1
117. 1
118. 2
119. 3
120. 2
121. 9
122. 1
123. 1
124. 2
125. 2
126. 1
127. 3
128. 1
129. 2
130. 1
131. 2
132. 2
133. 3
134. 1
135. 2
136. 1
137. 1
138. 3
139. 2
140. 2
141. 1
142. 1
143. 1
144. 1
145. 3
146. 2
147. 1
148. 4
149. 2
150. 3
151. 4
152. 2
153. 3
154. 1
155. 1
156. 1
157. 2
158. 1
159. 3
160. 1
161. 1
162. 1
163. 1
164. 1
165. 2
166. 1
167. 1
168. 3
169. 2
170. 2
171. 1
172. 1
173. 1
174. 2
175. 3
176. 2
177. 3
178. 1
179. 2
180. 1
181. 2
182. 2
183. 1
184. 2
185. 5
186. 2
187. 1
188. 2
189. 2
190. 1
191. 2
192. 2
193. 2
194. 2
195. 2
196. 3
197. 2
198. 1
199. 1
200. 2