2122.txt
1. 7
2. 2
3. 1
4. 2
5. 4
6. 3
7. 1
8. 4
9. 3
10. 3
11. 6
12. 4
13. 5
14. 4
15. 5
16. 2
17. 4
18. 2
19. 4
20. 5
21. 1
22. 7
23. 5
24. 3
25. 2
26. 2
27. 3
28. 3
29. 5
30. 3
31. 2
32. 4
33. 1
34. 4
35. 1
36. 4
37. 2
38. 4
39. 3
40. 3
41. 2
42. 1
43. 3
44. 3
45. 4
46. 3
47. 2
48. 1
49. 3
50. 3
51. 4
52. 3
53. 3
54. 1
55. 4
56. 2
57. 4
58. 2
59. 3
60. 4
61. 2
62. 3
63. 3
64. 2
65. 3
66. 1
67. 1
68. 3
69. 4
70. 4
71. 2
72. 6
73. 3
74. 3
75. 4
76. 1
77. 2
78. 2
79. 3
80. 2
81. 3
82. 4
83. 1
84. 4
85. 7
86. 4
87. 4
88. 2
89. 2
90. 3
91. 1
92. 1
93. 4
94. 1
95. 3
96. 4
97. 3
98. 2
99. 3
100. 4
101. 3
102. 3
103. 3
104. 3
105. 3
106. 4
107. 5
108. 3
109. 1
110. 5
111. 3
112. 3
113. 4
114. 3
115. 2
116. 2
117. 5
118. 1
119. 2
120. 3
121. 2
122. 2
123. 1
124. 3
125. 2
126. 3
127. 4
128. 4
129. 2
130. 2
131. 2
132. 1
133. 3
134. 3
135. 2
136. 3
137. 2
138. 3
139. 4
140. 2
141. 1
142. 1
143. 2
144. 2
145. 1
146. 3
147. 3
148. 3
149. 4
150. 4
151. 4
152. 3
153. 2
154. 6
155. 4
156. 2
157. 3
158. 5
159. 1
160. 2
161. 3
162. 2
163. 3
164. 2
165. 3
166. 4
167. 2
168. 3
169. 3
170. 3
171. 3
172. 3
173. 1
174. 2
175. 2
176. 4
177. 5
178. 3
179. 3
180. 2
181. 8
182. 6
183. 3
184. 2
185. 3
186. 2
187. 3
188. 3
189. 3
190. 5
191. 3
192. 4
193. 5
194. 2
195. 2
196. 2
197. 2
198. 4
199. 2
200. 4