2123.txt
1. 3
2. 0
3. 2
4. 0
5. 4
6. 1
7. 5
8. 3
9. 0
10. 1
11. 4
12. 2
13. 1
14. 3
15. 0
16. 1
17. 1
18. 4
19. 1
20. 3
21. 1
22. 1
23. 2
24. 1
25. 4
26. 1
27. 1
28. 1
29. 4
30. 3
31. 2
32. 3
33. 2
34. 4
35. 0
36. 2
37. 5
38. 1
39. 1
40. 2
41. 0
42. 4
43. 2
44. 2
45. 3
46. 1
47. 2
48. 1
49. 2
50. 2
51. 5
52. 1
53. 3
54. 3
55. 2
56. 1
57. 0
58. 3
59. 1
60. 2
61. 1
62. 2
63. 2
64. 3
65. 2
66. 3
67. 2
68. 2
69. 4
70. 2
71. 1
72. 1
73. 4
74. 1
75. 3
76. 1
77. 1
78. 1
79. 3
80. 0
81. 1
82. 1
83. 3
84. 7
85. 1
86. 7
87. 3
88. 2
89. 1
90. 2
91. 3
92. 3
93. 2
94. 1
95. 2
96. 2
97. 2
98. 2
99. 2
100. 2
101. 2
102. 3
103. 4
104. 2
105. 0
106. 2
107. 1
108. 3
109. 2
110. 2
111. 3
112. 2
113. 2
114. 1
115. 3
116. 1
117. 2
118. 3
119. 3
120. 1
121. 1
122. 1
123. 2
124. 1
125. 3
126. 1
127. 2
128. 1
129. 1
130. 1
131. 4
132. 2
133. 1
134. 2
135. 2
136. 0
137. 1
138. 1
139. 1
140. 2
141. 2
142. 2
143. 1
144. 4
145. 2
146. 2
147. 3
148. 1
149. 1
150. 2
151. 4
152. 2
153. 2
154. 1
155. 2
156. 1
157. 2
158. 3
159. 2
160. 2
161. 3
162. 1
163. 2
164. 1
165. 1
166. 2
167. 2
168. 2
169. 1
170. 1
171. 2
172. 2
173. 1
174. 1
175. 2
176. 2
177. 4
178. 4
179. 3
180. 2
181. 3
182. 2
183. 4
184. 1
185. 2
186. 2
187. 2
188. 3
189. 2
190. 3
191. 2
192. 2
193. 2
194. 2
195. 1
196. 1
197. 3
198. 5
199. 2
200. 3