2133.txt
1. 3
2. 4
3. 2
4. 1
5. 2
6. 6
7. 3
8. 4
9. 1
10. 5
11. 3
12. 2
13. 4
14. 2
15. 4
16. 2
17. 3
18. 4
19. 3
20. 4
21. 7
22. 2
23. 1
24. 5
25. 3
26. 2
27. 2
28. 2
29. 3
30. 2
31. 2
32. 1
33. 2
34. 3
35. 2
36. 2
37. 1
38. 4
39. 1
40. 3
41. 4
42. 3
43. 2
44. 2
45. 3
46. 3
47. 5
48. 2
49. 5
50. 3
51. 2
52. 3
53. 2
54. 4
55. 2
56. 4
57. 2
58. 2
59. 3
60. 3
61. 3
62. 3
63. 2
64. 3
65. 1
66. 3
67. 1
68. 1
69. 2
70. 3
71. 1
72. 2
73. 2
74. 4
75. 4
76. 1
77. 1
78. 2
79. 5
80. 3
81. 3
82. 2
83. 2
84. 4
85. 1
86. 4
87. 7
88. 3
89. 3
90. 3
91. 3
92. 2
93. 2
94. 2
95. 3
96. 3
97. 3
98. 1
99. 3
100. 4
101. 3
102. 1
103. 2
104. 3
105. 2
106. 3
107. 2
108. 2
109. 2
110. 2
111. 3
112. 1
113. 2
114. 3
115. 2
116. 4
117. 1
118. 3
119. 5
120. 3
121. 1
122. 1
123. 5
124. 4
125. 3
126. 4
127. 4
128. 5
129. 2
130. 2
131. 2
132. 2
133. 2
134. 1
135. 3
136. 2
137. 3
138. 2
139. 3
140. 2
141. 3
142. 2
143. 3
144. 2
145. 3
146. 2
147. 2
148. 3
149. 2
150. 2
151. 3
152. 2
153. 2
154. 1
155. 2
156. 3
157. 3
158. 3
159. 2
160. 3
161. 2
162. 2
163. 2
164. 3
165. 4
166. 1
167. 1
168. 2
169. 2
170. 2
171. 4
172. 3
173. 1
174. 4
175. 2
176. 2
177. 2
178. 3
179. 3
180. 2
181. 3
182. 2
183. 4
184. 2
185. 2
186. 1
187. 3
188. 4
189. 3
190. 3
191. 3
192. 2
193. 3
194. 2
195. 3
196. 2
197. 3
198. 4
199. 3
200. 2