2134.txt
1. 2
2. 1
3. 4
4. 1
5. 2
6. 1
7. 1
8. 4
9. 5
10. 5
11. 3
12. 3
13. 1
14. 1
15. 1
16. 2
17. 7
18. 3
19. 3
20. 2
21. 4
22. 2
23. 3
24. 5
25. 3
26. 2
27. 2
28. 2
29. 8
30. 4
31. 5
32. 1
33. 2
34. 2
35. 2
36. 3
37. 1
38. 2
39. 1
40. 2
41. 2
42. 3
43. 6
44. 3
45. 2
46. 4
47. 1
48. 1
49. 2
50. 3
51. 3
52. 1
53. 3
54. 4
55. 3
56. 2
57. 3
58. 6
59. 4
60. 3
61. 4
62. 1
63. 2
64. 3
65. 4
66. 3
67. 1
68. 2
69. 4
70. 2
71. 3
72. 3
73. 1
74. 2
75. 4
76. 2
77. 3
78. 2
79. 1
80. 1
81. 1
82. 2
83. 2
84. 2
85. 1
86. 1
87. 3
88. 1
89. 2
90. 3
91. 2
92. 3
93. 1
94. 3
95. 3
96. 1
97. 3
98. 2
99. 2
100. 2
101. 5
102. 4
103. 3
104. 2
105. 3
106. 2
107. 3
108. 1
109. 5
110. 3
111. 1
112. 2
113. 5
114. 3
115. 1
116. 2
117. 2
118. 3
119. 2
120. 7
121. 1
122. 3
123. 4
124. 2
125. 1
126. 1
127. 2
128. 2
129. 2
130. 3
131. 1
132. 2
133. 3
134. 1
135. 2
136. 1
137. 4
138. 2
139. 3
140. 1
141. 2
142. 5
143. 1
144. 6
145. 2
146. 2
147. 4
148. 1
149. 6
150. 2
151. 2
152. 1
153. 3
154. 3
155. 4
156. 2
157. 2
158. 2
159. 1
160. 3
161. 4
162. 2
163. 3
164. 3
165. 1
166. 2
167. 1
168. 3
169. 2
170. 2
171. 3
172. 2
173. 2
174. 2
175. 3
176. 5
177. 4
178. 2
179. 3
180. 3
181. 5
182. 3
183. 4
184. 1
185. 1
186. 2
187. 1
188. 2
189. 3
190. 1
191. 2
192. 2
193. 3
194. 5
195. 2
196. 3
197. 4
198. 3
199. 3
200. 1