2139.txt
1. 0
2. 2
3. 0
4. 1
5. 2
6. 0
7. 2
8. 2
9. 3
10. 1
11. 1
12. 2
13. 0
14. 1
15. 1
16. 3
17. 0
18. 2
19. 1
20. 4
21. 2
22. 4
23. 2
24. 3
25. 4
26. 2
27. 3
28. 3
29. 3
30. 4
31. 3
32. 0
33. 0
34. 1
35. 1
36. 1
37. 4
38. 2
39. 5
40. 3
41. 7
42. 1
43. 1
44. 1
45. 3
46. 1
47. 1
48. 1
49. 2
50. 2
51. 1
52. 2
53. 1
54. 8
55. 1
56. 0
57. 2
58. 5
59. 1
60. 2
61. 3
62. 1
63. 2
64. 1
65. 1
66. 2
67. 3
68. 2
69. 1
70. 2
71. 1
72. 6
73. 1
74. 0
75. 2
76. 0
77. 1
78. 0
79. 2
80. 2
81. 1
82. 7
83. 0
84. 4
85. 0
86. 1
87. 3
88. 2
89. 1
90. 0
91. 1
92. 1
93. 3
94. 4
95. 1
96. 2
97. 2
98. 2
99. 2
100. 0
101. 1
102. 2
103. 2
104. 3
105. 6
106. 1
107. 0
108. 1
109. 1
110. 0
111. 0
112. 2
113. 1
114. 2
115. 1
116. 1
117. 2
118. 2
119. 2
120. 2
121. 2
122. 2
123. 1
124. 1
125. 4
126. 2
127. 1
128. 2
129. 0
130. 1
131. 0
132. 1
133. 2
134. 1
135. 7
136. 0
137. 3
138. 0
139. 0
140. 2
141. 0
142. 2
143. 1
144. 2
145. 1
146. 0
147. 3
148. 2
149. 1
150. 2
151. 1
152. 1
153. 1
154. 1
155. 3
156. 1
157. 2
158. 3
159. 1
160. 2
161. 2
162. 2
163. 3
164. 2
165. 2
166. 1
167. 1
168. 1
169. 1
170. 1
171. 1
172. 2
173. 4
174. 3
175. 2
176. 0
177. 1
178. 1
179. 2
180. 3
181. 0
182. 1
183. 1
184. 2
185. 2
186. 1
187. 2
188. 1
189. 2
190. 2
191. 2
192. 1
193. 1
194. 2
195. 0
196. 1
197. 1
198. 3
199. 2
200. 1