2146.txt
1. 0
2. 7
3. 2
4. 0
5. 0
6. 2
7. 1
8. 1
9. 6
10. 1
11. 3
12. 1
13. 3
14. 2
15. 4
16. 1
17. 0
18. 8
19. 2
20. 0
21. 1
22. 4
23. 1
24. 4
25. 2
26. 1
27. 0
28. 1
29. 0
30. 0
31. 1
32. 0
33. 3
34. 2
35. 0
36. 2
37. 3
38. 5
39. 1
40. 1
41. 4
42. 2
43. 1
44. 0
45. 2
46. 3
47. 2
48. 1
49. 2
50. 3
51. 4
52. 1
53. 2
54. 5
55. 2
56. 0
57. 1
58. 3
59. 2
60. 1
61. 7
62. 1
63. 1
64. 3
65. 1
66. 0
67. 3
68. 2
69. 6
70. 3
71. 1
72. 3
73. 0
74. 3
75. 1
76. 2
77. 2
78. 2
79. 1
80. 1
81. 3
82. 0
83. 2
84. 4
85. 1
86. 1
87. 2
88. 2
89. 1
90. 1
91. 2
92. 2
93. 4
94. 3
95. 2
96. 4
97. 1
98. 3
99. 1
100. 0
101. 1
102. 0
103. 2
104. 1
105. 2
106. 2
107. 4
108. 3
109. 1
110. 1
111. 3
112. 2
113. 1
114. 6
115. 2
116. 2
117. 4
118. 3
119. 2
120. 2
121. 2
122. 0
123. 3
124. 1
125. 2
126. 1
127. 4
128. 1
129. 2
130. 2
131. 1
132. 3
133. 1
134. 2
135. 1
136. 1
137. 2
138. 2
139. 3
140. 3
141. 1
142. 1
143. 3
144. 1
145. 4
146. 3
147. 2
148. 1
149. 1
150. 4
151. 2
152. 3
153. 2
154. 5
155. 3
156. 2
157. 3
158. 3
159. 1
160. 3
161. 2
162. 1
163. 2
164. 2
165. 1
166. 3
167. 1
168. 3
169. 4
170. 2
171. 2
172. 3
173. 2
174. 2
175. 3
176. 2
177. 7
178. 2
179. 4
180. 3
181. 1
182. 1
183. 1
184. 2
185. 2
186. 2
187. 2
188. 2
189. 1
190. 3
191. 3
192. 1
193. 1
194. 2
195. 2
196. 1
197. 4
198. 2
199. 1
200. 3