215.txt
1. 2
2. 4
3. 2
4. 1
5. 3
6. 1
7. 1
8. 4
9. 2
10. 2
11. 2
12. 1
13. 3
14. 3
15. 2
16. 1
17. 1
18. 2
19. 1
20. 2
21. 4
22. 2
23. 1
24. 6
25. 3
26. 1
27. 2
28. 2
29. 1
30. 2
31. 1
32. 1
33. 4
34. 2
35. 5
36. 2
37. 3
38. 2
39. 1
40. 2
41. 3
42. 6
43. 3
44. 2
45. 1
46. 2
47. 2
48. 5
49. 3
50. 2
51. 3
52. 2
53. 1
54. 2
55. 7
56. 2
57. 1
58. 4
59. 7
60. 3
61. 1
62. 1
63. 1
64. 2
65. 5
66. 2
67. 4
68. 4
69. 5
70. 2
71. 2
72. 2
73. 3
74. 1
75. 3
76. 1
77. 1
78. 3
79. 3
80. 3
81. 2
82. 1
83. 2
84. 4
85. 1
86. 1
87. 2
88. 3
89. 1
90. 2
91. 1
92. 2
93. 2
94. 4
95. 2
96. 2
97. 3
98. 1
99. 1
100. 2
101. 1
102. 1
103. 2
104. 2
105. 6
106. 2
107. 1
108. 3
109. 1
110. 2
111. 2
112. 5
113. 2
114. 4
115. 1
116. 2
117. 3
118. 2
119. 1
120. 3
121. 1
122. 4
123. 2
124. 6
125. 2
126. 1
127. 1
128. 1
129. 1
130. 1
131. 4
132. 3
133. 2
134. 2
135. 3
136. 2
137. 1
138. 2
139. 5
140. 1
141. 4
142. 1
143. 2
144. 3
145. 2
146. 5
147. 3
148. 2
149. 1
150. 2
151. 2
152. 3
153. 1
154. 1
155. 2
156. 2
157. 1
158. 2
159. 2
160. 5
161. 1
162. 1
163. 2
164. 3
165. 5
166. 8
167. 1
168. 3
169. 2
170. 2
171. 1
172. 1
173. 1
174. 2
175. 1
176. 3
177. 1
178. 1
179. 2
180. 1
181. 4
182. 2
183. 4
184. 1
185. 3
186. 2
187. 2
188. 3
189. 2
190. 3
191. 2
192. 4
193. 1
194. 4
195. 3
196. 2
197. 2
198. 1
199. 2
200. 2