2153.txt
1. 7
2. 1
3. 2
4. 3
5. 4
6. 2
7. 2
8. 3
9. 1
10. 5
11. 2
12. 1
13. 6
14. 2
15. 3
16. 2
17. 2
18. 5
19. 1
20. 2
21. 9
22. 2
23. 1
24. 5
25. 6
26. 2
27. 3
28. 2
29. 2
30. 5
31. 2
32. 4
33. 3
34. 1
35. 2
36. 4
37. 6
38. 2
39. 2
40. 4
41. 3
42. 2
43. 2
44. 3
45. 1
46. 2
47. 3
48. 2
49. 2
50. 3
51. 2
52. 4
53. 3
54. 3
55. 3
56. 1
57. 3
58. 3
59. 2
60. 2
61. 2
62. 2
63. 2
64. 2
65. 1
66. 1
67. 3
68. 1
69. 2
70. 4
71. 3
72. 2
73. 2
74. 2
75. 1
76. 1
77. 2
78. 4
79. 3
80. 2
81. 2
82. 2
83. 4
84. 1
85. 1
86. 2
87. 2
88. 3
89. 3
90. 2
91. 1
92. 1
93. 2
94. 2
95. 2
96. 2
97. 2
98. 2
99. 2
100. 2
101. 4
102. 2
103. 2
104. 3
105. 3
106. 3
107. 2
108. 3
109. 2
110. 1
111. 2
112. 5
113. 1
114. 2
115. 1
116. 2
117. 5
118. 2
119. 4
120. 2
121. 2
122. 3
123. 2
124. 2
125. 3
126. 3
127. 1
128. 3
129. 3
130. 3
131. 2
132. 2
133. 2
134. 2
135. 3
136. 2
137. 3
138. 2
139. 3
140. 1
141. 4
142. 2
143. 2
144. 2
145. 2
146. 5
147. 1
148. 5
149. 3
150. 2
151. 2
152. 2
153. 2
154. 4
155. 2
156. 4
157. 2
158. 3
159. 2
160. 1
161. 3
162. 2
163. 2
164. 2
165. 2
166. 2
167. 3
168. 3
169. 2
170. 4
171. 7
172. 1
173. 2
174. 2
175. 1
176. 1
177. 2
178. 6
179. 2
180. 2
181. 3
182. 4
183. 3
184. 3
185. 2
186. 2
187. 2
188. 1
189. 2
190. 1
191. 2
192. 3
193. 2
194. 2
195. 3
196. 1
197. 3
198. 1
199. 3
200. 3