2157.txt
1. 0
2. 3
3. 2
4. 4
5. 2
6. 2
7. 1
8. 2
9. 3
10. 1
11. 2
12. 2
13. 1
14. 2
15. 1
16. 2
17. 4
18. 2
19. 5
20. 0
21. 1
22. 5
23. 2
24. 4
25. 2
26. 2
27. 3
28. 0
29. 0
30. 1
31. 2
32. 1
33. 0
34. 3
35. 1
36. 0
37. 2
38. 2
39. 2
40. 3
41. 2
42. 1
43. 2
44. 2
45. 3
46. 1
47. 2
48. 2
49. 2
50. 3
51. 1
52. 7
53. 3
54. 3
55. 0
56. 1
57. 2
58. 2
59. 1
60. 3
61. 1
62. 0
63. 1
64. 3
65. 0
66. 3
67. 1
68. 0
69. 2
70. 1
71. 4
72. 2
73. 2
74. 1
75. 2
76. 1
77. 0
78. 0
79. 2
80. 2
81. 1
82. 1
83. 0
84. 1
85. 1
86. 3
87. 1
88. 2
89. 3
90. 2
91. 2
92. 2
93. 2
94. 2
95. 3
96. 1
97. 2
98. 2
99. 2
100. 3
101. 1
102. 1
103. 1
104. 2
105. 1
106. 2
107. 2
108. 2
109. 0
110. 4
111. 1
112. 1
113. 3
114. 1
115. 2
116. 2
117. 3
118. 2
119. 2
120. 5
121. 2
122. 1
123. 2
124. 2
125. 2
126. 1
127. 3
128. 1
129. 2
130. 1
131. 2
132. 0
133. 1
134. 2
135. 1
136. 2
137. 1
138. 7
139. 6
140. 1
141. 3
142. 1
143. 1
144. 1
145. 0
146. 0
147. 2
148. 2
149. 1
150. 1
151. 0
152. 2
153. 3
154. 0
155. 1
156. 1
157. 3
158. 2
159. 1
160. 0
161. 0
162. 2
163. 2
164. 1
165. 2
166. 2
167. 1
168. 1
169. 0
170. 0
171. 2
172. 1
173. 2
174. 2
175. 3
176. 3
177. 1
178. 2
179. 2
180. 2
181. 0
182. 2
183. 2
184. 1
185. 3
186. 1
187. 2
188. 2
189. 1
190. 2
191. 3
192. 1
193. 1
194. 2
195. 3
196. 2
197. 2
198. 2
199. 2
200. 2