2162.txt
1. 3
2. 2
3. 1
4. 3
5. 4
6. 1
7. 4
8. 1
9. 1
10. 1
11. 1
12. 2
13. 3
14. 2
15. 2
16. 3
17. 1
18. 3
19. 3
20. 2
21. 1
22. 2
23. 2
24. 2
25. 3
26. 1
27. 1
28. 1
29. 1
30. 5
31. 1
32. 2
33. 2
34. 2
35. 2
36. 1
37. 2
38. 2
39. 2
40. 1
41. 3
42. 3
43. 2
44. 2
45. 1
46. 3
47. 1
48. 4
49. 3
50. 1
51. 2
52. 1
53. 2
54. 1
55. 4
56. 2
57. 2
58. 2
59. 3
60. 3
61. 2
62. 2
63. 2
64. 3
65. 1
66. 2
67. 2
68. 2
69. 3
70. 4
71. 2
72. 3
73. 2
74. 2
75. 3
76. 2
77. 2
78. 2
79. 2
80. 2
81. 2
82. 2
83. 3
84. 2
85. 1
86. 2
87. 3
88. 2
89. 2
90. 2
91. 2
92. 2
93. 5
94. 2
95. 2
96. 2
97. 1
98. 2
99. 1
100. 3
101. 1
102. 3
103. 3
104. 2
105. 2
106. 2
107. 2
108. 1
109. 3
110. 2
111. 1
112. 1
113. 4
114. 3
115. 2
116. 2
117. 1
118. 3
119. 2
120. 2
121. 2
122. 2
123. 2
124. 3
125. 2
126. 3
127. 1
128. 2
129. 2
130. 2
131. 2
132. 1
133. 2
134. 2
135. 1
136. 3
137. 2
138. 4
139. 3
140. 3
141. 2
142. 3
143. 1
144. 1
145. 3
146. 2
147. 1
148. 2
149. 2
150. 2
151. 4
152. 3
153. 2
154. 2
155. 3
156. 2
157. 2
158. 2
159. 2
160. 1
161. 3
162. 1
163. 2
164. 1
165. 4
166. 2
167. 1
168. 2
169. 3
170. 1
171. 3
172. 2
173. 3
174. 2
175. 3
176. 2
177. 2
178. 1
179. 3
180. 2
181. 3
182. 2
183. 1
184. 1
185. 2
186. 1
187. 3
188. 2
189. 2
190. 2
191. 2
192. 2
193. 5
194. 2
195. 2
196. 2
197. 1
198. 3
199. 4
200. 2