2171.txt
1. 0
2. 2
3. 0
4. 7
5. 2
6. 0
7. 4
8. 0
9. 5
10. 1
11. 2
12. 0
13. 2
14. 2
15. 1
16. 3
17. 0
18. 3
19. 4
20. 3
21. 0
22. 0
23. 0
24. 3
25. 2
26. 1
27. 0
28. 0
29. 2
30. 1
31. 0
32. 3
33. 4
34. 1
35. 2
36. 2
37. 3
38. 0
39. 2
40. 3
41. 2
42. 3
43. 3
44. 3
45. 1
46. 3
47. 5
48. 2
49. 3
50. 2
51. 3
52. 3
53. 0
54. 3
55. 2
56. 2
57. 3
58. 0
59. 5
60. 6
61. 3
62. 1
63. 0
64. 3
65. 0
66. 3
67. 1
68. 0
69. 1
70. 0
71. 2
72. 0
73. 4
74. 0
75. 0
76. 4
77. 2
78. 2
79. 2
80. 2
81. 2
82. 0
83. 3
84. 1
85. 0
86. 3
87. 3
88. 2
89. 3
90. 3
91. 2
92. 3
93. 3
94. 4
95. 4
96. 0
97. 0
98. 1
99. 0
100. 3
101. 2
102. 0
103. 2
104. 4
105. 0
106. 2
107. 0
108. 4
109. 0
110. 2
111. 3
112. 1
113. 3
114. 2
115. 2
116. 2
117. 0
118. 3
119. 2
120. 4
121. 0
122. 2
123. 0
124. 4
125. 3
126. 0
127. 3
128. 3
129. 3
130. 2
131. 5
132. 4
133. 0
134. 0
135. 2
136. 2
137. 0
138. 2
139. 0
140. 5
141. 0
142. 2
143. 0
144. 3
145. 3
146. 2
147. 0
148. 0
149. 3
150. 0
151. 0
152. 0
153. 2
154. 3
155. 3
156. 3
157. 5
158. 0
159. 3
160. 0
161. 3
162. 3
163. 2
164. 6
165. 0
166. 0
167. 0
168. 6
169. 3
170. 0
171. 4
172. 0
173. 0
174. 0
175. 2
176. 0
177. 0
178. 3
179. 5
180. 3
181. 2
182. 3
183. 0
184. 4
185. 2
186. 1
187. 0
188. 4
189. 1
190. 0
191. 4
192. 0
193. 2
194. 8
195. 0
196. 3
197. 5
198. 0
199. 2
200. 3