2177.txt
1. 0
2. 3
3. 0
4. 0
5. 0
6. 0
7. 2
8. 6
9. 2
10. 2
11. 3
12. 7
13. 0
14. 0
15. 3
16. 2
17. 1
18. 0
19. 4
20. 0
21. 2
22. 0
23. 0
24. 0
25. 3
26. 2
27. 1
28. 0
29. 0
30. 5
31. 0
32. 6
33. 0
34. 0
35. 6
36. 0
37. 0
38. 4
39. 0
40. 0
41. 2
42. 2
43. 3
44. 0
45. 2
46. 0
47. 0
48. 2
49. 2
50. 0
51. 0
52. 0
53. 4
54. 5
55. 0
56. 5
57. 4
58. 5
59. 5
60. 3
61. 0
62. 0
63. 0
64. 0
65. 3
66. 0
67. 0
68. 3
69. 0
70. 2
71. 0
72. 0
73. 0
74. 0
75. 2
76. 0
77. 0
78. 0
79. 0
80. 0
81. 0
82. 0
83. 0
84. 0
85. 0
86. 3
87. 0
88. 0
89. 0
90. 2
91. 2
92. 0
93. 0
94. 3
95. 0
96. 3
97. 2
98. 0
99. 3
100. 2
101. 4
102. 0
103. 4
104. 2
105. 0
106. 2
107. 2
108. 0
109. 0
110. 3
111. 0
112. 2
113. 0
114. 4
115. 0
116. 0
117. 0
118. 0
119. 2
120. 4
121. 0
122. 6
123. 0
124. 0
125. 0
126. 4
127. 0
128. 0
129. 0
130. 0
131. 0
132. 0
133. 0
134. 2
135. 0
136. 0
137. 0
138. 0
139. 0
140. 0
141. 2
142. 3
143. 0
144. 0
145. 0
146. 0
147. 3
148. 0
149. 2
150. 3
151. 0
152. 0
153. 0
154. 0
155. 4
156. 3
157. 3
158. 0
159. 0
160. 2
161. 0
162. 3
163. 6
164. 0
165. 0
166. 0
167. 4
168. 3
169. 0
170. 3
171. 4
172. 4
173. 0
174. 0
175. 2
176. 0
177. 0
178. 0
179. 3
180. 0
181. 0
182. 0
183. 0
184. 0
185. 0
186. 2
187. 0
188. 0
189. 4
190. 6
191. 0
192. 6
193. 3
194. 0
195. 5
196. 2
197. 0
198. 3
199. 2
200. 0