2194.txt
1. 0
2. 0
3. 0
4. 0
5. 0
6. 3
7. 4
8. 0
9. 2
10. 0
11. 0
12. 2
13. 2
14. 0
15. 0
16. 0
17. 0
18. 4
19. 0
20. 0
21. 0
22. 0
23. 0
24. 0
25. 2
26. 2
27. 0
28. 3
29. 0
30. 3
31. 2
32. 4
33. 0
34. 0
35. 0
36. 0
37. 3
38. 0
39. 2
40. 3
41. 0
42. 3
43. 0
44. 0
45. 2
46. 2
47. 4
48. 3
49. 0
50. 3
51. 0
52. 3
53. 2
54. 3
55. 0
56. 0
57. 0
58. 2
59. 0
60. 0
61. 4
62. 0
63. 2
64. 0
65. 0
66. 0
67. 2
68. 3
69. 0
70. 0
71. 0
72. 0
73. 0
74. 0
75. 2
76. 0
77. 2
78. 2
79. 2
80. 2
81. 2
82. 0
83. 0
84. 4
85. 0
86. 10
87. 0
88. 0
89. 3
90. 0
91. 2
92. 2
93. 0
94. 2
95. 0
96. 0
97. 0
98. 3
99. 3
100. 0
101. 2
102. 0
103. 0
104. 0
105. 0
106. 3
107. 0
108. 0
109. 4
110. 0
111. 2
112. 0
113. 0
114. 0
115. 0
116. 3
117. 0
118. 2
119. 0
120. 0
121. 0
122. 0
123. 3
124. 0
125. 0
126. 0
127. 0
128. 0
129. 0
130. 0
131. 0
132. 0
133. 0
134. 0
135. 2
136. 3
137. 0
138. 0
139. 2
140. 0
141. 0
142. 4
143. 0
144. 5
145. 0
146. 2
147. 0
148. 0
149. 0
150. 0
151. 0
152. 2
153. 0
154. 0
155. 0
156. 2
157. 2
158. 0
159. 2
160. 2
161. 2
162. 0
163. 0
164. 3
165. 0
166. 0
167. 2
168. 0
169. 0
170. 0
171. 4
172. 0
173. 3
174. 3
175. 0
176. 0
177. 0
178. 0
179. 0
180. 0
181. 0
182. 0
183. 2
184. 2
185. 2
186. 0
187. 0
188. 0
189. 0
190. 0
191. 2
192. 0
193. 0
194. 3
195. 3
196. 0
197. 2
198. 0
199. 0
200. 2