22.txt
1. 2
2. 4
3. 3
4. 4
5. 1
6. 1
7. 3
8. 3
9. 2
10. 2
11. 4
12. 3
13. 5
14. 3
15. 3
16. 4
17. 4
18. 1
19. 3
20. 3
21. 4
22. 2
23. 2
24. 2
25. 2
26. 3
27. 4
28. 2
29. 2
30. 4
31. 2
32. 2
33. 2
34. 2
35. 2
36. 3
37. 2
38. 5
39. 6
40. 3
41. 2
42. 2
43. 4
44. 3
45. 3
46. 3
47. 3
48. 2
49. 2
50. 2
51. 3
52. 4
53. 2
54. 6
55. 2
56. 4
57. 2
58. 2
59. 3
60. 2
61. 2
62. 4
63. 3
64. 3
65. 2
66. 2
67. 3
68. 4
69. 3
70. 4
71. 3
72. 2
73. 3
74. 4
75. 2
76. 5
77. 2
78. 2
79. 3
80. 2
81. 3
82. 3
83. 3
84. 4
85. 2
86. 4
87. 2
88. 4
89. 5
90. 2
91. 3
92. 4
93. 5
94. 2
95. 2
96. 3
97. 3
98. 4
99. 2
100. 5
101. 4
102. 3
103. 3
104. 3
105. 2
106. 1
107. 2
108. 3
109. 2
110. 2
111. 2
112. 3
113. 6
114. 2
115. 3
116. 3
117. 2
118. 7
119. 3
120. 2
121. 2
122. 2
123. 2
124. 1
125. 2
126. 3
127. 3
128. 2
129. 2
130. 3
131. 3
132. 2
133. 2
134. 3
135. 2
136. 3
137. 1
138. 3
139. 2
140. 5
141. 2
142. 3
143. 2
144. 2
145. 3
146. 2
147. 3
148. 2
149. 1
150. 4
151. 4
152. 3
153. 3
154. 3
155. 3
156. 5
157. 2
158. 2
159. 2
160. 3
161. 3
162. 2
163. 2
164. 4
165. 3
166. 2
167. 2
168. 4
169. 4
170. 3
171. 3
172. 2
173. 4
174. 4
175. 5
176. 4
177. 2
178. 5
179. 2
180. 2
181. 4
182. 4
183. 1
184. 3
185. 2
186. 2
187. 3
188. 2
189. 4
190. 2
191. 2
192. 2
193. 3
194. 2
195. 2
196. 3
197. 2
198. 4
199. 2
200. 2