2203.txt
1. 2
2. 3
3. 3
4. 4
5. 2
6. 1
7. 1
8. 3
9. 2
10. 1
11. 1
12. 1
13. 2
14. 1
15. 4
16. 3
17. 1
18. 1
19. 2
20. 4
21. 2
22. 5
23. 3
24. 1
25. 2
26. 5
27. 1
28. 1
29. 2
30. 2
31. 1
32. 6
33. 1
34. 4
35. 2
36. 3
37. 2
38. 7
39. 3
40. 2
41. 2
42. 4
43. 3
44. 2
45. 1
46. 2
47. 3
48. 1
49. 1
50. 1
51. 4
52. 6
53. 2
54. 2
55. 4
56. 1
57. 2
58. 5
59. 2
60. 3
61. 1
62. 2
63. 1
64. 2
65. 4
66. 2
67. 1
68. 3
69. 4
70. 1
71. 2
72. 4
73. 2
74. 1
75. 1
76. 3
77. 2
78. 2
79. 1
80. 2
81. 1
82. 1
83. 2
84. 2
85. 2
86. 1
87. 3
88. 1
89. 1
90. 1
91. 4
92. 3
93. 1
94. 3
95. 4
96. 2
97. 4
98. 2
99. 3
100. 1
101. 1
102. 1
103. 3
104. 4
105. 2
106. 1
107. 4
108. 1
109. 5
110. 3
111. 3
112. 1
113. 4
114. 3
115. 2
116. 5
117. 6
118. 1
119. 2
120. 3
121. 3
122. 2
123. 2
124. 3
125. 3
126. 3
127. 5
128. 7
129. 2
130. 1
131. 1
132. 2
133. 5
134. 3
135. 4
136. 5
137. 1
138. 2
139. 2
140. 3
141. 3
142. 2
143. 2
144. 2
145. 2
146. 3
147. 3
148. 3
149. 2
150. 1
151. 3
152. 4
153. 2
154. 3
155. 2
156. 3
157. 1
158. 5
159. 2
160. 2
161. 1
162. 3
163. 2
164. 2
165. 2
166. 1
167. 3
168. 2
169. 3
170. 2
171. 1
172. 2
173. 4
174. 4
175. 5
176. 3
177. 2
178. 1
179. 2
180. 2
181. 3
182. 1
183. 3
184. 1
185. 1
186. 4
187. 2
188. 4
189. 4
190. 2
191. 5
192. 5
193. 4
194. 2
195. 2
196. 2
197. 2
198. 4
199. 3
200. 3