2204.txt
1. 3
2. 0
3. 2
4. 4
5. 2
6. 1
7. 1
8. 3
9. 2
10. 2
11. 0
12. 1
13. 2
14. 0
15. 5
16. 0
17. 4
18. 1
19. 4
20. 2
21. 5
22. 3
23. 3
24. 2
25. 1
26. 1
27. 0
28. 2
29. 3
30. 2
31. 2
32. 2
33. 2
34. 2
35. 3
36. 0
37. 0
38. 2
39. 1
40. 1
41. 1
42. 3
43. 1
44. 2
45. 0
46. 3
47. 2
48. 3
49. 1
50. 1
51. 1
52. 2
53. 4
54. 7
55. 1
56. 0
57. 2
58. 0
59. 2
60. 1
61. 2
62. 2
63. 1
64. 0
65. 1
66. 1
67. 2
68. 1
69. 4
70. 2
71. 1
72. 0
73. 2
74. 6
75. 3
76. 3
77. 3
78. 2
79. 2
80. 0
81. 1
82. 2
83. 2
84. 2
85. 1
86. 2
87. 1
88. 2
89. 3
90. 2
91. 4
92. 2
93. 3
94. 1
95. 0
96. 2
97. 0
98. 1
99. 2
100. 3
101. 0
102. 1
103. 2
104. 1
105. 1
106. 4
107. 0
108. 2
109. 1
110. 3
111. 1
112. 3
113. 2
114. 0
115. 2
116. 0
117. 3
118. 3
119. 0
120. 2
121. 0
122. 1
123. 1
124. 1
125. 0
126. 0
127. 1
128. 2
129. 3
130. 0
131. 5
132. 3
133. 3
134. 0
135. 2
136. 2
137. 0
138. 2
139. 1
140. 2
141. 2
142. 6
143. 2
144. 2
145. 4
146. 0
147. 1
148. 2
149. 2
150. 0
151. 3
152. 2
153. 4
154. 1
155. 1
156. 1
157. 1
158. 2
159. 4
160. 3
161. 0
162. 4
163. 1
164. 3
165. 1
166. 1
167. 0
168. 3
169. 0
170. 1
171. 0
172. 1
173. 2
174. 4
175. 0
176. 1
177. 1
178. 2
179. 2
180. 3
181. 0
182. 0
183. 2
184. 2
185. 2
186. 3
187. 2
188. 2
189. 0
190. 1
191. 1
192. 2
193. 2
194. 1
195. 2
196. 1
197. 0
198. 1
199. 1
200. 4