2225.txt
1. 0
2. 1
3. 2
4. 3
5. 0
6. 0
7. 4
8. 3
9. 7
10. 0
11. 8
12. 3
13. 0
14. 4
15. 3
16. 0
17. 2
18. 0
19. 0
20. 5
21. 0
22. 2
23. 3
24. 0
25. 2
26. 2
27. 3
28. 0
29. 2
30. 6
31. 3
32. 0
33. 2
34. 2
35. 2
36. 2
37. 0
38. 3
39. 3
40. 1
41. 2
42. 2
43. 0
44. 0
45. 2
46. 2
47. 1
48. 2
49. 0
50. 3
51. 0
52. 1
53. 0
54. 0
55. 0
56. 2
57. 0
58. 4
59. 0
60. 0
61. 1
62. 2
63. 0
64. 1
65. 3
66. 2
67. 0
68. 2
69. 3
70. 0
71. 4
72. 0
73. 3
74. 3
75. 0
76. 4
77. 0
78. 1
79. 0
80. 0
81. 3
82. 1
83. 3
84. 0
85. 2
86. 3
87. 0
88. 0
89. 0
90. 2
91. 3
92. 0
93. 0
94. 2
95. 0
96. 4
97. 1
98. 5
99. 0
100. 0
101. 2
102. 4
103. 3
104. 3
105. 2
106. 0
107. 3
108. 0
109. 3
110. 2
111. 2
112. 1
113. 2
114. 2
115. 2
116. 0
117. 3
118. 2
119. 2
120. 1
121. 2
122. 0
123. 0
124. 1
125. 0
126. 3
127. 0
128. 0
129. 2
130. 5
131. 0
132. 0
133. 3
134. 0
135. 0
136. 0
137. 2
138. 2
139. 2
140. 2
141. 3
142. 0
143. 2
144. 2
145. 2
146. 0
147. 0
148. 1
149. 3
150. 7
151. 2
152. 2
153. 0
154. 4
155. 3
156. 1
157. 3
158. 3
159. 3
160. 3
161. 0
162. 3
163. 1
164. 0
165. 2
166. 0
167. 5
168. 1
169. 0
170. 6
171. 4
172. 0
173. 4
174. 3
175. 3
176. 2
177. 0
178. 2
179. 2
180. 2
181. 3
182. 0
183. 2
184. 5
185. 0
186. 2
187. 2
188. 2
189. 0
190. 3
191. 0
192. 0
193. 2
194. 0
195. 0
196. 2
197. 0
198. 0
199. 1
200. 2