2239.txt
1. 2
2. 4
3. 5
4. 2
5. 2
6. 1
7. 6
8. 2
9. 5
10. 4
11. 1
12. 2
13. 1
14. 3
15. 1
16. 2
17. 1
18. 2
19. 2
20. 2
21. 3
22. 4
23. 3
24. 3
25. 4
26. 4
27. 1
28. 4
29. 3
30. 2
31. 6
32. 3
33. 2
34. 2
35. 2
36. 5
37. 2
38. 3
39. 1
40. 4
41. 2
42. 3
43. 2
44. 4
45. 3
46. 1
47. 2
48. 2
49. 3
50. 2
51. 5
52. 1
53. 3
54. 2
55. 2
56. 2
57. 1
58. 2
59. 2
60. 1
61. 1
62. 3
63. 2
64. 3
65. 2
66. 2
67. 4
68. 1
69. 2
70. 2
71. 2
72. 3
73. 3
74. 1
75. 1
76. 5
77. 3
78. 2
79. 3
80. 4
81. 2
82. 1
83. 2
84. 3
85. 2
86. 2
87. 2
88. 3
89. 3
90. 3
91. 1
92. 3
93. 2
94. 2
95. 3
96. 3
97. 2
98. 3
99. 3
100. 4
101. 7
102. 2
103. 3
104. 3
105. 4
106. 4
107. 2
108. 2
109. 4
110. 2
111. 2
112. 2
113. 2
114. 3
115. 3
116. 1
117. 2
118. 3
119. 2
120. 8
121. 2
122. 4
123. 2
124. 3
125. 3
126. 3
127. 2
128. 2
129. 3
130. 2
131. 4
132. 2
133. 2
134. 2
135. 3
136. 2
137. 5
138. 4
139. 2
140. 2
141. 3
142. 2
143. 2
144. 2
145. 3
146. 2
147. 3
148. 2
149. 2
150. 1
151. 4
152. 3
153. 2
154. 2
155. 3
156. 2
157. 1
158. 7
159. 2
160. 3
161. 3
162. 2
163. 3
164. 2
165. 2
166. 5
167. 2
168. 2
169. 6
170. 2
171. 2
172. 4
173. 2
174. 6
175. 2
176. 2
177. 3
178. 2
179. 2
180. 3
181. 2
182. 2
183. 2
184. 2
185. 2
186. 2
187. 2
188. 1
189. 2
190. 2
191. 1
192. 2
193. 2
194. 5
195. 2
196. 2
197. 2
198. 3
199. 2
200. 2