2246.txt
1. 0
2. 0
3. 7
4. 1
5. 4
6. 2
7. 3
8. 3
9. 1
10. 4
11. 0
12. 1
13. 0
14. 0
15. 2
16. 0
17. 0
18. 2
19. 0
20. 0
21. 1
22. 0
23. 3
24. 3
25. 3
26. 2
27. 8
28. 1
29. 0
30. 0
31. 2
32. 0
33. 2
34. 1
35. 0
36. 1
37. 2
38. 0
39. 0
40. 1
41. 0
42. 2
43. 0
44. 0
45. 3
46. 2
47. 1
48. 0
49. 6
50. 0
51. 0
52. 0
53. 2
54. 3
55. 4
56. 2
57. 3
58. 0
59. 0
60. 3
61. 0
62. 0
63. 4
64. 1
65. 0
66. 0
67. 0
68. 0
69. 0
70. 0
71. 0
72. 1
73. 2
74. 5
75. 0
76. 1
77. 3
78. 2
79. 2
80. 4
81. 2
82. 0
83. 0
84. 3
85. 2
86. 3
87. 0
88. 2
89. 3
90. 3
91. 2
92. 0
93. 0
94. 2
95. 2
96. 2
97. 0
98. 0
99. 4
100. 0
101. 7
102. 3
103. 2
104. 0
105. 1
106. 2
107. 0
108. 0
109. 3
110. 3
111. 3
112. 0
113. 2
114. 0
115. 3
116. 2
117. 4
118. 3
119. 0
120. 0
121. 1
122. 0
123. 2
124. 0
125. 2
126. 3
127. 0
128. 0
129. 0
130. 0
131. 1
132. 2
133. 4
134. 1
135. 2
136. 1
137. 1
138. 0
139. 2
140. 1
141. 0
142. 0
143. 3
144. 3
145. 3
146. 2
147. 1
148. 4
149. 0
150. 4
151. 0
152. 0
153. 0
154. 0
155. 2
156. 2
157. 0
158. 0
159. 0
160. 0
161. 3
162. 2
163. 1
164. 0
165. 2
166. 3
167. 0
168. 3
169. 0
170. 3
171. 0
172. 2
173. 3
174. 0
175. 3
176. 0
177. 0
178. 0
179. 0
180. 2
181. 3
182. 0
183. 0
184. 0
185. 5
186. 0
187. 0
188. 2
189. 0
190. 0
191. 0
192. 2
193. 0
194. 0
195. 0
196. 4
197. 0
198. 2
199. 0
200. 0