2250.txt
1. 7
2. 2
3. 4
4. 5
5. 3
6. 2
7. 1
8. 3
9. 4
10. 2
11. 3
12. 4
13. 3
14. 4
15. 3
16. 2
17. 2
18. 2
19. 2
20. 2
21. 2
22. 3
23. 3
24. 6
25. 2
26. 2
27. 1
28. 3
29. 4
30. 2
31. 1
32. 2
33. 2
34. 2
35. 1
36. 2
37. 2
38. 2
39. 3
40. 1
41. 2
42. 3
43. 3
44. 2
45. 3
46. 3
47. 7
48. 2
49. 2
50. 2
51. 1
52. 6
53. 1
54. 3
55. 5
56. 2
57. 1
58. 4
59. 2
60. 2
61. 1
62. 8
63. 3
64. 2
65. 3
66. 6
67. 2
68. 1
69. 4
70. 2
71. 1
72. 2
73. 2
74. 2
75. 1
76. 2
77. 2
78. 3
79. 1
80. 3
81. 4
82. 2
83. 5
84. 2
85. 1
86. 3
87. 4
88. 3
89. 2
90. 2
91. 1
92. 3
93. 3
94. 2
95. 2
96. 1
97. 2
98. 4
99. 2
100. 1
101. 2
102. 4
103. 2
104. 2
105. 2
106. 1
107. 2
108. 2
109. 5
110. 2
111. 4
112. 2
113. 1
114. 2
115. 2
116. 3
117. 2
118. 4
119. 3
120. 6
121. 2
122. 5
123. 4
124. 2
125. 4
126. 6
127. 1
128. 2
129. 3
130. 2
131. 2
132. 3
133. 2
134. 3
135. 2
136. 2
137. 2
138. 1
139. 3
140. 4
141. 2
142. 2
143. 2
144. 3
145. 4
146. 3
147. 4
148. 2
149. 2
150. 3
151. 2
152. 2
153. 2
154. 3
155. 2
156. 3
157. 2
158. 3
159. 4
160. 3
161. 3
162. 4
163. 1
164. 2
165. 5
166. 3
167. 1
168. 2
169. 2
170. 3
171. 6
172. 1
173. 4
174. 2
175. 3
176. 4
177. 1
178. 1
179. 2
180. 3
181. 5
182. 1
183. 2
184. 4
185. 8
186. 1
187. 1
188. 1
189. 2
190. 2
191. 2
192. 2
193. 1
194. 2
195. 4
196. 2
197. 4
198. 3
199. 3
200. 5