2255.txt
1. 0
2. 4
3. 0
4. 0
5. 2
6. 0
7. 4
8. 6
9. 0
10. 3
11. 0
12. 0
13. 2
14. 2
15. 2
16. 4
17. 0
18. 3
19. 0
20. 0
21. 1
22. 3
23. 1
24. 2
25. 3
26. 1
27. 5
28. 0
29. 2
30. 2
31. 3
32. 3
33. 2
34. 0
35. 6
36. 0
37. 0
38. 0
39. 0
40. 4
41. 0
42. 3
43. 0
44. 2
45. 2
46. 0
47. 2
48. 2
49. 2
50. 0
51. 0
52. 0
53. 0
54. 0
55. 0
56. 0
57. 3
58. 4
59. 2
60. 2
61. 0
62. 2
63. 0
64. 0
65. 0
66. 2
67. 2
68. 3
69. 2
70. 3
71. 0
72. 0
73. 2
74. 2
75. 0
76. 0
77. 2
78. 3
79. 0
80. 3
81. 0
82. 0
83. 0
84. 0
85. 2
86. 0
87. 0
88. 0
89. 0
90. 2
91. 2
92. 0
93. 3
94. 0
95. 0
96. 0
97. 4
98. 5
99. 2
100. 0
101. 0
102. 0
103. 0
104. 3
105. 0
106. 0
107. 3
108. 2
109. 2
110. 2
111. 3
112. 0
113. 0
114. 2
115. 3
116. 0
117. 0
118. 2
119. 2
120. 0
121. 0
122. 0
123. 0
124. 2
125. 0
126. 0
127. 2
128. 0
129. 0
130. 3
131. 2
132. 2
133. 2
134. 0
135. 0
136. 0
137. 0
138. 0
139. 2
140. 0
141. 0
142. 2
143. 0
144. 2
145. 0
146. 3
147. 3
148. 0
149. 2
150. 0
151. 0
152. 2
153. 3
154. 2
155. 2
156. 0
157. 0
158. 0
159. 0
160. 0
161. 0
162. 0
163. 4
164. 2
165. 0
166. 0
167. 3
168. 0
169. 0
170. 2
171. 3
172. 2
173. 0
174. 3
175. 2
176. 2
177. 0
178. 2
179. 0
180. 0
181. 0
182. 0
183. 0
184. 0
185. 3
186. 0
187. 0
188. 3
189. 2
190. 0
191. 0
192. 3
193. 3
194. 0
195. 2
196. 0
197. 3
198. 0
199. 3
200. 0