2270.txt
1. 0
2. 1
3. 3
4. 2
5. 8
6. 0
7. 0
8. 1
9. 2
10. 1
11. 0
12. 1
13. 1
14. 1
15. 1
16. 2
17. 2
18. 2
19. 1
20. 1
21. 0
22. 1
23. 2
24. 2
25. 1
26. 0
27. 1
28. 1
29. 2
30. 0
31. 2
32. 1
33. 2
34. 1
35. 2
36. 1
37. 1
38. 1
39. 2
40. 1
41. 2
42. 2
43. 3
44. 0
45. 0
46. 2
47. 3
48. 1
49. 3
50. 2
51. 1
52. 0
53. 1
54. 1
55. 2
56. 1
57. 2
58. 1
59. 1
60. 1
61. 1
62. 2
63. 2
64. 1
65. 1
66. 2
67. 4
68. 2
69. 4
70. 2
71. 0
72. 0
73. 0
74. 2
75. 1
76. 1
77. 1
78. 0
79. 2
80. 0
81. 1
82. 0
83. 1
84. 1
85. 1
86. 1
87. 2
88. 2
89. 2
90. 1
91. 0
92. 1
93. 2
94. 2
95. 6
96. 1
97. 5
98. 2
99. 2
100. 2
101. 2
102. 0
103. 1
104. 1
105. 0
106. 2
107. 0
108. 0
109. 2
110. 1
111. 2
112. 2
113. 1
114. 1
115. 1
116. 0
117. 0
118. 1
119. 0
120. 0
121. 2
122. 1
123. 4
124. 3
125. 0
126. 1
127. 1
128. 0
129. 2
130. 0
131. 1
132. 1
133. 1
134. 0
135. 2
136. 0
137. 1
138. 1
139. 1
140. 2
141. 1
142. 1
143. 3
144. 0
145. 1
146. 2
147. 3
148. 2
149. 1
150. 2
151. 3
152. 0
153. 2
154. 1
155. 3
156. 2
157. 2
158. 1
159. 1
160. 1
161. 0
162. 1
163. 1
164. 2
165. 1
166. 1
167. 1
168. 1
169. 2
170. 0
171. 2
172. 1
173. 1
174. 1
175. 0
176. 1
177. 3
178. 1
179. 2
180. 1
181. 1
182. 6
183. 0
184. 1
185. 3
186. 1
187. 3
188. 1
189. 1
190. 2
191. 2
192. 1
193. 2
194. 0
195. 2
196. 2
197. 1
198. 1
199. 1
200. 4