2279.txt
1. 0
2. 1
3. 0
4. 0
5. 1
6. 0
7. 3
8. 0
9. 0
10. 1
11. 0
12. 3
13. 1
14. 1
15. 1
16. 0
17. 2
18. 2
19. 3
20. 2
21. 0
22. 0
23. 1
24. 1
25. 2
26. 2
27. 1
28. 0
29. 1
30. 3
31. 2
32. 0
33. 0
34. 1
35. 2
36. 1
37. 2
38. 0
39. 2
40. 1
41. 2
42. 2
43. 1
44. 1
45. 2
46. 2
47. 2
48. 1
49. 2
50. 1
51. 1
52. 2
53. 1
54. 3
55. 1
56. 3
57. 1
58. 1
59. 2
60. 0
61. 0
62. 4
63. 2
64. 0
65. 1
66. 0
67. 3
68. 1
69. 0
70. 3
71. 1
72. 0
73. 0
74. 1
75. 1
76. 0
77. 1
78. 2
79. 2
80. 0
81. 2
82. 1
83. 2
84. 2
85. 1
86. 1
87. 3
88. 1
89. 2
90. 1
91. 2
92. 1
93. 2
94. 3
95. 0
96. 0
97. 2
98. 0
99. 3
100. 1
101. 1
102. 1
103. 1
104. 2
105. 1
106. 1
107. 2
108. 0
109. 1
110. 2
111. 1
112. 1
113. 1
114. 2
115. 2
116. 1
117. 1
118. 1
119. 1
120. 1
121. 3
122. 2
123. 0
124. 1
125. 4
126. 1
127. 1
128. 3
129. 1
130. 2
131. 1
132. 2
133. 1
134. 2
135. 0
136. 2
137. 1
138. 2
139. 2
140. 3
141. 0
142. 0
143. 1
144. 2
145. 1
146. 2
147. 2
148. 3
149. 0
150. 2
151. 1
152. 1
153. 3
154. 2
155. 1
156. 1
157. 1
158. 2
159. 1
160. 2
161. 2
162. 2
163. 1
164. 2
165. 3
166. 1
167. 1
168. 2
169. 2
170. 2
171. 8
172. 1
173. 1
174. 1
175. 2
176. 2
177. 3
178. 1
179. 1
180. 2
181. 7
182. 4
183. 3
184. 0
185. 1
186. 2
187. 0
188. 1
189. 2
190. 1
191. 1
192. 1
193. 0
194. 1
195. 3
196. 0
197. 3
198. 2
199. 1
200. 2