2281.txt
1. 3
2. 1
3. 1
4. 0
5. 2
6. 2
7. 4
8. 4
9. 1
10. 2
11. 1
12. 2
13. 2
14. 1
15. 2
16. 1
17. 2
18. 1
19. 1
20. 0
21. 4
22. 2
23. 3
24. 1
25. 3
26. 2
27. 0
28. 1
29. 3
30. 2
31. 2
32. 0
33. 2
34. 2
35. 2
36. 2
37. 3
38. 1
39. 2
40. 2
41. 2
42. 2
43. 1
44. 2
45. 4
46. 4
47. 1
48. 3
49. 2
50. 3
51. 3
52. 2
53. 2
54. 3
55. 2
56. 3
57. 1
58. 2
59. 4
60. 1
61. 2
62. 2
63. 1
64. 3
65. 1
66. 2
67. 1
68. 1
69. 2
70. 3
71. 2
72. 1
73. 2
74. 2
75. 3
76. 2
77. 2
78. 4
79. 2
80. 4
81. 1
82. 2
83. 3
84. 1
85. 2
86. 1
87. 2
88. 1
89. 1
90. 1
91. 2
92. 2
93. 1
94. 1
95. 2
96. 3
97. 2
98. 3
99. 1
100. 3
101. 2
102. 2
103. 2
104. 2
105. 3
106. 2
107. 1
108. 4
109. 2
110. 1
111. 1
112. 2
113. 2
114. 3
115. 1
116. 3
117. 3
118. 2
119. 2
120. 2
121. 3
122. 1
123. 2
124. 2
125. 2
126. 2
127. 1
128. 2
129. 3
130. 3
131. 4
132. 2
133. 4
134. 2
135. 2
136. 3
137. 2
138. 2
139. 1
140. 3
141. 2
142. 1
143. 3
144. 4
145. 2
146. 2
147. 4
148. 2
149. 1
150. 1
151. 2
152. 1
153. 1
154. 1
155. 2
156. 2
157. 2
158. 3
159. 2
160. 2
161. 4
162. 1
163. 2
164. 2
165. 2
166. 4
167. 2
168. 2
169. 1
170. 2
171. 2
172. 3
173. 1
174. 2
175. 1
176. 2
177. 2
178. 2
179. 1
180. 3
181. 2
182. 2
183. 2
184. 1
185. 2
186. 2
187. 2
188. 2
189. 1
190. 2
191. 3
192. 2
193. 3
194. 2
195. 1
196. 1
197. 2
198. 2
199. 1
200. 4