2284.txt
1. 3
2. 0
3. 2
4. 1
5. 3
6. 3
7. 0
8. 0
9. 0
10. 0
11. 2
12. 0
13. 0
14. 0
15. 0
16. 3
17. 0
18. 2
19. 0
20. 0
21. 1
22. 2
23. 3
24. 3
25. 2
26. 1
27. 0
28. 2
29. 2
30. 1
31. 1
32. 0
33. 3
34. 1
35. 0
36. 4
37. 3
38. 2
39. 3
40. 1
41. 3
42. 1
43. 0
44. 0
45. 2
46. 1
47. 1
48. 2
49. 1
50. 2
51. 2
52. 1
53. 2
54. 0
55. 2
56. 1
57. 1
58. 1
59. 1
60. 3
61. 3
62. 1
63. 2
64. 2
65. 2
66. 0
67. 4
68. 1
69. 2
70. 1
71. 0
72. 2
73. 2
74. 4
75. 4
76. 2
77. 3
78. 2
79. 1
80. 1
81. 1
82. 0
83. 1
84. 4
85. 0
86. 1
87. 0
88. 0
89. 1
90. 1
91. 0
92. 2
93. 1
94. 1
95. 2
96. 0
97. 1
98. 2
99. 0
100. 1
101. 1
102. 2
103. 2
104. 1
105. 2
106. 1
107. 0
108. 0
109. 2
110. 3
111. 3
112. 0
113. 2
114. 2
115. 1
116. 3
117. 1
118. 0
119. 1
120. 2
121. 0
122. 1
123. 2
124. 2
125. 1
126. 0
127. 2
128. 1
129. 3
130. 1
131. 0
132. 0
133. 1
134. 4
135. 0
136. 2
137. 1
138. 1
139. 0
140. 2
141. 1
142. 1
143. 1
144. 2
145. 2
146. 1
147. 0
148. 3
149. 1
150. 3
151. 4
152. 1
153. 5
154. 1
155. 2
156. 1
157. 1
158. 2
159. 0
160. 3
161. 3
162. 1
163. 2
164. 2
165. 1
166. 1
167. 1
168. 3
169. 2
170. 2
171. 2
172. 2
173. 1
174. 2
175. 2
176. 1
177. 2
178. 1
179. 0
180. 0
181. 1
182. 2
183. 2
184. 1
185. 2
186. 3
187. 3
188. 1
189. 10
190. 1
191. 1
192. 1
193. 1
194. 3
195. 3
196. 3
197. 1
198. 0
199. 1
200. 4