2303.txt
1. 6
2. 2
3. 1
4. 3
5. 0
6. 0
7. 2
8. 2
9. 1
10. 0
11. 0
12. 0
13. 0
14. 2
15. 8
16. 1
17. 0
18. 2
19. 1
20. 0
21. 0
22. 2
23. 4
24. 1
25. 2
26. 4
27. 3
28. 1
29. 0
30. 1
31. 2
32. 0
33. 2
34. 6
35. 7
36. 1
37. 3
38. 5
39. 3
40. 2
41. 0
42. 3
43. 1
44. 1
45. 3
46. 4
47. 3
48. 2
49. 3
50. 2
51. 2
52. 4
53. 2
54. 3
55. 1
56. 3
57. 0
58. 2
59. 1
60. 4
61. 3
62. 1
63. 3
64. 1
65. 2
66. 3
67. 1
68. 0
69. 2
70. 1
71. 2
72. 1
73. 2
74. 3
75. 3
76. 2
77. 4
78. 1
79. 1
80. 1
81. 4
82. 2
83. 3
84. 2
85. 2
86. 1
87. 3
88. 2
89. 4
90. 3
91. 5
92. 2
93. 2
94. 4
95. 1
96. 4
97. 1
98. 2
99. 2
100. 3
101. 1
102. 1
103. 2
104. 2
105. 8
106. 3
107. 3
108. 2
109. 2
110. 5
111. 4
112. 1
113. 4
114. 1
115. 7
116. 2
117. 3
118. 2
119. 1
120. 4
121. 2
122. 1
123. 2
124. 3
125. 4
126. 2
127. 2
128. 1
129. 4
130. 3
131. 3
132. 2
133. 4
134. 0
135. 2
136. 1
137. 0
138. 1
139. 1
140. 2
141. 3
142. 3
143. 2
144. 4
145. 3
146. 1
147. 1
148. 1
149. 4
150. 2
151. 1
152. 2
153. 6
154. 2
155. 1
156. 2
157. 1
158. 1
159. 5
160. 2
161. 1
162. 2
163. 2
164. 3
165. 1
166. 1
167. 1
168. 4
169. 1
170. 1
171. 1
172. 4
173. 0
174. 2
175. 1
176. 2
177. 0
178. 8
179. 2
180. 2
181. 5
182. 4
183. 2
184. 2
185. 1
186. 5
187. 1
188. 1
189. 3
190. 3
191. 0
192. 3
193. 4
194. 1
195. 2
196. 1
197. 2
198. 1
199. 2
200. 1