2308.txt
1. 4
2. 2
3. 2
4. 0
5. 2
6. 0
7. 0
8. 0
9. 3
10. 6
11. 1
12. 3
13. 1
14. 1
15. 2
16. 0
17. 2
18. 0
19. 0
20. 0
21. 1
22. 1
23. 1
24. 2
25. 2
26. 1
27. 2
28. 2
29. 0
30. 1
31. 0
32. 3
33. 2
34. 0
35. 3
36. 1
37. 2
38. 3
39. 1
40. 1
41. 3
42. 2
43. 0
44. 3
45. 4
46. 5
47. 1
48. 2
49. 1
50. 2
51. 1
52. 2
53. 3
54. 3
55. 2
56. 1
57. 3
58. 2
59. 2
60. 1
61. 1
62. 2
63. 1
64. 2
65. 1
66. 2
67. 1
68. 1
69. 2
70. 3
71. 1
72. 2
73. 1
74. 2
75. 1
76. 2
77. 2
78. 4
79. 3
80. 7
81. 2
82. 1
83. 2
84. 2
85. 2
86. 3
87. 3
88. 4
89. 1
90. 1
91. 2
92. 0
93. 2
94. 1
95. 3
96. 2
97. 3
98. 0
99. 5
100. 1
101. 2
102. 2
103. 3
104. 1
105. 1
106. 1
107. 2
108. 2
109. 1
110. 2
111. 0
112. 3
113. 0
114. 2
115. 3
116. 0
117. 5
118. 1
119. 1
120. 1
121. 3
122. 1
123. 0
124. 2
125. 1
126. 2
127. 1
128. 1
129. 3
130. 4
131. 2
132. 1
133. 1
134. 2
135. 1
136. 2
137. 0
138. 2
139. 1
140. 5
141. 2
142. 2
143. 1
144. 1
145. 2
146. 1
147. 2
148. 2
149. 1
150. 1
151. 0
152. 2
153. 0
154. 2
155. 3
156. 1
157. 1
158. 2
159. 2
160. 2
161. 1
162. 0
163. 1
164. 1
165. 2
166. 2
167. 1
168. 2
169. 0
170. 3
171. 1
172. 3
173. 2
174. 2
175. 5
176. 1
177. 0
178. 1
179. 1
180. 3
181. 1
182. 4
183. 1
184. 2
185. 2
186. 0
187. 3
188. 1
189. 2
190. 3
191. 2
192. 1
193. 1
194. 1
195. 1
196. 2
197. 0
198. 1
199. 4
200. 1