2318.txt
1. 2
2. 3
3. 6
4. 7
5. 1
6. 2
7. 1
8. 2
9. 3
10. 1
11. 4
12. 1
13. 2
14. 3
15. 2
16. 2
17. 1
18. 4
19. 3
20. 2
21. 1
22. 4
23. 3
24. 2
25. 3
26. 2
27. 1
28. 4
29. 2
30. 2
31. 7
32. 1
33. 2
34. 5
35. 7
36. 3
37. 2
38. 2
39. 2
40. 4
41. 2
42. 3
43. 1
44. 3
45. 3
46. 4
47. 2
48. 3
49. 2
50. 3
51. 2
52. 1
53. 4
54. 3
55. 2
56. 4
57. 2
58. 3
59. 2
60. 3
61. 2
62. 1
63. 3
64. 2
65. 3
66. 5
67. 2
68. 3
69. 2
70. 3
71. 3
72. 3
73. 1
74. 2
75. 3
76. 2
77. 3
78. 5
79. 2
80. 3
81. 2
82. 4
83. 3
84. 2
85. 2
86. 2
87. 2
88. 2
89. 2
90. 3
91. 2
92. 1
93. 3
94. 2
95. 2
96. 2
97. 4
98. 5
99. 2
100. 2
101. 1
102. 3
103. 4
104. 3
105. 2
106. 4
107. 2
108. 2
109. 2
110. 3
111. 2
112. 2
113. 3
114. 3
115. 2
116. 2
117. 3
118. 2
119. 5
120. 3
121. 3
122. 2
123. 2
124. 6
125. 2
126. 3
127. 2
128. 2
129. 3
130. 2
131. 1
132. 2
133. 2
134. 2
135. 1
136. 3
137. 1
138. 3
139. 2
140. 3
141. 3
142. 1
143. 2
144. 2
145. 4
146. 6
147. 2
148. 2
149. 3
150. 1
151. 2
152. 2
153. 4
154. 2
155. 6
156. 2
157. 2
158. 2
159. 3
160. 2
161. 1
162. 2
163. 2
164. 5
165. 4
166. 2
167. 2
168. 7
169. 3
170. 2
171. 3
172. 2
173. 2
174. 2
175. 4
176. 5
177. 1
178. 6
179. 6
180. 4
181. 2
182. 2
183. 3
184. 2
185. 2
186. 3
187. 1
188. 2
189. 2
190. 5
191. 4
192. 2
193. 1
194. 2
195. 2
196. 2
197. 1
198. 2
199. 2
200. 2