2319.txt
1. 2
2. 3
3. 2
4. 3
5. 1
6. 3
7. 2
8. 4
9. 5
10. 3
11. 2
12. 1
13. 6
14. 3
15. 2
16. 3
17. 2
18. 3
19. 4
20. 3
21. 1
22. 1
23. 2
24. 3
25. 4
26. 5
27. 4
28. 1
29. 2
30. 4
31. 2
32. 6
33. 2
34. 3
35. 2
36. 5
37. 2
38. 1
39. 1
40. 1
41. 3
42. 4
43. 3
44. 3
45. 1
46. 2
47. 4
48. 2
49. 2
50. 3
51. 5
52. 5
53. 4
54. 3
55. 2
56. 6
57. 2
58. 4
59. 2
60. 2
61. 2
62. 2
63. 2
64. 3
65. 6
66. 5
67. 2
68. 2
69. 3
70. 5
71. 2
72. 4
73. 2
74. 1
75. 4
76. 2
77. 1
78. 3
79. 2
80. 2
81. 4
82. 6
83. 1
84. 2
85. 4
86. 2
87. 4
88. 2
89. 1
90. 3
91. 2
92. 2
93. 2
94. 2
95. 3
96. 2
97. 3
98. 2
99. 2
100. 4
101. 4
102. 5
103. 5
104. 2
105. 3
106. 4
107. 3
108. 2
109. 3
110. 1
111. 4
112. 3
113. 5
114. 4
115. 3
116. 5
117. 3
118. 3
119. 2
120. 6
121. 4
122. 2
123. 5
124. 1
125. 4
126. 3
127. 2
128. 1
129. 2
130. 2
131. 2
132. 2
133. 3
134. 3
135. 6
136. 2
137. 3
138. 2
139. 4
140. 5
141. 2
142. 2
143. 2
144. 4
145. 3
146. 1
147. 2
148. 4
149. 3
150. 1
151. 2
152. 2
153. 2
154. 3
155. 2
156. 3
157. 2
158. 3
159. 3
160. 3
161. 3
162. 1
163. 2
164. 3
165. 3
166. 3
167. 2
168. 2
169. 4
170. 2
171. 3
172. 5
173. 2
174. 1
175. 2
176. 2
177. 4
178. 3
179. 3
180. 2
181. 2
182. 1
183. 2
184. 2
185. 2
186. 3
187. 2
188. 2
189. 1
190. 3
191. 4
192. 3
193. 3
194. 3
195. 2
196. 3
197. 1
198. 2
199. 3
200. 2