2320.txt
1. 0
2. 1
3. 2
4. 2
5. 0
6. 2
7. 0
8. 1
9. 0
10. 0
11. 2
12. 2
13. 0
14. 4
15. 0
16. 4
17. 0
18. 3
19. 0
20. 2
21. 1
22. 2
23. 2
24. 5
25. 3
26. 0
27. 1
28. 2
29. 2
30. 2
31. 1
32. 1
33. 0
34. 1
35. 0
36. 1
37. 0
38. 0
39. 4
40. 1
41. 0
42. 3
43. 2
44. 1
45. 0
46. 1
47. 7
48. 1
49. 2
50. 4
51. 1
52. 0
53. 0
54. 1
55. 2
56. 1
57. 0
58. 2
59. 1
60. 1
61. 0
62. 0
63. 2
64. 0
65. 3
66. 1
67. 4
68. 3
69. 1
70. 3
71. 2
72. 0
73. 1
74. 1
75. 2
76. 1
77. 0
78. 1
79. 0
80. 1
81. 0
82. 0
83. 4
84. 2
85. 0
86. 1
87. 0
88. 0
89. 1
90. 1
91. 2
92. 2
93. 0
94. 2
95. 2
96. 1
97. 0
98. 3
99. 2
100. 1
101. 0
102. 3
103. 1
104. 2
105. 3
106. 1
107. 0
108. 0
109. 2
110. 2
111. 0
112. 2
113. 2
114. 1
115. 0
116. 1
117. 2
118. 6
119. 1
120. 0
121. 2
122. 4
123. 3
124. 5
125. 3
126. 2
127. 3
128. 2
129. 0
130. 1
131. 4
132. 0
133. 1
134. 1
135. 0
136. 2
137. 0
138. 1
139. 2
140. 0
141. 0
142. 0
143. 0
144. 2
145. 1
146. 1
147. 0
148. 0
149. 0
150. 2
151. 6
152. 3
153. 1
154. 4
155. 2
156. 1
157. 1
158. 4
159. 1
160. 4
161. 1
162. 0
163. 2
164. 0
165. 1
166. 0
167. 0
168. 0
169. 3
170. 1
171. 2
172. 0
173. 3
174. 3
175. 3
176. 1
177. 2
178. 1
179. 0
180. 1
181. 1
182. 0
183. 0
184. 0
185. 2
186. 0
187. 0
188. 0
189. 0
190. 1
191. 1
192. 0
193. 2
194. 1
195. 2
196. 1
197. 0
198. 1
199. 2
200. 0