2336.txt
1. 3
2. 1
3. 1
4. 2
5. 2
6. 2
7. 2
8. 1
9. 1
10. 4
11. 4
12. 1
13. 1
14. 3
15. 2
16. 3
17. 1
18. 5
19. 4
20. 1
21. 4
22. 1
23. 7
24. 3
25. 1
26. 3
27. 1
28. 2
29. 2
30. 3
31. 2
32. 2
33. 8
34. 2
35. 1
36. 4
37. 3
38. 1
39. 1
40. 4
41. 1
42. 2
43. 1
44. 2
45. 3
46. 2
47. 2
48. 1
49. 2
50. 1
51. 2
52. 3
53. 3
54. 2
55. 2
56. 1
57. 2
58. 1
59. 2
60. 2
61. 2
62. 1
63. 2
64. 3
65. 2
66. 2
67. 1
68. 3
69. 3
70. 2
71. 3
72. 3
73. 2
74. 2
75. 1
76. 2
77. 3
78. 3
79. 2
80. 3
81. 1
82. 4
83. 2
84. 1
85. 1
86. 2
87. 4
88. 2
89. 1
90. 3
91. 5
92. 4
93. 2
94. 4
95. 2
96. 2
97. 2
98. 1
99. 1
100. 2
101. 4
102. 2
103. 2
104. 3
105. 1
106. 2
107. 1
108. 3
109. 1
110. 2
111. 2
112. 3
113. 2
114. 1
115. 2
116. 1
117. 2
118. 2
119. 2
120. 1
121. 5
122. 1
123. 6
124. 1
125. 1
126. 4
127. 1
128. 4
129. 2
130. 3
131. 2
132. 2
133. 3
134. 2
135. 4
136. 3
137. 1
138. 2
139. 4
140. 1
141. 3
142. 3
143. 2
144. 2
145. 3
146. 2
147. 2
148. 1
149. 2
150. 1
151. 4
152. 2
153. 3
154. 2
155. 2
156. 4
157. 1
158. 2
159. 2
160. 1
161. 2
162. 2
163. 1
164. 1
165. 1
166. 2
167. 1
168. 2
169. 2
170. 3
171. 1
172. 2
173. 1
174. 2
175. 1
176. 1
177. 3
178. 1
179. 1
180. 2
181. 1
182. 3
183. 2
184. 2
185. 2
186. 2
187. 2
188. 1
189. 3
190. 7
191. 3
192. 2
193. 1
194. 1
195. 2
196. 2
197. 3
198. 3
199. 2
200. 1