2338.txt
1. 2
2. 1
3. 6
4. 2
5. 1
6. 3
7. 1
8. 3
9. 4
10. 2
11. 4
12. 1
13. 3
14. 1
15. 9
16. 2
17. 1
18. 4
19. 3
20. 5
21. 2
22. 3
23. 3
24. 3
25. 2
26. 4
27. 1
28. 2
29. 6
30. 2
31. 3
32. 2
33. 1
34. 4
35. 1
36. 4
37. 4
38. 2
39. 2
40. 2
41. 1
42. 2
43. 4
44. 2
45. 4
46. 1
47. 2
48. 3
49. 3
50. 3
51. 5
52. 3
53. 2
54. 2
55. 4
56. 2
57. 1
58. 2
59. 2
60. 7
61. 3
62. 1
63. 2
64. 3
65. 2
66. 1
67. 2
68. 3
69. 2
70. 3
71. 1
72. 3
73. 2
74. 3
75. 4
76. 4
77. 2
78. 3
79. 5
80. 2
81. 2
82. 2
83. 3
84. 3
85. 2
86. 2
87. 2
88. 2
89. 3
90. 3
91. 1
92. 3
93. 3
94. 2
95. 3
96. 2
97. 2
98. 2
99. 3
100. 6
101. 2
102. 4
103. 2
104. 3
105. 1
106. 3
107. 2
108. 3
109. 3
110. 1
111. 4
112. 3
113. 2
114. 3
115. 3
116. 3
117. 3
118. 1
119. 3
120. 3
121. 4
122. 7
123. 4
124. 2
125. 4
126. 2
127. 2
128. 3
129. 1
130. 2
131. 2
132. 4
133. 2
134. 2
135. 2
136. 4
137. 2
138. 2
139. 4
140. 2
141. 2
142. 2
143. 1
144. 2
145. 2
146. 3
147. 2
148. 3
149. 2
150. 4
151. 2
152. 2
153. 6
154. 2
155. 4
156. 2
157. 2
158. 3
159. 1
160. 2
161. 2
162. 1
163. 2
164. 3
165. 1
166. 2
167. 2
168. 3
169. 2
170. 3
171. 2
172. 3
173. 2
174. 2
175. 3
176. 2
177. 3
178. 5
179. 4
180. 4
181. 2
182. 4
183. 2
184. 4
185. 2
186. 3
187. 4
188. 3
189. 3
190. 2
191. 2
192. 6
193. 2
194. 4
195. 4
196. 3
197. 4
198. 4
199. 2
200. 1