2344.txt
1. 0
2. 1
3. 2
4. 1
5. 0
6. 3
7. 4
8. 1
9. 2
10. 0
11. 3
12. 1
13. 2
14. 2
15. 0
16. 1
17. 2
18. 1
19. 1
20. 1
21. 1
22. 1
23. 2
24. 2
25. 7
26. 1
27. 2
28. 1
29. 2
30. 2
31. 1
32. 2
33. 1
34. 1
35. 2
36. 1
37. 3
38. 2
39. 1
40. 1
41. 1
42. 0
43. 6
44. 2
45. 3
46. 1
47. 1
48. 0
49. 1
50. 3
51. 1
52. 0
53. 1
54. 2
55. 2
56. 1
57. 1
58. 2
59. 3
60. 1
61. 1
62. 1
63. 1
64. 4
65. 1
66. 3
67. 2
68. 0
69. 1
70. 1
71. 1
72. 2
73. 1
74. 2
75. 3
76. 2
77. 1
78. 0
79. 2
80. 1
81. 1
82. 1
83. 2
84. 1
85. 1
86. 1
87. 0
88. 1
89. 1
90. 1
91. 1
92. 1
93. 1
94. 3
95. 1
96. 4
97. 1
98. 2
99. 2
100. 1
101. 1
102. 1
103. 2
104. 1
105. 1
106. 2
107. 2
108. 1
109. 3
110. 2
111. 1
112. 1
113. 0
114. 2
115. 1
116. 1
117. 0
118. 3
119. 2
120. 1
121. 1
122. 1
123. 2
124. 1
125. 2
126. 3
127. 1
128. 1
129. 2
130. 0
131. 2
132. 1
133. 3
134. 2
135. 2
136. 2
137. 0
138. 2
139. 1
140. 3
141. 2
142. 1
143. 2
144. 1
145. 1
146. 1
147. 0
148. 3
149. 1
150. 3
151. 4
152. 2
153. 3
154. 1
155. 0
156. 1
157. 2
158. 0
159. 4
160. 1
161. 1
162. 1
163. 2
164. 2
165. 2
166. 1
167. 2
168. 2
169. 3
170. 2
171. 3
172. 1
173. 3
174. 1
175. 2
176. 2
177. 3
178. 1
179. 1
180. 3
181. 3
182. 3
183. 3
184. 1
185. 1
186. 2
187. 1
188. 2
189. 0
190. 2
191. 3
192. 3
193. 3
194. 1
195. 2
196. 1
197. 3
198. 0
199. 3
200. 3