2345.txt
1. 2
2. 1
3. 4
4. 3
5. 2
6. 3
7. 4
8. 3
9. 2
10. 4
11. 4
12. 2
13. 7
14. 3
15. 2
16. 2
17. 2
18. 3
19. 2
20. 1
21. 3
22. 2
23. 3
24. 6
25. 1
26. 2
27. 1
28. 2
29. 6
30. 3
31. 3
32. 3
33. 5
34. 5
35. 1
36. 2
37. 4
38. 4
39. 3
40. 2
41. 5
42. 3
43. 2
44. 4
45. 4
46. 8
47. 6
48. 3
49. 6
50. 4
51. 3
52. 2
53. 2
54. 1
55. 2
56. 4
57. 2
58. 4
59. 2
60. 3
61. 2
62. 3
63. 3
64. 1
65. 3
66. 3
67. 2
68. 1
69. 2
70. 2
71. 3
72. 3
73. 1
74. 3
75. 3
76. 4
77. 2
78. 3
79. 3
80. 2
81. 2
82. 3
83. 3
84. 4
85. 2
86. 5
87. 2
88. 2
89. 2
90. 4
91. 3
92. 4
93. 6
94. 3
95. 2
96. 3
97. 2
98. 2
99. 2
100. 3
101. 3
102. 2
103. 4
104. 4
105. 2
106. 3
107. 2
108. 2
109. 3
110. 2
111. 2
112. 2
113. 2
114. 6
115. 3
116. 2
117. 2
118. 3
119. 4
120. 3
121. 2
122. 3
123. 3
124. 5
125. 3
126. 3
127. 3
128. 2
129. 2
130. 3
131. 2
132. 2
133. 2
134. 2
135. 3
136. 1
137. 3
138. 3
139. 3
140. 1
141. 4
142. 3
143. 1
144. 4
145. 3
146. 3
147. 2
148. 2
149. 3
150. 2
151. 2
152. 3
153. 2
154. 2
155. 2
156. 3
157. 2
158. 4
159. 2
160. 2
161. 10
162. 3
163. 5
164. 2
165. 2
166. 3
167. 2
168. 2
169. 4
170. 2
171. 2
172. 2
173. 2
174. 2
175. 3
176. 2
177. 3
178. 2
179. 2
180. 2
181. 2
182. 3
183. 6
184. 3
185. 1
186. 2
187. 3
188. 1
189. 4
190. 2
191. 2
192. 3
193. 2
194. 3
195. 2
196. 2
197. 4
198. 3
199. 2
200. 5