2348.txt
1. 2
2. 5
3. 2
4. 3
5. 6
6. 2
7. 1
8. 2
9. 1
10. 3
11. 4
12. 5
13. 4
14. 4
15. 1
16. 2
17. 3
18. 3
19. 1
20. 1
21. 2
22. 2
23. 2
24. 2
25. 1
26. 2
27. 2
28. 1
29. 3
30. 3
31. 2
32. 1
33. 3
34. 2
35. 4
36. 2
37. 1
38. 4
39. 1
40. 3
41. 1
42. 3
43. 2
44. 1
45. 2
46. 5
47. 2
48. 2
49. 3
50. 3
51. 1
52. 3
53. 1
54. 3
55. 3
56. 2
57. 1
58. 3
59. 3
60. 4
61. 1
62. 2
63. 2
64. 1
65. 1
66. 2
67. 3
68. 4
69. 3
70. 1
71. 3
72. 2
73. 1
74. 4
75. 1
76. 3
77. 3
78. 1
79. 2
80. 1
81. 8
82. 2
83. 1
84. 5
85. 3
86. 1
87. 2
88. 2
89. 2
90. 3
91. 2
92. 3
93. 2
94. 3
95. 4
96. 2
97. 1
98. 2
99. 3
100. 3
101. 2
102. 2
103. 3
104. 2
105. 4
106. 2
107. 4
108. 10
109. 3
110. 2
111. 2
112. 2
113. 2
114. 2
115. 2
116. 1
117. 1
118. 2
119. 1
120. 5
121. 1
122. 2
123. 3
124. 2
125. 1
126. 2
127. 1
128. 3
129. 2
130. 2
131. 4
132. 1
133. 2
134. 2
135. 2
136. 4
137. 2
138. 3
139. 1
140. 1
141. 2
142. 3
143. 3
144. 3
145. 2
146. 2
147. 3
148. 3
149. 3
150. 2
151. 2
152. 5
153. 4
154. 2
155. 3
156. 1
157. 2
158. 3
159. 2
160. 4
161. 4
162. 2
163. 1
164. 2
165. 2
166. 2
167. 2
168. 2
169. 1
170. 2
171. 1
172. 2
173. 1
174. 3
175. 1
176. 2
177. 2
178. 4
179. 1
180. 3
181. 3
182. 4
183. 2
184. 3
185. 2
186. 3
187. 2
188. 2
189. 2
190. 3
191. 3
192. 2
193. 1
194. 1
195. 5
196. 1
197. 2
198. 4
199. 1
200. 2