235.txt
1. 2
2. 0
3. 1
4. 0
5. 0
6. 0
7. 0
8. 3
9. 4
10. 1
11. 2
12. 0
13. 4
14. 1
15. 0
16. 0
17. 1
18. 0
19. 0
20. 0
21. 0
22. 2
23. 2
24. 3
25. 1
26. 2
27. 0
28. 7
29. 3
30. 0
31. 1
32. 1
33. 2
34. 4
35. 1
36. 0
37. 0
38. 0
39. 3
40. 3
41. 1
42. 4
43. 0
44. 2
45. 1
46. 3
47. 1
48. 0
49. 1
50. 1
51. 1
52. 2
53. 0
54. 3
55. 0
56. 1
57. 0
58. 3
59. 1
60. 0
61. 1
62. 1
63. 2
64. 2
65. 0
66. 2
67. 2
68. 1
69. 3
70. 3
71. 1
72. 1
73. 2
74. 2
75. 1
76. 1
77. 2
78. 4
79. 2
80. 2
81. 2
82. 0
83. 1
84. 2
85. 4
86. 0
87. 2
88. 1
89. 1
90. 1
91. 3
92. 1
93. 3
94. 1
95. 2
96. 3
97. 0
98. 1
99. 0
100. 0
101. 1
102. 3
103. 2
104. 1
105. 1
106. 0
107. 2
108. 2
109. 1
110. 3
111. 1
112. 2
113. 1
114. 0
115. 2
116. 1
117. 1
118. 2
119. 2
120. 7
121. 5
122. 2
123. 1
124. 2
125. 1
126. 1
127. 1
128. 3
129. 0
130. 1
131. 3
132. 0
133. 1
134. 2
135. 6
136. 0
137. 1
138. 2
139. 3
140. 0
141. 2
142. 2
143. 1
144. 2
145. 1
146. 1
147. 1
148. 1
149. 3
150. 1
151. 2
152. 4
153. 0
154. 0
155. 2
156. 1
157. 1
158. 2
159. 1
160. 1
161. 2
162. 1
163. 2
164. 0
165. 0
166. 4
167. 3
168. 2
169. 1
170. 1
171. 3
172. 1
173. 0
174. 2
175. 3
176. 2
177. 2
178. 0
179. 1
180. 4
181. 0
182. 6
183. 0
184. 1
185. 2
186. 1
187. 2
188. 0
189. 1
190. 2
191. 0
192. 1
193. 1
194. 2
195. 1
196. 0
197. 1
198. 1
199. 1
200. 4