2354.txt
1. 2
2. 3
3. 1
4. 3
5. 4
6. 2
7. 1
8. 5
9. 1
10. 2
11. 2
12. 1
13. 3
14. 5
15. 3
16. 1
17. 4
18. 5
19. 2
20. 2
21. 2
22. 4
23. 2
24. 1
25. 2
26. 2
27. 2
28. 3
29. 2
30. 2
31. 3
32. 2
33. 3
34. 2
35. 4
36. 5
37. 3
38. 2
39. 4
40. 1
41. 3
42. 2
43. 3
44. 1
45. 2
46. 2
47. 2
48. 3
49. 2
50. 2
51. 2
52. 1
53. 4
54. 1
55. 4
56. 3
57. 3
58. 2
59. 4
60. 3
61. 1
62. 1
63. 2
64. 2
65. 3
66. 3
67. 2
68. 2
69. 2
70. 2
71. 1
72. 1
73. 5
74. 2
75. 3
76. 3
77. 2
78. 4
79. 1
80. 3
81. 3
82. 4
83. 2
84. 6
85. 2
86. 2
87. 3
88. 2
89. 1
90. 2
91. 2
92. 4
93. 2
94. 2
95. 4
96. 3
97. 1
98. 2
99. 2
100. 3
101. 2
102. 3
103. 3
104. 2
105. 2
106. 3
107. 2
108. 2
109. 4
110. 2
111. 2
112. 2
113. 2
114. 4
115. 2
116. 4
117. 2
118. 1
119. 3
120. 2
121. 2
122. 2
123. 4
124. 3
125. 3
126. 2
127. 3
128. 2
129. 2
130. 4
131. 2
132. 2
133. 3
134. 5
135. 3
136. 2
137. 3
138. 2
139. 2
140. 3
141. 3
142. 2
143. 2
144. 2
145. 2
146. 2
147. 2
148. 2
149. 2
150. 3
151. 2
152. 2
153. 2
154. 2
155. 2
156. 4
157. 2
158. 2
159. 2
160. 3
161. 2
162. 3
163. 3
164. 4
165. 2
166. 2
167. 2
168. 2
169. 2
170. 3
171. 2
172. 2
173. 3
174. 2
175. 4
176. 4
177. 2
178. 3
179. 2
180. 4
181. 2
182. 2
183. 2
184. 4
185. 3
186. 2
187. 2
188. 3
189. 2
190. 8
191. 2
192. 2
193. 2
194. 2
195. 2
196. 1
197. 2
198. 2
199. 3
200. 3