2358.txt
1. 0
2. 1
3. 1
4. 6
5. 2
6. 1
7. 1
8. 3
9. 2
10. 7
11. 2
12. 1
13. 0
14. 4
15. 3
16. 1
17. 5
18. 0
19. 2
20. 2
21. 1
22. 1
23. 4
24. 4
25. 1
26. 2
27. 1
28. 1
29. 8
30. 4
31. 0
32. 2
33. 3
34. 1
35. 1
36. 3
37. 3
38. 3
39. 4
40. 3
41. 3
42. 1
43. 1
44. 4
45. 2
46. 2
47. 3
48. 3
49. 1
50. 0
51. 1
52. 4
53. 1
54. 2
55. 1
56. 0
57. 3
58. 2
59. 2
60. 4
61. 3
62. 0
63. 1
64. 2
65. 0
66. 2
67. 1
68. 2
69. 2
70. 2
71. 2
72. 2
73. 2
74. 2
75. 3
76. 2
77. 2
78. 5
79. 3
80. 1
81. 2
82. 2
83. 2
84. 0
85. 3
86. 3
87. 1
88. 1
89. 2
90. 3
91. 2
92. 1
93. 2
94. 0
95. 0
96. 2
97. 1
98. 1
99. 3
100. 3
101. 1
102. 1
103. 2
104. 1
105. 2
106. 1
107. 0
108. 2
109. 2
110. 1
111. 1
112. 1
113. 0
114. 3
115. 2
116. 3
117. 0
118. 3
119. 2
120. 0
121. 1
122. 2
123. 1
124. 1
125. 3
126. 5
127. 0
128. 1
129. 0
130. 2
131. 1
132. 2
133. 2
134. 0
135. 1
136. 0
137. 2
138. 2
139. 1
140. 2
141. 3
142. 2
143. 1
144. 5
145. 2
146. 3
147. 1
148. 2
149. 1
150. 4
151. 1
152. 2
153. 1
154. 1
155. 0
156. 2
157. 1
158. 2
159. 2
160. 2
161. 1
162. 1
163. 2
164. 3
165. 1
166. 2
167. 4
168. 2
169. 3
170. 0
171. 1
172. 1
173. 1
174. 3
175. 2
176. 1
177. 1
178. 1
179. 2
180. 4
181. 1
182. 4
183. 4
184. 1
185. 3
186. 2
187. 3
188. 1
189. 2
190. 2
191. 1
192. 0
193. 3
194. 2
195. 2
196. 2
197. 2
198. 1
199. 2
200. 2