2359.txt
1. 2
2. 3
3. 1
4. 2
5. 1
6. 1
7. 0
8. 1
9. 6
10. 2
11. 4
12. 2
13. 2
14. 1
15. 3
16. 4
17. 2
18. 6
19. 5
20. 1
21. 3
22. 3
23. 1
24. 2
25. 4
26. 4
27. 4
28. 3
29. 2
30. 3
31. 2
32. 3
33. 2
34. 2
35. 2
36. 1
37. 3
38. 2
39. 5
40. 1
41. 1
42. 1
43. 3
44. 1
45. 2
46. 4
47. 1
48. 4
49. 1
50. 1
51. 2
52. 2
53. 2
54. 2
55. 2
56. 2
57. 3
58. 2
59. 1
60. 2
61. 5
62. 4
63. 5
64. 2
65. 4
66. 5
67. 1
68. 2
69. 2
70. 3
71. 4
72. 2
73. 2
74. 3
75. 2
76. 4
77. 0
78. 3
79. 4
80. 2
81. 2
82. 1
83. 4
84. 4
85. 3
86. 3
87. 2
88. 4
89. 2
90. 3
91. 4
92. 3
93. 4
94. 2
95. 4
96. 4
97. 3
98. 3
99. 7
100. 4
101. 2
102. 2
103. 6
104. 2
105. 3
106. 5
107. 2
108. 3
109. 2
110. 4
111. 5
112. 5
113. 1
114. 4
115. 3
116. 1
117. 3
118. 1
119. 3
120. 2
121. 2
122. 4
123. 4
124. 2
125. 3
126. 1
127. 2
128. 2
129. 3
130. 2
131. 3
132. 2
133. 3
134. 1
135. 3
136. 4
137. 3
138. 2
139. 2
140. 1
141. 3
142. 2
143. 1
144. 1
145. 2
146. 2
147. 3
148. 3
149. 2
150. 3
151. 3
152. 3
153. 3
154. 3
155. 2
156. 2
157. 4
158. 1
159. 2
160. 4
161. 4
162. 1
163. 2
164. 2
165. 1
166. 2
167. 2
168. 2
169. 2
170. 3
171. 2
172. 2
173. 3
174. 2
175. 2
176. 2
177. 3
178. 2
179. 2
180. 5
181. 2
182. 2
183. 3
184. 5
185. 2
186. 4
187. 3
188. 2
189. 2
190. 5
191. 3
192. 3
193. 2
194. 2
195. 2
196. 3
197. 2
198. 3
199. 2
200. 3