237.txt
1. 6
2. 1
3. 2
4. 1
5. 2
6. 2
7. 3
8. 2
9. 7
10. 4
11. 1
12. 2
13. 8
14. 0
15. 6
16. 1
17. 4
18. 3
19. 1
20. 4
21. 4
22. 2
23. 1
24. 1
25. 1
26. 3
27. 5
28. 3
29. 1
30. 2
31. 4
32. 3
33. 6
34. 3
35. 3
36. 4
37. 5
38. 2
39. 2
40. 3
41. 3
42. 5
43. 3
44. 2
45. 1
46. 3
47. 5
48. 4
49. 2
50. 4
51. 3
52. 3
53. 2
54. 3
55. 3
56. 4
57. 3
58. 4
59. 5
60. 4
61. 3
62. 2
63. 2
64. 2
65. 3
66. 4
67. 1
68. 2
69. 4
70. 3
71. 1
72. 2
73. 1
74. 3
75. 6
76. 2
77. 3
78. 1
79. 5
80. 3
81. 3
82. 1
83. 3
84. 2
85. 4
86. 2
87. 2
88. 2
89. 2
90. 3
91. 3
92. 4
93. 6
94. 2
95. 1
96. 3
97. 5
98. 1
99. 4
100. 5
101. 2
102. 3
103. 2
104. 2
105. 3
106. 1
107. 7
108. 1
109. 5
110. 2
111. 2
112. 3
113. 4
114. 3
115. 3
116. 2
117. 2
118. 5
119. 3
120. 2
121. 1
122. 2
123. 5
124. 4
125. 4
126. 2
127. 4
128. 3
129. 3
130. 2
131. 5
132. 4
133. 4
134. 4
135. 5
136. 5
137. 1
138. 2
139. 3
140. 2
141. 2
142. 2
143. 6
144. 3
145. 2
146. 4
147. 2
148. 4
149. 3
150. 2
151. 3
152. 2
153. 3
154. 3
155. 3
156. 4
157. 2
158. 4
159. 3
160. 3
161. 2
162. 3
163. 2
164. 3
165. 6
166. 2
167. 2
168. 3
169. 5
170. 2
171. 3
172. 2
173. 2
174. 5
175. 2
176. 5
177. 2
178. 4
179. 4
180. 4
181. 4
182. 3
183. 2
184. 2
185. 3
186. 2
187. 3
188. 2
189. 2
190. 2
191. 4
192. 1
193. 4
194. 3
195. 3
196. 2
197. 1
198. 2
199. 3
200. 5