2375.txt
1. 0
2. 0
3. 2
4. 1
5. 1
6. 1
7. 0
8. 0
9. 0
10. 1
11. 8
12. 0
13. 2
14. 1
15. 7
16. 0
17. 0
18. 2
19. 1
20. 3
21. 0
22. 0
23. 2
24. 0
25. 0
26. 0
27. 1
28. 1
29. 3
30. 2
31. 1
32. 1
33. 0
34. 0
35. 0
36. 3
37. 1
38. 2
39. 0
40. 0
41. 1
42. 2
43. 0
44. 0
45. 1
46. 2
47. 2
48. 2
49. 0
50. 0
51. 3
52. 2
53. 0
54. 2
55. 2
56. 2
57. 8
58. 0
59. 1
60. 2
61. 1
62. 1
63. 0
64. 1
65. 0
66. 1
67. 2
68. 2
69. 0
70. 3
71. 0
72. 1
73. 3
74. 1
75. 1
76. 0
77. 1
78. 0
79. 0
80. 1
81. 2
82. 1
83. 1
84. 3
85. 6
86. 0
87. 2
88. 1
89. 3
90. 1
91. 0
92. 2
93. 1
94. 0
95. 0
96. 1
97. 0
98. 1
99. 0
100. 0
101. 1
102. 0
103. 0
104. 1
105. 2
106. 0
107. 0
108. 1
109. 1
110. 2
111. 3
112. 0
113. 0
114. 1
115. 1
116. 2
117. 2
118. 1
119. 1
120. 1
121. 0
122. 1
123. 2
124. 0
125. 0
126. 2
127. 1
128. 0
129. 1
130. 0
131. 2
132. 1
133. 1
134. 2
135. 2
136. 2
137. 0
138. 1
139. 0
140. 2
141. 1
142. 1
143. 2
144. 0
145. 3
146. 0
147. 0
148. 1
149. 0
150. 1
151. 0
152. 0
153. 1
154. 0
155. 0
156. 0
157. 3
158. 1
159. 0
160. 2
161. 2
162. 0
163. 3
164. 1
165. 1
166. 3
167. 1
168. 1
169. 2
170. 2
171. 1
172. 2
173. 0
174. 0
175. 0
176. 0
177. 1
178. 0
179. 2
180. 2
181. 2
182. 0
183. 2
184. 0
185. 0
186. 1
187. 1
188. 1
189. 0
190. 1
191. 2
192. 0
193. 1
194. 0
195. 0
196. 3
197. 1
198. 1
199. 1
200. 2