2383.txt
1. 2
2. 3
3. 3
4. 1
5. 4
6. 1
7. 4
8. 2
9. 1
10. 3
11. 3
12. 2
13. 2
14. 2
15. 2
16. 2
17. 4
18. 4
19. 6
20. 1
21. 4
22. 1
23. 4
24. 2
25. 3
26. 2
27. 4
28. 2
29. 5
30. 3
31. 2
32. 3
33. 2
34. 3
35. 2
36. 2
37. 2
38. 3
39. 2
40. 4
41. 3
42. 3
43. 3
44. 3
45. 4
46. 2
47. 3
48. 1
49. 2
50. 3
51. 2
52. 1
53. 3
54. 2
55. 3
56. 2
57. 2
58. 2
59. 3
60. 2
61. 3
62. 2
63. 2
64. 3
65. 6
66. 1
67. 3
68. 3
69. 4
70. 4
71. 2
72. 1
73. 4
74. 3
75. 2
76. 3
77. 3
78. 4
79. 5
80. 2
81. 3
82. 3
83. 3
84. 2
85. 2
86. 3
87. 4
88. 3
89. 2
90. 2
91. 2
92. 4
93. 4
94. 2
95. 3
96. 5
97. 2
98. 2
99. 2
100. 4
101. 2
102. 3
103. 1
104. 2
105. 3
106. 3
107. 2
108. 3
109. 1
110. 3
111. 2
112. 3
113. 1
114. 3
115. 2
116. 3
117. 3
118. 2
119. 2
120. 3
121. 1
122. 3
123. 2
124. 1
125. 2
126. 4
127. 3
128. 4
129. 2
130. 3
131. 4
132. 2
133. 3
134. 3
135. 2
136. 3
137. 2
138. 1
139. 3
140. 2
141. 1
142. 3
143. 2
144. 3
145. 2
146. 3
147. 3
148. 3
149. 3
150. 1
151. 1
152. 2
153. 2
154. 3
155. 1
156. 4
157. 3
158. 2
159. 2
160. 3
161. 2
162. 1
163. 2
164. 3
165. 2
166. 4
167. 2
168. 2
169. 2
170. 2
171. 3
172. 2
173. 3
174. 2
175. 2
176. 1
177. 3
178. 3
179. 3
180. 2
181. 3
182. 4
183. 4
184. 2
185. 3
186. 2
187. 3
188. 2
189. 4
190. 3
191. 2
192. 2
193. 2
194. 3
195. 3
196. 4
197. 2
198. 3
199. 2
200. 3