2389.txt
1. 2
2. 3
3. 2
4. 1
5. 4
6. 2
7. 3
8. 3
9. 2
10. 2
11. 1
12. 1
13. 3
14. 6
15. 2
16. 3
17. 3
18. 1
19. 3
20. 2
21. 3
22. 2
23. 1
24. 3
25. 3
26. 2
27. 1
28. 2
29. 2
30. 2
31. 4
32. 3
33. 2
34. 4
35. 2
36. 2
37. 3
38. 2
39. 2
40. 2
41. 3
42. 3
43. 2
44. 1
45. 2
46. 2
47. 2
48. 5
49. 4
50. 4
51. 2
52. 2
53. 2
54. 3
55. 3
56. 2
57. 2
58. 3
59. 1
60. 3
61. 1
62. 3
63. 1
64. 2
65. 2
66. 2
67. 3
68. 2
69. 1
70. 2
71. 2
72. 2
73. 3
74. 2
75. 3
76. 1
77. 2
78. 4
79. 2
80. 3
81. 2
82. 2
83. 2
84. 2
85. 1
86. 2
87. 3
88. 3
89. 2
90. 5
91. 3
92. 2
93. 2
94. 4
95. 2
96. 1
97. 2
98. 3
99. 2
100. 3
101. 5
102. 3
103. 2
104. 4
105. 3
106. 3
107. 2
108. 2
109. 2
110. 3
111. 2
112. 3
113. 1
114. 3
115. 1
116. 3
117. 2
118. 2
119. 5
120. 3
121. 2
122. 4
123. 1
124. 1
125. 2
126. 1
127. 2
128. 2
129. 2
130. 2
131. 2
132. 1
133. 2
134. 2
135. 3
136. 2
137. 2
138. 4
139. 3
140. 3
141. 3
142. 3
143. 2
144. 2
145. 2
146. 2
147. 2
148. 2
149. 2
150. 3
151. 5
152. 4
153. 2
154. 2
155. 4
156. 2
157. 1
158. 1
159. 2
160. 2
161. 2
162. 5
163. 1
164. 2
165. 2
166. 4
167. 4
168. 3
169. 3
170. 2
171. 2
172. 2
173. 2
174. 3
175. 1
176. 1
177. 2
178. 2
179. 2
180. 2
181. 2
182. 2
183. 4
184. 2
185. 2
186. 3
187. 2
188. 4
189. 3
190. 2
191. 2
192. 2
193. 2
194. 1
195. 2
196. 2
197. 1
198. 2
199. 2
200. 1