2398.txt
1. 3
2. 2
3. 3
4. 1
5. 1
6. 1
7. 2
8. 2
9. 2
10. 4
11. 4
12. 1
13. 1
14. 2
15. 1
16. 1
17. 1
18. 1
19. 3
20. 5
21. 1
22. 4
23. 2
24. 2
25. 3
26. 2
27. 1
28. 2
29. 1
30. 2
31. 1
32. 1
33. 2
34. 3
35. 1
36. 2
37. 2
38. 1
39. 2
40. 2
41. 2
42. 2
43. 2
44. 2
45. 2
46. 2
47. 3
48. 3
49. 2
50. 1
51. 2
52. 2
53. 1
54. 4
55. 2
56. 3
57. 1
58. 2
59. 1
60. 2
61. 3
62. 3
63. 4
64. 2
65. 3
66. 1
67. 1
68. 7
69. 2
70. 2
71. 6
72. 2
73. 1
74. 2
75. 1
76. 3
77. 2
78. 3
79. 1
80. 2
81. 1
82. 2
83. 3
84. 2
85. 2
86. 2
87. 2
88. 4
89. 3
90. 2
91. 2
92. 2
93. 3
94. 2
95. 2
96. 2
97. 2
98. 3
99. 2
100. 2
101. 2
102. 2
103. 3
104. 6
105. 1
106. 1
107. 2
108. 2
109. 2
110. 3
111. 2
112. 1
113. 2
114. 1
115. 3
116. 2
117. 2
118. 3
119. 2
120. 2
121. 2
122. 3
123. 2
124. 3
125. 3
126. 2
127. 1
128. 1
129. 3
130. 2
131. 2
132. 3
133. 1
134. 2
135. 2
136. 2
137. 1
138. 2
139. 2
140. 3
141. 1
142. 2
143. 2
144. 3
145. 1
146. 2
147. 2
148. 2
149. 2
150. 3
151. 2
152. 1
153. 3
154. 3
155. 2
156. 1
157. 2
158. 3
159. 4
160. 2
161. 2
162. 3
163. 4
164. 1
165. 2
166. 1
167. 3
168. 2
169. 3
170. 2
171. 1
172. 2
173. 2
174. 2
175. 2
176. 2
177. 3
178. 3
179. 2
180. 2
181. 3
182. 2
183. 4
184. 3
185. 2
186. 3
187. 3
188. 1
189. 2
190. 2
191. 2
192. 2
193. 2
194. 3
195. 2
196. 2
197. 2
198. 1
199. 2
200. 2