240.txt
1. 0
2. 1
3. 2
4. 1
5. 3
6. 0
7. 2
8. 0
9. 1
10. 2
11. 1
12. 0
13. 1
14. 1
15. 3
16. 2
17. 2
18. 4
19. 3
20. 2
21. 3
22. 2
23. 0
24. 2
25. 2
26. 4
27. 2
28. 1
29. 1
30. 7
31. 2
32. 0
33. 1
34. 3
35. 4
36. 2
37. 2
38. 2
39. 3
40. 1
41. 3
42. 1
43. 3
44. 2
45. 5
46. 2
47. 2
48. 3
49. 1
50. 3
51. 1
52. 0
53. 1
54. 3
55. 1
56. 3
57. 2
58. 4
59. 1
60. 3
61. 2
62. 3
63. 1
64. 1
65. 2
66. 3
67. 0
68. 0
69. 1
70. 2
71. 1
72. 1
73. 1
74. 5
75. 1
76. 2
77. 2
78. 3
79. 2
80. 1
81. 4
82. 2
83. 2
84. 0
85. 3
86. 2
87. 1
88. 1
89. 0
90. 1
91. 2
92. 3
93. 1
94. 3
95. 2
96. 1
97. 4
98. 2
99. 2
100. 6
101. 1
102. 2
103. 1
104. 1
105. 2
106. 1
107. 2
108. 2
109. 1
110. 2
111. 2
112. 1
113. 4
114. 1
115. 1
116. 0
117. 1
118. 2
119. 3
120. 2
121. 2
122. 4
123. 1
124. 0
125. 2
126. 1
127. 2
128. 1
129. 2
130. 1
131. 3
132. 1
133. 0
134. 1
135. 1
136. 0
137. 2
138. 2
139. 2
140. 1
141. 4
142. 1
143. 3
144. 1
145. 2
146. 1
147. 2
148. 3
149. 1
150. 1
151. 1
152. 2
153. 2
154. 2
155. 1
156. 3
157. 3
158. 2
159. 1
160. 2
161. 3
162. 1
163. 1
164. 2
165. 3
166. 2
167. 1
168. 2
169. 1
170. 2
171. 1
172. 1
173. 2
174. 2
175. 1
176. 1
177. 1
178. 3
179. 3
180. 3
181. 1
182. 2
183. 2
184. 3
185. 2
186. 1
187. 3
188. 2
189. 2
190. 1
191. 1
192. 2
193. 2
194. 1
195. 3
196. 2
197. 2
198. 2
199. 1
200. 2