2403.txt
1. 2
2. 1
3. 4
4. 1
5. 1
6. 2
7. 3
8. 1
9. 4
10. 6
11. 3
12. 2
13. 1
14. 4
15. 2
16. 1
17. 3
18. 1
19. 3
20. 3
21. 2
22. 2
23. 2
24. 2
25. 2
26. 4
27. 1
28. 4
29. 1
30. 2
31. 3
32. 1
33. 3
34. 3
35. 2
36. 3
37. 3
38. 4
39. 2
40. 3
41. 2
42. 3
43. 3
44. 2
45. 2
46. 1
47. 3
48. 1
49. 2
50. 7
51. 2
52. 3
53. 1
54. 1
55. 1
56. 2
57. 2
58. 4
59. 2
60. 1
61. 2
62. 2
63. 2
64. 3
65. 5
66. 2
67. 2
68. 2
69. 3
70. 1
71. 2
72. 3
73. 2
74. 2
75. 1
76. 5
77. 2
78. 1
79. 4
80. 2
81. 2
82. 3
83. 3
84. 4
85. 3
86. 3
87. 2
88. 2
89. 2
90. 4
91. 3
92. 5
93. 2
94. 3
95. 2
96. 3
97. 2
98. 3
99. 3
100. 3
101. 2
102. 2
103. 2
104. 2
105. 2
106. 3
107. 1
108. 5
109. 4
110. 1
111. 1
112. 4
113. 1
114. 3
115. 2
116. 4
117. 1
118. 1
119. 2
120. 3
121. 1
122. 6
123. 1
124. 2
125. 2
126. 1
127. 2
128. 2
129. 1
130. 3
131. 1
132. 2
133. 4
134. 2
135. 2
136. 2
137. 1
138. 2
139. 2
140. 2
141. 3
142. 2
143. 1
144. 2
145. 3
146. 3
147. 2
148. 1
149. 2
150. 2
151. 3
152. 4
153. 4
154. 2
155. 1
156. 2
157. 2
158. 2
159. 4
160. 1
161. 1
162. 3
163. 2
164. 3
165. 2
166. 2
167. 3
168. 2
169. 3
170. 3
171. 2
172. 1
173. 3
174. 2
175. 2
176. 1
177. 2
178. 2
179. 3
180. 3
181. 2
182. 2
183. 2
184. 1
185. 2
186. 2
187. 2
188. 2
189. 2
190. 2
191. 2
192. 4
193. 5
194. 2
195. 4
196. 2
197. 2
198. 1
199. 3
200. 2