2413.txt
1. 2
2. 2
3. 0
4. 3
5. 2
6. 2
7. 6
8. 0
9. 4
10. 1
11. 1
12. 0
13. 0
14. 3
15. 0
16. 3
17. 3
18. 0
19. 1
20. 1
21. 0
22. 1
23. 4
24. 1
25. 1
26. 1
27. 1
28. 4
29. 3
30. 1
31. 1
32. 2
33. 0
34. 0
35. 3
36. 8
37. 0
38. 6
39. 2
40. 1
41. 4
42. 5
43. 1
44. 0
45. 3
46. 1
47. 3
48. 2
49. 2
50. 3
51. 4
52. 2
53. 1
54. 1
55. 2
56. 4
57. 0
58. 3
59. 2
60. 2
61. 1
62. 2
63. 9
64. 0
65. 0
66. 3
67. 0
68. 4
69. 1
70. 0
71. 2
72. 3
73. 0
74. 1
75. 1
76. 1
77. 0
78. 3
79. 5
80. 1
81. 2
82. 2
83. 5
84. 1
85. 2
86. 0
87. 1
88. 1
89. 2
90. 4
91. 2
92. 3
93. 2
94. 2
95. 0
96. 1
97. 2
98. 3
99. 2
100. 1
101. 2
102. 0
103. 1
104. 1
105. 2
106. 3
107. 2
108. 1
109. 0
110. 0
111. 2
112. 2
113. 1
114. 0
115. 2
116. 2
117. 2
118. 3
119. 1
120. 2
121. 2
122. 2
123. 1
124. 2
125. 1
126. 0
127. 3
128. 1
129. 0
130. 2
131. 0
132. 1
133. 1
134. 1
135. 2
136. 2
137. 2
138. 2
139. 0
140. 4
141. 1
142. 1
143. 1
144. 2
145. 2
146. 2
147. 3
148. 1
149. 4
150. 2
151. 1
152. 1
153. 2
154. 2
155. 1
156. 1
157. 3
158. 4
159. 1
160. 5
161. 1
162. 0
163. 2
164. 1
165. 6
166. 4
167. 1
168. 1
169. 2
170. 3
171. 4
172. 2
173. 1
174. 3
175. 2
176. 2
177. 1
178. 3
179. 3
180. 1
181. 2
182. 1
183. 5
184. 1
185. 2
186. 3
187. 4
188. 3
189. 1
190. 2
191. 4
192. 1
193. 3
194. 2
195. 1
196. 2
197. 1
198. 3
199. 4
200. 1