2415.txt
1. 0
2. 3
3. 0
4. 1
5. 2
6. 2
7. 0
8. 4
9. 7
10. 1
11. 6
12. 2
13. 0
14. 1
15. 0
16. 0
17. 5
18. 0
19. 3
20. 0
21. 1
22. 0
23. 0
24. 3
25. 6
26. 0
27. 2
28. 1
29. 2
30. 0
31. 2
32. 0
33. 0
34. 1
35. 2
36. 0
37. 1
38. 0
39. 4
40. 0
41. 2
42. 1
43. 0
44. 3
45. 4
46. 1
47. 2
48. 1
49. 2
50. 2
51. 0
52. 4
53. 2
54. 1
55. 1
56. 0
57. 2
58. 0
59. 3
60. 1
61. 1
62. 0
63. 0
64. 3
65. 0
66. 2
67. 1
68. 2
69. 3
70. 1
71. 4
72. 2
73. 2
74. 0
75. 2
76. 0
77. 1
78. 2
79. 0
80. 2
81. 2
82. 3
83. 2
84. 1
85. 0
86. 2
87. 0
88. 0
89. 4
90. 4
91. 0
92. 0
93. 1
94. 2
95. 3
96. 2
97. 1
98. 0
99. 3
100. 2
101. 1
102. 6
103. 0
104. 3
105. 1
106. 0
107. 0
108. 3
109. 0
110. 2
111. 0
112. 3
113. 0
114. 0
115. 2
116. 3
117. 2
118. 0
119. 5
120. 1
121. 0
122. 2
123. 0
124. 0
125. 1
126. 0
127. 0
128. 1
129. 0
130. 0
131. 0
132. 3
133. 1
134. 1
135. 3
136. 1
137. 2
138. 4
139. 2
140. 1
141. 1
142. 0
143. 0
144. 0
145. 1
146. 0
147. 2
148. 2
149. 0
150. 0
151. 7
152. 0
153. 2
154. 0
155. 1
156. 2
157. 0
158. 6
159. 0
160. 3
161. 0
162. 2
163. 0
164. 1
165. 1
166. 0
167. 2
168. 0
169. 1
170. 1
171. 1
172. 1
173. 3
174. 3
175. 4
176. 0
177. 0
178. 3
179. 1
180. 2
181. 1
182. 1
183. 0
184. 0
185. 2
186. 0
187. 4
188. 0
189. 0
190. 2
191. 2
192. 0
193. 0
194. 0
195. 2
196. 2
197. 3
198. 1
199. 0
200. 3