2418.txt
1. 0
2. 3
3. 2
4. 2
5. 5
6. 6
7. 1
8. 1
9. 4
10. 1
11. 5
12. 2
13. 2
14. 1
15. 4
16. 2
17. 2
18. 3
19. 3
20. 0
21. 4
22. 1
23. 0
24. 2
25. 2
26. 3
27. 2
28. 3
29. 4
30. 5
31. 2
32. 2
33. 1
34. 0
35. 3
36. 4
37. 2
38. 2
39. 3
40. 2
41. 4
42. 5
43. 2
44. 2
45. 1
46. 3
47. 7
48. 4
49. 3
50. 2
51. 6
52. 2
53. 2
54. 1
55. 1
56. 2
57. 2
58. 2
59. 3
60. 3
61. 2
62. 2
63. 3
64. 2
65. 2
66. 3
67. 2
68. 3
69. 2
70. 1
71. 2
72. 2
73. 0
74. 2
75. 3
76. 3
77. 4
78. 2
79. 1
80. 2
81. 3
82. 1
83. 1
84. 1
85. 4
86. 1
87. 2
88. 3
89. 3
90. 2
91. 4
92. 2
93. 3
94. 2
95. 3
96. 2
97. 1
98. 3
99. 2
100. 3
101. 2
102. 2
103. 2
104. 2
105. 4
106. 3
107. 2
108. 3
109. 3
110. 2
111. 4
112. 1
113. 3
114. 2
115. 4
116. 4
117. 3
118. 3
119. 3
120. 2
121. 4
122. 1
123. 3
124. 3
125. 1
126. 2
127. 1
128. 3
129. 2
130. 1
131. 2
132. 1
133. 0
134. 1
135. 5
136. 3
137. 3
138. 4
139. 1
140. 3
141. 2
142. 2
143. 3
144. 2
145. 2
146. 5
147. 2
148. 1
149. 1
150. 4
151. 2
152. 2
153. 2
154. 3
155. 1
156. 1
157. 8
158. 1
159. 3
160. 2
161. 1
162. 3
163. 1
164. 1
165. 6
166. 2
167. 3
168. 2
169. 1
170. 1
171. 2
172. 2
173. 2
174. 2
175. 3
176. 2
177. 3
178. 2
179. 4
180. 2
181. 3
182. 0
183. 3
184. 3
185. 1
186. 1
187. 3
188. 2
189. 3
190. 2
191. 1
192. 1
193. 1
194. 2
195. 2
196. 2
197. 1
198. 3
199. 2
200. 1