243.txt
1. 2
2. 4
3. 1
4. 2
5. 1
6. 1
7. 3
8. 1
9. 1
10. 3
11. 2
12. 2
13. 4
14. 1
15. 4
16. 5
17. 1
18. 2
19. 2
20. 1
21. 2
22. 2
23. 3
24. 6
25. 3
26. 2
27. 1
28. 3
29. 2
30. 3
31. 2
32. 3
33. 4
34. 5
35. 3
36. 1
37. 2
38. 3
39. 2
40. 7
41. 3
42. 1
43. 2
44. 2
45. 6
46. 2
47. 5
48. 6
49. 2
50. 3
51. 2
52. 2
53. 2
54. 2
55. 2
56. 1
57. 1
58. 4
59. 1
60. 3
61. 2
62. 2
63. 2
64. 6
65. 3
66. 2
67. 2
68. 1
69. 1
70. 2
71. 3
72. 3
73. 2
74. 2
75. 5
76. 3
77. 2
78. 2
79. 3
80. 1
81. 2
82. 2
83. 4
84. 1
85. 2
86. 1
87. 2
88. 3
89. 5
90. 3
91. 1
92. 1
93. 2
94. 3
95. 2
96. 4
97. 1
98. 2
99. 2
100. 3
101. 3
102. 5
103. 3
104. 1
105. 2
106. 2
107. 2
108. 2
109. 2
110. 3
111. 4
112. 2
113. 3
114. 4
115. 1
116. 3
117. 2
118. 2
119. 4
120. 5
121. 8
122. 5
123. 6
124. 1
125. 2
126. 3
127. 2
128. 3
129. 3
130. 2
131. 2
132. 2
133. 3
134. 2
135. 3
136. 3
137. 3
138. 1
139. 2
140. 4
141. 6
142. 2
143. 4
144. 3
145. 2
146. 2
147. 1
148. 3
149. 1
150. 2
151. 1
152. 2
153. 5
154. 2
155. 3
156. 3
157. 2
158. 2
159. 1
160. 2
161. 2
162. 2
163. 2
164. 3
165. 1
166. 1
167. 1
168. 2
169. 3
170. 4
171. 1
172. 2
173. 1
174. 4
175. 2
176. 3
177. 3
178. 2
179. 2
180. 1
181. 1
182. 2
183. 2
184. 2
185. 2
186. 1
187. 2
188. 5
189. 2
190. 4
191. 2
192. 2
193. 3
194. 2
195. 3
196. 4
197. 3
198. 2
199. 5
200. 2