2430.txt
1. 2
2. 1
3. 5
4. 1
5. 3
6. 7
7. 2
8. 4
9. 2
10. 2
11. 2
12. 3
13. 5
14. 1
15. 4
16. 1
17. 2
18. 4
19. 2
20. 3
21. 3
22. 4
23. 1
24. 2
25. 1
26. 3
27. 2
28. 1
29. 4
30. 5
31. 2
32. 2
33. 2
34. 4
35. 1
36. 3
37. 4
38. 3
39. 3
40. 2
41. 2
42. 2
43. 3
44. 3
45. 4
46. 1
47. 2
48. 2
49. 4
50. 4
51. 1
52. 3
53. 1
54. 2
55. 2
56. 3
57. 2
58. 2
59. 3
60. 2
61. 4
62. 2
63. 2
64. 3
65. 2
66. 2
67. 3
68. 4
69. 2
70. 2
71. 1
72. 2
73. 2
74. 1
75. 3
76. 1
77. 1
78. 3
79. 3
80. 3
81. 2
82. 2
83. 4
84. 2
85. 3
86. 3
87. 2
88. 2
89. 2
90. 3
91. 3
92. 4
93. 2
94. 1
95. 2
96. 3
97. 2
98. 2
99. 5
100. 3
101. 2
102. 2
103. 2
104. 2
105. 2
106. 4
107. 3
108. 4
109. 2
110. 2
111. 4
112. 2
113. 3
114. 1
115. 2
116. 1
117. 2
118. 3
119. 3
120. 2
121. 1
122. 2
123. 2
124. 2
125. 4
126. 3
127. 3
128. 3
129. 1
130. 2
131. 4
132. 3
133. 2
134. 1
135. 3
136. 3
137. 2
138. 3
139. 2
140. 3
141. 2
142. 2
143. 1
144. 2
145. 2
146. 2
147. 3
148. 2
149. 3
150. 2
151. 4
152. 3
153. 1
154. 4
155. 1
156. 3
157. 2
158. 4
159. 3
160. 2
161. 5
162. 3
163. 2
164. 6
165. 3
166. 4
167. 2
168. 1
169. 3
170. 4
171. 2
172. 1
173. 2
174. 4
175. 3
176. 1
177. 2
178. 3
179. 3
180. 2
181. 2
182. 3
183. 1
184. 2
185. 2
186. 2
187. 3
188. 2
189. 3
190. 3
191. 4
192. 1
193. 2
194. 3
195. 2
196. 4
197. 4
198. 1
199. 2
200. 2