2431.txt
1. 2
2. 3
3. 4
4. 2
5. 1
6. 8
7. 2
8. 1
9. 2
10. 2
11. 8
12. 3
13. 1
14. 2
15. 1
16. 2
17. 1
18. 2
19. 1
20. 2
21. 3
22. 2
23. 2
24. 1
25. 3
26. 2
27. 3
28. 3
29. 1
30. 4
31. 1
32. 3
33. 2
34. 1
35. 3
36. 2
37. 3
38. 1
39. 1
40. 3
41. 2
42. 2
43. 2
44. 2
45. 3
46. 1
47. 6
48. 1
49. 4
50. 3
51. 2
52. 3
53. 2
54. 1
55. 2
56. 2
57. 3
58. 1
59. 2
60. 2
61. 3
62. 1
63. 3
64. 2
65. 1
66. 2
67. 1
68. 2
69. 1
70. 2
71. 2
72. 5
73. 2
74. 1
75. 2
76. 2
77. 4
78. 2
79. 2
80. 3
81. 1
82. 2
83. 3
84. 1
85. 2
86. 3
87. 3
88. 3
89. 2
90. 1
91. 1
92. 2
93. 3
94. 2
95. 2
96. 1
97. 3
98. 2
99. 3
100. 4
101. 2
102. 2
103. 1
104. 2
105. 4
106. 2
107. 3
108. 4
109. 1
110. 2
111. 3
112. 1
113. 1
114. 2
115. 3
116. 2
117. 3
118. 2
119. 1
120. 2
121. 2
122. 1
123. 3
124. 2
125. 2
126. 2
127. 3
128. 2
129. 2
130. 3
131. 2
132. 3
133. 2
134. 4
135. 2
136. 1
137. 1
138. 4
139. 2
140. 2
141. 4
142. 2
143. 2
144. 3
145. 4
146. 1
147. 1
148. 2
149. 2
150. 1
151. 2
152. 3
153. 2
154. 2
155. 1
156. 3
157. 1
158. 2
159. 2
160. 1
161. 2
162. 2
163. 2
164. 3
165. 2
166. 3
167. 3
168. 2
169. 1
170. 3
171. 2
172. 2
173. 3
174. 3
175. 4
176. 2
177. 3
178. 4
179. 2
180. 1
181. 2
182. 1
183. 2
184. 2
185. 1
186. 1
187. 2
188. 1
189. 3
190. 1
191. 4
192. 2
193. 3
194. 4
195. 3
196. 2
197. 1
198. 1
199. 2
200. 2