2436.txt
1. 3
2. 2
3. 2
4. 3
5. 2
6. 1
7. 1
8. 0
9. 5
10. 2
11. 1
12. 4
13. 4
14. 2
15. 1
16. 1
17. 4
18. 1
19. 3
20. 1
21. 5
22. 1
23. 3
24. 2
25. 4
26. 1
27. 3
28. 4
29. 2
30. 2
31. 3
32. 2
33. 2
34. 4
35. 3
36. 2
37. 2
38. 2
39. 1
40. 3
41. 1
42. 2
43. 1
44. 1
45. 3
46. 2
47. 2
48. 2
49. 2
50. 3
51. 2
52. 2
53. 4
54. 1
55. 3
56. 2
57. 2
58. 1
59. 2
60. 1
61. 2
62. 2
63. 1
64. 2
65. 3
66. 3
67. 1
68. 2
69. 1
70. 4
71. 3
72. 1
73. 2
74. 1
75. 4
76. 3
77. 2
78. 1
79. 2
80. 2
81. 1
82. 2
83. 1
84. 2
85. 2
86. 3
87. 4
88. 2
89. 2
90. 1
91. 2
92. 2
93. 2
94. 1
95. 1
96. 3
97. 4
98. 1
99. 1
100. 3
101. 4
102. 1
103. 2
104. 2
105. 3
106. 3
107. 2
108. 3
109. 2
110. 3
111. 2
112. 2
113. 2
114. 1
115. 2
116. 3
117. 2
118. 3
119. 2
120. 1
121. 3
122. 2
123. 2
124. 2
125. 4
126. 2
127. 2
128. 3
129. 3
130. 2
131. 3
132. 1
133. 2
134. 1
135. 2
136. 5
137. 1
138. 3
139. 2
140. 2
141. 3
142. 1
143. 2
144. 2
145. 2
146. 2
147. 3
148. 1
149. 3
150. 2
151. 1
152. 1
153. 2
154. 2
155. 2
156. 3
157. 4
158. 1
159. 3
160. 2
161. 2
162. 1
163. 4
164. 1
165. 2
166. 2
167. 3
168. 2
169. 2
170. 2
171. 3
172. 3
173. 1
174. 2
175. 4
176. 2
177. 4
178. 1
179. 2
180. 2
181. 3
182. 1
183. 2
184. 3
185. 2
186. 2
187. 2
188. 2
189. 2
190. 3
191. 2
192. 2
193. 3
194. 1
195. 2
196. 2
197. 2
198. 2
199. 3
200. 3