2439.txt
1. 2
2. 1
3. 2
4. 7
5. 3
6. 2
7. 7
8. 1
9. 7
10. 5
11. 4
12. 2
13. 2
14. 3
15. 4
16. 1
17. 1
18. 4
19. 3
20. 1
21. 1
22. 2
23. 6
24. 3
25. 3
26. 3
27. 3
28. 2
29. 2
30. 4
31. 3
32. 1
33. 4
34. 3
35. 2
36. 6
37. 4
38. 1
39. 2
40. 2
41. 2
42. 3
43. 1
44. 3
45. 1
46. 4
47. 2
48. 2
49. 2
50. 3
51. 1
52. 3
53. 2
54. 3
55. 4
56. 3
57. 2
58. 4
59. 2
60. 1
61. 5
62. 2
63. 2
64. 2
65. 5
66. 3
67. 2
68. 3
69. 1
70. 4
71. 5
72. 2
73. 3
74. 2
75. 2
76. 6
77. 5
78. 2
79. 1
80. 2
81. 2
82. 2
83. 5
84. 3
85. 2
86. 4
87. 2
88. 3
89. 2
90. 2
91. 4
92. 3
93. 1
94. 2
95. 4
96. 2
97. 2
98. 3
99. 1
100. 3
101. 3
102. 2
103. 4
104. 3
105. 2
106. 3
107. 5
108. 2
109. 1
110. 3
111. 2
112. 1
113. 1
114. 6
115. 3
116. 2
117. 2
118. 1
119. 4
120. 2
121. 2
122. 2
123. 2
124. 3
125. 3
126. 1
127. 3
128. 2
129. 3
130. 2
131. 3
132. 4
133. 1
134. 3
135. 3
136. 1
137. 2
138. 4
139. 2
140. 3
141. 2
142. 1
143. 3
144. 2
145. 1
146. 2
147. 2
148. 3
149. 2
150. 2
151. 3
152. 2
153. 4
154. 5
155. 2
156. 3
157. 1
158. 3
159. 2
160. 3
161. 2
162. 3
163. 2
164. 2
165. 2
166. 2
167. 1
168. 3
169. 1
170. 1
171. 4
172. 5
173. 2
174. 1
175. 2
176. 2
177. 2
178. 1
179. 5
180. 3
181. 2
182. 1
183. 2
184. 2
185. 3
186. 2
187. 3
188. 4
189. 4
190. 5
191. 3
192. 3
193. 3
194. 2
195. 2
196. 2
197. 2
198. 4
199. 3
200. 2