245.txt
1. 2
2. 3
3. 2
4. 1
5. 1
6. 3
7. 1
8. 1
9. 3
10. 4
11. 1
12. 2
13. 2
14. 3
15. 2
16. 1
17. 3
18. 2
19. 1
20. 3
21. 2
22. 2
23. 3
24. 1
25. 2
26. 2
27. 1
28. 5
29. 3
30. 3
31. 1
32. 1
33. 3
34. 6
35. 3
36. 2
37. 2
38. 2
39. 2
40. 4
41. 2
42. 2
43. 1
44. 4
45. 2
46. 4
47. 1
48. 1
49. 2
50. 2
51. 2
52. 3
53. 4
54. 7
55. 1
56. 2
57. 1
58. 4
59. 3
60. 3
61. 1
62. 1
63. 1
64. 2
65. 4
66. 1
67. 3
68. 2
69. 1
70. 3
71. 1
72. 2
73. 3
74. 5
75. 1
76. 2
77. 3
78. 2
79. 1
80. 3
81. 1
82. 3
83. 3
84. 3
85. 1
86. 2
87. 1
88. 4
89. 2
90. 2
91. 6
92. 2
93. 1
94. 1
95. 3
96. 1
97. 3
98. 2
99. 1
100. 2
101. 3
102. 1
103. 2
104. 2
105. 2
106. 2
107. 2
108. 2
109. 1
110. 4
111. 3
112. 2
113. 2
114. 2
115. 2
116. 2
117. 4
118. 1
119. 2
120. 2
121. 3
122. 2
123. 5
124. 2
125. 2
126. 2
127. 3
128. 3
129. 1
130. 2
131. 1
132. 1
133. 2
134. 1
135. 1
136. 2
137. 2
138. 1
139. 2
140. 3
141. 1
142. 2
143. 2
144. 2
145. 3
146. 1
147. 1
148. 2
149. 2
150. 3
151. 2
152. 2
153. 1
154. 3
155. 3
156. 2
157. 2
158. 1
159. 1
160. 3
161. 3
162. 1
163. 2
164. 2
165. 1
166. 2
167. 1
168. 2
169. 3
170. 3
171. 2
172. 1
173. 2
174. 4
175. 1
176. 2
177. 2
178. 3
179. 1
180. 3
181. 3
182. 2
183. 1
184. 6
185. 1
186. 2
187. 2
188. 1
189. 2
190. 2
191. 3
192. 2
193. 4
194. 2
195. 4
196. 2
197. 2
198. 1
199. 1
200. 3