2455.txt
1. 2
2. 4
3. 2
4. 1
5. 3
6. 2
7. 2
8. 1
9. 2
10. 1
11. 4
12. 1
13. 4
14. 2
15. 3
16. 2
17. 4
18. 3
19. 2
20. 3
21. 4
22. 2
23. 4
24. 2
25. 5
26. 2
27. 1
28. 2
29. 5
30. 1
31. 2
32. 2
33. 2
34. 2
35. 3
36. 2
37. 1
38. 3
39. 3
40. 4
41. 2
42. 3
43. 5
44. 1
45. 2
46. 3
47. 4
48. 1
49. 2
50. 7
51. 2
52. 1
53. 3
54. 2
55. 2
56. 3
57. 3
58. 1
59. 1
60. 2
61. 2
62. 2
63. 1
64. 3
65. 3
66. 3
67. 2
68. 3
69. 2
70. 3
71. 3
72. 2
73. 3
74. 2
75. 7
76. 2
77. 3
78. 1
79. 2
80. 3
81. 2
82. 3
83. 2
84. 2
85. 2
86. 3
87. 2
88. 2
89. 2
90. 3
91. 2
92. 2
93. 2
94. 3
95. 1
96. 3
97. 2
98. 2
99. 3
100. 1
101. 4
102. 4
103. 2
104. 3
105. 4
106. 3
107. 2
108. 3
109. 2
110. 2
111. 2
112. 2
113. 1
114. 2
115. 1
116. 2
117. 4
118. 1
119. 2
120. 5
121. 2
122. 4
123. 2
124. 1
125. 2
126. 2
127. 2
128. 2
129. 2
130. 1
131. 2
132. 2
133. 2
134. 2
135. 1
136. 3
137. 3
138. 2
139. 2
140. 1
141. 2
142. 3
143. 2
144. 2
145. 2
146. 2
147. 2
148. 2
149. 3
150. 2
151. 4
152. 2
153. 2
154. 6
155. 2
156. 3
157. 2
158. 2
159. 2
160. 2
161. 3
162. 2
163. 2
164. 2
165. 3
166. 2
167. 1
168. 2
169. 1
170. 2
171. 2
172. 2
173. 3
174. 2
175. 2
176. 2
177. 3
178. 1
179. 1
180. 2
181. 2
182. 3
183. 2
184. 2
185. 3
186. 3
187. 4
188. 1
189. 2
190. 2
191. 2
192. 2
193. 2
194. 3
195. 2
196. 2
197. 2
198. 2
199. 3
200. 3