2463.txt
1. 2
2. 6
3. 2
4. 3
5. 4
6. 3
7. 4
8. 2
9. 2
10. 3
11. 2
12. 2
13. 2
14. 3
15. 4
16. 3
17. 3
18. 2
19. 4
20. 4
21. 2
22. 2
23. 3
24. 2
25. 5
26. 2
27. 2
28. 3
29. 2
30. 3
31. 2
32. 3
33. 4
34. 1
35. 2
36. 3
37. 4
38. 1
39. 5
40. 6
41. 2
42. 3
43. 5
44. 4
45. 4
46. 3
47. 3
48. 2
49. 2
50. 4
51. 3
52. 3
53. 4
54. 4
55. 2
56. 5
57. 2
58. 4
59. 2
60. 3
61. 2
62. 2
63. 3
64. 2
65. 3
66. 2
67. 2
68. 4
69. 2
70. 3
71. 1
72. 2
73. 2
74. 3
75. 2
76. 2
77. 2
78. 3
79. 3
80. 1
81. 4
82. 1
83. 2
84. 3
85. 1
86. 4
87. 4
88. 3
89. 4
90. 4
91. 3
92. 3
93. 3
94. 3
95. 4
96. 3
97. 4
98. 4
99. 4
100. 2
101. 3
102. 2
103. 2
104. 3
105. 2
106. 3
107. 2
108. 4
109. 4
110. 5
111. 2
112. 2
113. 2
114. 2
115. 3
116. 4
117. 2
118. 3
119. 2
120. 3
121. 3
122. 3
123. 2
124. 2
125. 3
126. 4
127. 3
128. 2
129. 3
130. 1
131. 2
132. 3
133. 2
134. 2
135. 5
136. 2
137. 3
138. 3
139. 2
140. 1
141. 2
142. 3
143. 2
144. 2
145. 2
146. 3
147. 2
148. 2
149. 3
150. 3
151. 2
152. 3
153. 2
154. 2
155. 3
156. 3
157. 2
158. 3
159. 2
160. 4
161. 3
162. 2
163. 2
164. 3
165. 2
166. 2
167. 2
168. 3
169. 4
170. 1
171. 4
172. 6
173. 4
174. 3
175. 2
176. 3
177. 4
178. 2
179. 3
180. 3
181. 2
182. 2
183. 3
184. 2
185. 3
186. 3
187. 3
188. 2
189. 3
190. 2
191. 2
192. 3
193. 3
194. 3
195. 2
196. 2
197. 2
198. 2
199. 2
200. 2