2474.txt
1. 2
2. 3
3. 7
4. 2
5. 1
6. 3
7. 3
8. 2
9. 2
10. 2
11. 1
12. 0
13. 4
14. 1
15. 1
16. 1
17. 0
18. 1
19. 3
20. 0
21. 8
22. 1
23. 3
24. 4
25. 2
26. 3
27. 4
28. 5
29. 2
30. 2
31. 1
32. 3
33. 1
34. 3
35. 2
36. 2
37. 2
38. 4
39. 2
40. 1
41. 1
42. 4
43. 2
44. 3
45. 4
46. 2
47. 2
48. 3
49. 2
50. 2
51. 2
52. 3
53. 4
54. 3
55. 7
56. 3
57. 2
58. 3
59. 2
60. 1
61. 3
62. 2
63. 2
64. 2
65. 3
66. 2
67. 1
68. 2
69. 3
70. 2
71. 3
72. 2
73. 2
74. 2
75. 5
76. 3
77. 2
78. 3
79. 2
80. 3
81. 3
82. 2
83. 1
84. 2
85. 4
86. 1
87. 8
88. 3
89. 2
90. 4
91. 1
92. 1
93. 3
94. 1
95. 2
96. 2
97. 1
98. 2
99. 3
100. 2
101. 2
102. 5
103. 1
104. 3
105. 4
106. 2
107. 3
108. 2
109. 2
110. 1
111. 1
112. 2
113. 1
114. 3
115. 2
116. 4
117. 4
118. 4
119. 2
120. 3
121. 2
122. 3
123. 2
124. 2
125. 3
126. 3
127. 3
128. 2
129. 2
130. 2
131. 4
132. 4
133. 2
134. 3
135. 3
136. 3
137. 3
138. 1
139. 2
140. 2
141. 5
142. 2
143. 2
144. 1
145. 3
146. 4
147. 2
148. 3
149. 2
150. 4
151. 3
152. 3
153. 3
154. 2
155. 2
156. 1
157. 2
158. 1
159. 2
160. 3
161. 2
162. 2
163. 2
164. 3
165. 1
166. 3
167. 3
168. 1
169. 2
170. 4
171. 1
172. 3
173. 2
174. 3
175. 3
176. 2
177. 3
178. 2
179. 4
180. 2
181. 4
182. 2
183. 3
184. 2
185. 3
186. 1
187. 5
188. 2
189. 2
190. 1
191. 1
192. 3
193. 2
194. 3
195. 2
196. 4
197. 2
198. 5
199. 3
200. 4