2495.txt
1. 5
2. 1
3. 1
4. 1
5. 2
6. 1
7. 1
8. 3
9. 2
10. 3
11. 0
12. 4
13. 4
14. 7
15. 4
16. 1
17. 2
18. 3
19. 2
20. 4
21. 1
22. 1
23. 3
24. 2
25. 3
26. 3
27. 1
28. 2
29. 4
30. 1
31. 3
32. 4
33. 3
34. 2
35. 1
36. 3
37. 2
38. 2
39. 2
40. 2
41. 2
42. 4
43. 2
44. 2
45. 2
46. 2
47. 2
48. 6
49. 4
50. 3
51. 2
52. 3
53. 6
54. 5
55. 2
56. 1
57. 3
58. 2
59. 1
60. 5
61. 1
62. 2
63. 1
64. 1
65. 3
66. 3
67. 1
68. 1
69. 1
70. 2
71. 4
72. 2
73. 1
74. 2
75. 2
76. 1
77. 1
78. 3
79. 2
80. 2
81. 1
82. 2
83. 1
84. 2
85. 2
86. 1
87. 3
88. 3
89. 3
90. 4
91. 2
92. 3
93. 2
94. 3
95. 2
96. 1
97. 2
98. 2
99. 2
100. 2
101. 1
102. 4
103. 2
104. 1
105. 5
106. 2
107. 3
108. 2
109. 3
110. 1
111. 2
112. 2
113. 2
114. 2
115. 2
116. 2
117. 1
118. 4
119. 1
120. 2
121. 2
122. 3
123. 2
124. 4
125. 3
126. 1
127. 2
128. 2
129. 2
130. 2
131. 1
132. 3
133. 2
134. 2
135. 1
136. 3
137. 3
138. 2
139. 1
140. 1
141. 2
142. 2
143. 3
144. 2
145. 2
146. 3
147. 4
148. 3
149. 1
150. 1
151. 2
152. 2
153. 2
154. 2
155. 2
156. 2
157. 2
158. 1
159. 2
160. 4
161. 2
162. 2
163. 1
164. 5
165. 2
166. 1
167. 3
168. 2
169. 1
170. 1
171. 3
172. 1
173. 2
174. 3
175. 3
176. 2
177. 4
178. 2
179. 2
180. 4
181. 1
182. 2
183. 1
184. 3
185. 1
186. 1
187. 4
188. 3
189. 3
190. 2
191. 3
192. 3
193. 1
194. 3
195. 2
196. 2
197. 1
198. 2
199. 1
200. 2