25.txt
1. 7
2. 2
3. 6
4. 1
5. 2
6. 2
7. 3
8. 4
9. 2
10. 1
11. 1
12. 2
13. 2
14. 1
15. 2
16. 3
17. 2
18. 3
19. 4
20. 3
21. 1
22. 1
23. 2
24. 4
25. 5
26. 1
27. 4
28. 1
29. 6
30. 2
31. 3
32. 4
33. 1
34. 6
35. 1
36. 2
37. 3
38. 2
39. 7
40. 3
41. 3
42. 1
43. 1
44. 2
45. 3
46. 3
47. 2
48. 2
49. 3
50. 2
51. 2
52. 1
53. 2
54. 3
55. 2
56. 1
57. 3
58. 4
59. 4
60. 3
61. 1
62. 2
63. 2
64. 1
65. 3
66. 2
67. 1
68. 3
69. 3
70. 3
71. 3
72. 3
73. 4
74. 3
75. 2
76. 1
77. 2
78. 1
79. 2
80. 3
81. 1
82. 1
83. 1
84. 2
85. 2
86. 4
87. 3
88. 3
89. 3
90. 1
91. 2
92. 3
93. 2
94. 4
95. 1
96. 5
97. 1
98. 3
99. 2
100. 3
101. 2
102. 2
103. 1
104. 2
105. 2
106. 3
107. 2
108. 2
109. 2
110. 1
111. 3
112. 3
113. 4
114. 3
115. 3
116. 2
117. 3
118. 2
119. 3
120. 5
121. 2
122. 1
123. 2
124. 1
125. 1
126. 2
127. 2
128. 2
129. 2
130. 2
131. 2
132. 1
133. 2
134. 3
135. 3
136. 2
137. 1
138. 3
139. 1
140. 4
141. 2
142. 3
143. 2
144. 3
145. 1
146. 3
147. 4
148. 2
149. 3
150. 2
151. 3
152. 4
153. 2
154. 1
155. 3
156. 2
157. 2
158. 2
159. 5
160. 4
161. 2
162. 2
163. 2
164. 2
165. 3
166. 3
167. 2
168. 2
169. 2
170. 2
171. 2
172. 3
173. 3
174. 1
175. 3
176. 3
177. 1
178. 3
179. 3
180. 1
181. 2
182. 1
183. 2
184. 2
185. 2
186. 2
187. 3
188. 2
189. 1
190. 3
191. 2
192. 2
193. 2
194. 3
195. 5
196. 2
197. 3
198. 1
199. 3
200. 2