2500.txt
1. 2
2. 4
3. 2
4. 2
5. 5
6. 1
7. 3
8. 0
9. 4
10. 1
11. 0
12. 4
13. 2
14. 3
15. 3
16. 3
17. 3
18. 2
19. 1
20. 1
21. 3
22. 6
23. 3
24. 2
25. 6
26. 1
27. 4
28. 1
29. 2
30. 5
31. 3
32. 3
33. 2
34. 3
35. 2
36. 3
37. 4
38. 2
39. 4
40. 4
41. 4
42. 2
43. 4
44. 3
45. 1
46. 1
47. 4
48. 3
49. 2
50. 3
51. 3
52. 5
53. 3
54. 2
55. 1
56. 5
57. 2
58. 2
59. 2
60. 1
61. 1
62. 2
63. 2
64. 2
65. 3
66. 4
67. 3
68. 4
69. 2
70. 7
71. 2
72. 2
73. 2
74. 2
75. 3
76. 3
77. 4
78. 2
79. 2
80. 2
81. 4
82. 3
83. 3
84. 2
85. 3
86. 2
87. 2
88. 3
89. 2
90. 3
91. 5
92. 3
93. 2
94. 3
95. 2
96. 2
97. 7
98. 2
99. 4
100. 2
101. 3
102. 2
103. 3
104. 3
105. 2
106. 1
107. 1
108. 2
109. 2
110. 3
111. 1
112. 3
113. 1
114. 2
115. 4
116. 2
117. 2
118. 2
119. 2
120. 3
121. 2
122. 2
123. 4
124. 3
125. 2
126. 3
127. 4
128. 5
129. 2
130. 1
131. 5
132. 3
133. 3
134. 2
135. 6
136. 2
137. 3
138. 3
139. 1
140. 2
141. 2
142. 3
143. 3
144. 3
145. 3
146. 1
147. 2
148. 4
149. 4
150. 6
151. 1
152. 2
153. 2
154. 4
155. 3
156. 3
157. 4
158. 4
159. 3
160. 4
161. 2
162. 4
163. 4
164. 3
165. 2
166. 2
167. 2
168. 3
169. 3
170. 5
171. 1
172. 3
173. 2
174. 3
175. 2
176. 1
177. 2
178. 5
179. 2
180. 2
181. 2
182. 1
183. 3
184. 3
185. 3
186. 4
187. 2
188. 3
189. 1
190. 4
191. 3
192. 4
193. 2
194. 3
195. 2
196. 2
197. 2
198. 3
199. 2
200. 5