2511.txt
1. 3
2. 0
3. 1
4. 1
5. 2
6. 1
7. 1
8. 2
9. 2
10. 1
11. 2
12. 4
13. 1
14. 2
15. 1
16. 1
17. 1
18. 1
19. 2
20. 8
21. 0
22. 2
23. 3
24. 5
25. 1
26. 4
27. 2
28. 2
29. 1
30. 3
31. 2
32. 4
33. 1
34. 1
35. 2
36. 2
37. 0
38. 2
39. 2
40. 2
41. 4
42. 2
43. 0
44. 6
45. 3
46. 1
47. 0
48. 1
49. 1
50. 1
51. 1
52. 0
53. 2
54. 2
55. 2
56. 8
57. 2
58. 0
59. 3
60. 2
61. 1
62. 1
63. 1
64. 2
65. 2
66. 1
67. 1
68. 3
69. 1
70. 1
71. 2
72. 2
73. 1
74. 1
75. 8
76. 2
77. 0
78. 1
79. 2
80. 3
81. 1
82. 2
83. 1
84. 0
85. 2
86. 2
87. 3
88. 1
89. 2
90. 2
91. 7
92. 7
93. 1
94. 3
95. 1
96. 3
97. 3
98. 3
99. 2
100. 2
101. 1
102. 1
103. 2
104. 1
105. 0
106. 1
107. 3
108. 1
109. 2
110. 1
111. 3
112. 2
113. 1
114. 2
115. 2
116. 2
117. 3
118. 0
119. 2
120. 2
121. 0
122. 2
123. 0
124. 2
125. 1
126. 2
127. 2
128. 3
129. 2
130. 3
131. 2
132. 0
133. 1
134. 3
135. 1
136. 2
137. 2
138. 1
139. 2
140. 1
141. 2
142. 0
143. 3
144. 1
145. 1
146. 2
147. 1
148. 2
149. 2
150. 2
151. 1
152. 4
153. 1
154. 2
155. 3
156. 1
157. 3
158. 2
159. 0
160. 0
161. 2
162. 1
163. 2
164. 1
165. 3
166. 1
167. 2
168. 2
169. 2
170. 1
171. 2
172. 2
173. 3
174. 3
175. 1
176. 0
177. 2
178. 0
179. 3
180. 1
181. 1
182. 2
183. 2
184. 3
185. 1
186. 0
187. 1
188. 1
189. 2
190. 3
191. 2
192. 8
193. 2
194. 1
195. 8
196. 1
197. 2
198. 2
199. 3
200. 2