2517.txt
1. 2
2. 1
3. 3
4. 4
5. 3
6. 1
7. 2
8. 2
9. 1
10. 7
11. 1
12. 3
13. 2
14. 1
15. 1
16. 3
17. 1
18. 4
19. 5
20. 6
21. 3
22. 2
23. 2
24. 2
25. 2
26. 4
27. 2
28. 2
29. 6
30. 5
31. 1
32. 3
33. 5
34. 3
35. 2
36. 2
37. 3
38. 2
39. 2
40. 1
41. 2
42. 3
43. 1
44. 3
45. 1
46. 3
47. 1
48. 3
49. 6
50. 1
51. 4
52. 1
53. 3
54. 3
55. 1
56. 1
57. 4
58. 1
59. 2
60. 2
61. 1
62. 3
63. 2
64. 1
65. 2
66. 2
67. 3
68. 1
69. 1
70. 2
71. 4
72. 2
73. 2
74. 1
75. 2
76. 2
77. 3
78. 1
79. 3
80. 2
81. 2
82. 2
83. 3
84. 3
85. 3
86. 2
87. 1
88. 3
89. 3
90. 2
91. 5
92. 1
93. 4
94. 1
95. 2
96. 2
97. 2
98. 4
99. 3
100. 1
101. 2
102. 3
103. 2
104. 1
105. 4
106. 2
107. 2
108. 1
109. 2
110. 3
111. 2
112. 1
113. 1
114. 3
115. 2
116. 2
117. 1
118. 2
119. 2
120. 2
121. 4
122. 3
123. 2
124. 7
125. 2
126. 3
127. 1
128. 2
129. 3
130. 1
131. 3
132. 2
133. 2
134. 1
135. 2
136. 2
137. 1
138. 3
139. 2
140. 1
141. 2
142. 2
143. 1
144. 4
145. 1
146. 2
147. 1
148. 2
149. 2
150. 3
151. 2
152. 2
153. 3
154. 2
155. 2
156. 2
157. 2
158. 3
159. 3
160. 1
161. 1
162. 3
163. 3
164. 1
165. 2
166. 2
167. 3
168. 3
169. 2
170. 3
171. 2
172. 3
173. 3
174. 3
175. 3
176. 4
177. 1
178. 3
179. 2
180. 4
181. 1
182. 2
183. 1
184. 2
185. 4
186. 2
187. 2
188. 1
189. 7
190. 1
191. 2
192. 2
193. 1
194. 1
195. 3
196. 1
197. 2
198. 2
199. 2
200. 3