2521.txt
1. 2
2. 1
3. 3
4. 4
5. 1
6. 4
7. 2
8. 3
9. 2
10. 3
11. 8
12. 3
13. 4
14. 1
15. 2
16. 1
17. 4
18. 1
19. 1
20. 4
21. 3
22. 2
23. 3
24. 1
25. 2
26. 1
27. 4
28. 2
29. 6
30. 2
31. 1
32. 2
33. 3
34. 2
35. 3
36. 1
37. 6
38. 2
39. 7
40. 3
41. 2
42. 3
43. 1
44. 1
45. 3
46. 2
47. 2
48. 3
49. 2
50. 4
51. 3
52. 4
53. 1
54. 4
55. 1
56. 2
57. 1
58. 2
59. 4
60. 3
61. 3
62. 4
63. 1
64. 3
65. 2
66. 2
67. 2
68. 1
69. 3
70. 3
71. 2
72. 3
73. 2
74. 2
75. 2
76. 2
77. 1
78. 1
79. 2
80. 2
81. 5
82. 4
83. 3
84. 1
85. 2
86. 2
87. 3
88. 2
89. 2
90. 2
91. 2
92. 3
93. 3
94. 3
95. 3
96. 5
97. 2
98. 1
99. 2
100. 1
101. 4
102. 2
103. 3
104. 7
105. 2
106. 3
107. 4
108. 2
109. 2
110. 1
111. 2
112. 3
113. 4
114. 1
115. 2
116. 4
117. 2
118. 1
119. 2
120. 4
121. 3
122. 3
123. 1
124. 3
125. 2
126. 4
127. 2
128. 4
129. 2
130. 3
131. 2
132. 2
133. 2
134. 3
135. 2
136. 2
137. 1
138. 2
139. 2
140. 3
141. 3
142. 2
143. 4
144. 2
145. 2
146. 3
147. 4
148. 2
149. 2
150. 3
151. 3
152. 3
153. 3
154. 2
155. 3
156. 2
157. 3
158. 3
159. 2
160. 1
161. 2
162. 3
163. 3
164. 3
165. 3
166. 3
167. 2
168. 3
169. 2
170. 3
171. 3
172. 1
173. 2
174. 4
175. 2
176. 3
177. 3
178. 1
179. 4
180. 2
181. 2
182. 2
183. 3
184. 3
185. 3
186. 2
187. 3
188. 4
189. 2
190. 3
191. 1
192. 2
193. 1
194. 4
195. 2
196. 2
197. 2
198. 3
199. 2
200. 2