2531.txt
1. 2
2. 6
3. 1
4. 3
5. 2
6. 2
7. 1
8. 4
9. 3
10. 3
11. 1
12. 1
13. 4
14. 3
15. 4
16. 2
17. 2
18. 2
19. 2
20. 1
21. 4
22. 3
23. 2
24. 3
25. 5
26. 3
27. 3
28. 3
29. 1
30. 3
31. 3
32. 7
33. 2
34. 2
35. 1
36. 4
37. 1
38. 4
39. 2
40. 1
41. 2
42. 2
43. 1
44. 5
45. 1
46. 4
47. 2
48. 1
49. 4
50. 2
51. 2
52. 2
53. 2
54. 1
55. 2
56. 1
57. 3
58. 2
59. 1
60. 2
61. 3
62. 3
63. 1
64. 1
65. 1
66. 2
67. 2
68. 2
69. 1
70. 3
71. 1
72. 2
73. 3
74. 1
75. 1
76. 2
77. 2
78. 2
79. 3
80. 2
81. 3
82. 3
83. 2
84. 2
85. 2
86. 3
87. 1
88. 2
89. 1
90. 1
91. 1
92. 2
93. 3
94. 2
95. 3
96. 2
97. 1
98. 3
99. 2
100. 3
101. 2
102. 4
103. 1
104. 2
105. 1
106. 3
107. 3
108. 1
109. 3
110. 2
111. 1
112. 2
113. 1
114. 3
115. 2
116. 1
117. 3
118. 2
119. 3
120. 5
121. 1
122. 1
123. 1
124. 1
125. 1
126. 1
127. 3
128. 2
129. 2
130. 2
131. 1
132. 2
133. 3
134. 1
135. 1
136. 7
137. 2
138. 1
139. 2
140. 2
141. 2
142. 3
143. 1
144. 3
145. 2
146. 1
147. 3
148. 2
149. 3
150. 1
151. 2
152. 1
153. 1
154. 3
155. 3
156. 1
157. 1
158. 2
159. 1
160. 1
161. 2
162. 2
163. 1
164. 2
165. 4
166. 2
167. 2
168. 2
169. 2
170. 8
171. 3
172. 2
173. 3
174. 2
175. 2
176. 2
177. 2
178. 2
179. 2
180. 4
181. 1
182. 1
183. 2
184. 2
185. 2
186. 3
187. 3
188. 2
189. 2
190. 3
191. 2
192. 2
193. 1
194. 5
195. 2
196. 2
197. 2
198. 3
199. 3
200. 1