2539.txt
1. 3
2. 1
3. 0
4. 2
5. 4
6. 0
7. 0
8. 2
9. 0
10. 1
11. 0
12. 3
13. 6
14. 0
15. 3
16. 2
17. 1
18. 2
19. 0
20. 0
21. 0
22. 1
23. 4
24. 2
25. 1
26. 0
27. 0
28. 1
29. 1
30. 0
31. 3
32. 0
33. 1
34. 2
35. 2
36. 2
37. 2
38. 1
39. 1
40. 2
41. 0
42. 1
43. 0
44. 0
45. 2
46. 0
47. 1
48. 0
49. 2
50. 3
51. 0
52. 2
53. 2
54. 4
55. 3
56. 3
57. 1
58. 0
59. 4
60. 1
61. 1
62. 0
63. 3
64. 2
65. 1
66. 1
67. 1
68. 3
69. 0
70. 0
71. 0
72. 2
73. 2
74. 1
75. 0
76. 2
77. 1
78. 3
79. 1
80. 2
81. 7
82. 2
83. 4
84. 0
85. 0
86. 2
87. 2
88. 0
89. 0
90. 0
91. 0
92. 2
93. 2
94. 3
95. 2
96. 0
97. 1
98. 1
99. 6
100. 3
101. 2
102. 1
103. 2
104. 2
105. 0
106. 1
107. 1
108. 2
109. 2
110. 1
111. 0
112. 1
113. 3
114. 1
115. 4
116. 1
117. 0
118. 0
119. 4
120. 2
121. 0
122. 4
123. 0
124. 0
125. 1
126. 0
127. 3
128. 0
129. 1
130. 0
131. 0
132. 2
133. 1
134. 2
135. 1
136. 1
137. 1
138. 4
139. 1
140. 0
141. 3
142. 2
143. 0
144. 4
145. 1
146. 2
147. 1
148. 2
149. 1
150. 1
151. 2
152. 3
153. 0
154. 2
155. 0
156. 0
157. 2
158. 1
159. 2
160. 1
161. 1
162. 4
163. 1
164. 3
165. 1
166. 2
167. 1
168. 2
169. 3
170. 1
171. 1
172. 1
173. 0
174. 3
175. 1
176. 0
177. 2
178. 0
179. 0
180. 1
181. 1
182. 0
183. 2
184. 1
185. 3
186. 3
187. 4
188. 0
189. 5
190. 1
191. 1
192. 2
193. 1
194. 0
195. 1
196. 3
197. 3
198. 1
199. 2
200. 1