2544.txt
1. 0
2. 0
3. 0
4. 1
5. 0
6. 3
7. 0
8. 0
9. 2
10. 0
11. 3
12. 2
13. 2
14. 0
15. 1
16. 0
17. 8
18. 0
19. 0
20. 3
21. 3
22. 0
23. 0
24. 3
25. 1
26. 0
27. 2
28. 7
29. 1
30. 3
31. 0
32. 3
33. 2
34. 3
35. 1
36. 7
37. 1
38. 0
39. 1
40. 1
41. 0
42. 0
43. 0
44. 2
45. 2
46. 2
47. 2
48. 2
49. 2
50. 0
51. 5
52. 0
53. 3
54. 0
55. 1
56. 2
57. 2
58. 6
59. 0
60. 2
61. 2
62. 6
63. 0
64. 1
65. 0
66. 0
67. 0
68. 2
69. 3
70. 2
71. 5
72. 2
73. 0
74. 1
75. 1
76. 3
77. 2
78. 4
79. 0
80. 0
81. 2
82. 2
83. 0
84. 0
85. 0
86. 4
87. 0
88. 0
89. 0
90. 0
91. 0
92. 0
93. 2
94. 0
95. 2
96. 0
97. 2
98. 0
99. 2
100. 2
101. 2
102. 0
103. 0
104. 0
105. 0
106. 0
107. 3
108. 0
109. 0
110. 2
111. 2
112. 0
113. 0
114. 0
115. 0
116. 2
117. 2
118. 1
119. 0
120. 4
121. 3
122. 0
123. 0
124. 2
125. 1
126. 0
127. 0
128. 0
129. 0
130. 2
131. 3
132. 0
133. 0
134. 0
135. 2
136. 0
137. 0
138. 0
139. 0
140. 2
141. 0
142. 0
143. 0
144. 1
145. 0
146. 0
147. 0
148. 0
149. 3
150. 0
151. 3
152. 2
153. 0
154. 3
155. 0
156. 3
157. 0
158. 1
159. 0
160. 2
161. 0
162. 2
163. 0
164. 0
165. 0
166. 0
167. 1
168. 0
169. 1
170. 0
171. 0
172. 2
173. 0
174. 0
175. 0
176. 3
177. 2
178. 2
179. 0
180. 2
181. 1
182. 0
183. 2
184. 3
185. 0
186. 3
187. 2
188. 2
189. 2
190. 2
191. 2
192. 0
193. 0
194. 0
195. 2
196. 0
197. 0
198. 3
199. 0
200. 0