255.txt
1. 0
2. 2
3. 4
4. 0
5. 0
6. 0
7. 2
8. 3
9. 0
10. 0
11. 0
12. 0
13. 3
14. 1
15. 2
16. 3
17. 2
18. 0
19. 2
20. 0
21. 3
22. 2
23. 7
24. 3
25. 3
26. 3
27. 2
28. 0
29. 0
30. 3
31. 0
32. 1
33. 0
34. 4
35. 2
36. 0
37. 1
38. 6
39. 1
40. 1
41. 1
42. 3
43. 5
44. 2
45. 5
46. 0
47. 2
48. 2
49. 3
50. 3
51. 0
52. 0
53. 0
54. 4
55. 4
56. 0
57. 3
58. 2
59. 0
60. 2
61. 1
62. 2
63. 2
64. 1
65. 1
66. 0
67. 1
68. 0
69. 3
70. 0
71. 2
72. 0
73. 2
74. 3
75. 2
76. 2
77. 0
78. 1
79. 0
80. 3
81. 0
82. 1
83. 0
84. 2
85. 2
86. 2
87. 1
88. 3
89. 1
90. 1
91. 2
92. 0
93. 0
94. 1
95. 0
96. 0
97. 2
98. 1
99. 1
100. 0
101. 1
102. 1
103. 1
104. 2
105. 1
106. 0
107. 0
108. 1
109. 1
110. 1
111. 1
112. 1
113. 0
114. 5
115. 1
116. 2
117. 2
118. 2
119. 0
120. 0
121. 2
122. 1
123. 0
124. 3
125. 5
126. 0
127. 2
128. 2
129. 2
130. 3
131. 0
132. 1
133. 0
134. 1
135. 0
136. 4
137. 0
138. 1
139. 1
140. 0
141. 1
142. 2
143. 2
144. 2
145. 4
146. 1
147. 0
148. 0
149. 0
150. 2
151. 0
152. 2
153. 1
154. 0
155. 4
156. 0
157. 0
158. 1
159. 1
160. 1
161. 0
162. 2
163. 2
164. 0
165. 0
166. 0
167. 3
168. 1
169. 2
170. 0
171. 4
172. 4
173. 2
174. 6
175. 2
176. 2
177. 1
178. 2
179. 0
180. 0
181. 0
182. 3
183. 3
184. 2
185. 0
186. 1
187. 1
188. 1
189. 4
190. 1
191. 0
192. 1
193. 2
194. 2
195. 1
196. 3
197. 3
198. 1
199. 0
200. 0