2553.txt
1. 0
2. 3
3. 1
4. 2
5. 1
6. 7
7. 4
8. 4
9. 1
10. 2
11. 1
12. 1
13. 1
14. 2
15. 1
16. 2
17. 1
18. 4
19. 3
20. 2
21. 1
22. 1
23. 3
24. 1
25. 4
26. 2
27. 3
28. 2
29. 3
30. 1
31. 2
32. 2
33. 3
34. 1
35. 2
36. 1
37. 3
38. 2
39. 2
40. 4
41. 2
42. 1
43. 3
44. 1
45. 2
46. 1
47. 4
48. 2
49. 2
50. 1
51. 2
52. 1
53. 2
54. 3
55. 2
56. 3
57. 2
58. 0
59. 4
60. 2
61. 1
62. 5
63. 2
64. 2
65. 3
66. 4
67. 3
68. 3
69. 2
70. 4
71. 1
72. 2
73. 2
74. 3
75. 2
76. 1
77. 2
78. 2
79. 3
80. 3
81. 3
82. 2
83. 2
84. 2
85. 1
86. 1
87. 2
88. 3
89. 2
90. 1
91. 1
92. 2
93. 1
94. 2
95. 1
96. 2
97. 3
98. 6
99. 1
100. 2
101. 1
102. 3
103. 1
104. 2
105. 2
106. 1
107. 5
108. 2
109. 1
110. 1
111. 2
112. 2
113. 2
114. 3
115. 3
116. 1
117. 2
118. 2
119. 2
120. 2
121. 1
122. 1
123. 1
124. 1
125. 1
126. 1
127. 1
128. 4
129. 3
130. 1
131. 2
132. 2
133. 3
134. 1
135. 3
136. 2
137. 3
138. 2
139. 1
140. 2
141. 3
142. 2
143. 2
144. 1
145. 3
146. 1
147. 2
148. 4
149. 2
150. 2
151. 2
152. 3
153. 2
154. 2
155. 2
156. 1
157. 3
158. 2
159. 1
160. 3
161. 2
162. 2
163. 2
164. 2
165. 2
166. 1
167. 1
168. 3
169. 4
170. 1
171. 1
172. 1
173. 2
174. 4
175. 1
176. 1
177. 3
178. 3
179. 2
180. 2
181. 3
182. 2
183. 2
184. 1
185. 2
186. 3
187. 2
188. 2
189. 2
190. 1
191. 2
192. 1
193. 2
194. 3
195. 2
196. 1
197. 2
198. 2
199. 3
200. 2