2556.txt
1. 2
2. 3
3. 1
4. 4
5. 2
6. 1
7. 2
8. 3
9. 3
10. 2
11. 6
12. 4
13. 4
14. 1
15. 2
16. 1
17. 4
18. 3
19. 2
20. 3
21. 1
22. 2
23. 1
24. 2
25. 1
26. 0
27. 5
28. 2
29. 2
30. 3
31. 4
32. 2
33. 1
34. 2
35. 1
36. 3
37. 1
38. 1
39. 1
40. 4
41. 3
42. 2
43. 1
44. 2
45. 1
46. 2
47. 1
48. 2
49. 2
50. 3
51. 1
52. 0
53. 2
54. 2
55. 2
56. 2
57. 4
58. 2
59. 2
60. 4
61. 3
62. 3
63. 3
64. 2
65. 5
66. 2
67. 4
68. 2
69. 2
70. 1
71. 1
72. 1
73. 1
74. 4
75. 1
76. 2
77. 2
78. 4
79. 3
80. 2
81. 3
82. 3
83. 1
84. 3
85. 2
86. 2
87. 3
88. 3
89. 2
90. 2
91. 3
92. 1
93. 4
94. 3
95. 3
96. 4
97. 3
98. 3
99. 2
100. 3
101. 2
102. 1
103. 2
104. 3
105. 2
106. 2
107. 2
108. 1
109. 3
110. 2
111. 3
112. 3
113. 2
114. 2
115. 2
116. 1
117. 3
118. 5
119. 2
120. 1
121. 3
122. 2
123. 2
124. 1
125. 2
126. 6
127. 3
128. 2
129. 3
130. 1
131. 2
132. 3
133. 3
134. 2
135. 2
136. 2
137. 2
138. 1
139. 4
140. 3
141. 5
142. 3
143. 2
144. 2
145. 7
146. 2
147. 1
148. 3
149. 6
150. 3
151. 2
152. 1
153. 3
154. 4
155. 3
156. 3
157. 2
158. 2
159. 1
160. 2
161. 1
162. 1
163. 2
164. 3
165. 2
166. 1
167. 5
168. 4
169. 1
170. 2
171. 3
172. 3
173. 2
174. 3
175. 2
176. 2
177. 2
178. 2
179. 1
180. 3
181. 1
182. 2
183. 2
184. 3
185. 2
186. 3
187. 1
188. 3
189. 1
190. 3
191. 3
192. 2
193. 1
194. 1
195. 5
196. 1
197. 1
198. 1
199. 2
200. 5