2558.txt
1. 3
2. 1
3. 0
4. 2
5. 0
6. 4
7. 2
8. 2
9. 0
10. 1
11. 0
12. 0
13. 3
14. 0
15. 3
16. 2
17. 4
18. 2
19. 5
20. 6
21. 1
22. 2
23. 3
24. 2
25. 2
26. 1
27. 1
28. 2
29. 1
30. 3
31. 0
32. 2
33. 4
34. 3
35. 0
36. 4
37. 4
38. 3
39. 1
40. 3
41. 0
42. 4
43. 1
44. 5
45. 2
46. 1
47. 0
48. 9
49. 2
50. 2
51. 0
52. 3
53. 0
54. 1
55. 0
56. 2
57. 4
58. 3
59. 2
60. 3
61. 0
62. 3
63. 1
64. 2
65. 3
66. 1
67. 2
68. 2
69. 2
70. 3
71. 0
72. 1
73. 3
74. 5
75. 2
76. 1
77. 1
78. 3
79. 1
80. 2
81. 2
82. 0
83. 1
84. 1
85. 2
86. 1
87. 2
88. 3
89. 3
90. 2
91. 1
92. 1
93. 3
94. 2
95. 2
96. 7
97. 1
98. 3
99. 4
100. 0
101. 1
102. 0
103. 2
104. 4
105. 1
106. 4
107. 1
108. 1
109. 1
110. 4
111. 3
112. 1
113. 6
114. 2
115. 1
116. 1
117. 1
118. 2
119. 3
120. 0
121. 0
122. 2
123. 1
124. 1
125. 1
126. 0
127. 3
128. 1
129. 1
130. 2
131. 2
132. 6
133. 1
134. 3
135. 1
136. 3
137. 1
138. 1
139. 4
140. 2
141. 2
142. 3
143. 1
144. 0
145. 3
146. 3
147. 3
148. 1
149. 1
150. 3
151. 2
152. 2
153. 5
154. 1
155. 2
156. 2
157. 2
158. 1
159. 3
160. 2
161. 3
162. 2
163. 2
164. 3
165. 2
166. 1
167. 1
168. 2
169. 1
170. 3
171. 2
172. 2
173. 2
174. 1
175. 3
176. 2
177. 3
178. 2
179. 2
180. 2
181. 1
182. 2
183. 3
184. 3
185. 1
186. 1
187. 2
188. 3
189. 1
190. 2
191. 1
192. 1
193. 1
194. 2
195. 3
196. 1
197. 1
198. 1
199. 3
200. 2