256.txt
1. 2
2. 0
3. 1
4. 0
5. 0
6. 8
7. 1
8. 0
9. 3
10. 2
11. 4
12. 1
13. 2
14. 0
15. 2
16. 1
17. 1
18. 2
19. 1
20. 1
21. 3
22. 2
23. 1
24. 0
25. 2
26. 3
27. 2
28. 1
29. 3
30. 1
31. 1
32. 2
33. 2
34. 1
35. 4
36. 2
37. 2
38. 3
39. 3
40. 5
41. 1
42. 1
43. 2
44. 3
45. 1
46. 1
47. 1
48. 1
49. 3
50. 1
51. 2
52. 3
53. 6
54. 4
55. 2
56. 4
57. 2
58. 7
59. 2
60. 0
61. 1
62. 0
63. 2
64. 0
65. 4
66. 2
67. 2
68. 1
69. 2
70. 1
71. 1
72. 1
73. 0
74. 0
75. 1
76. 2
77. 0
78. 3
79. 4
80. 3
81. 8
82. 1
83. 1
84. 2
85. 3
86. 3
87. 2
88. 4
89. 2
90. 1
91. 1
92. 0
93. 3
94. 3
95. 1
96. 5
97. 1
98. 2
99. 3
100. 4
101. 1
102. 2
103. 1
104. 2
105. 2
106. 3
107. 1
108. 5
109. 1
110. 2
111. 1
112. 4
113. 2
114. 4
115. 0
116. 2
117. 2
118. 5
119. 3
120. 3
121. 2
122. 2
123. 1
124. 2
125. 4
126. 3
127. 1
128. 2
129. 3
130. 4
131. 1
132. 5
133. 1
134. 2
135. 2
136. 3
137. 1
138. 1
139. 0
140. 1
141. 4
142. 3
143. 1
144. 5
145. 1
146. 3
147. 1
148. 2
149. 3
150. 1
151. 1
152. 2
153. 3
154. 2
155. 3
156. 0
157. 3
158. 2
159. 1
160. 1
161. 1
162. 2
163. 4
164. 2
165. 1
166. 2
167. 2
168. 2
169. 5
170. 2
171. 3
172. 1
173. 2
174. 2
175. 0
176. 2
177. 2
178. 1
179. 1
180. 0
181. 2
182. 2
183. 1
184. 3
185. 2
186. 2
187. 2
188. 1
189. 3
190. 4
191. 3
192. 2
193. 7
194. 3
195. 2
196. 1
197. 1
198. 1
199. 2
200. 1