2560.txt
1. 7
2. 0
3. 2
4. 0
5. 4
6. 1
7. 0
8. 0
9. 2
10. 0
11. 2
12. 3
13. 1
14. 1
15. 0
16. 1
17. 9
18. 0
19. 0
20. 8
21. 0
22. 0
23. 1
24. 1
25. 0
26. 1
27. 0
28. 0
29. 5
30. 0
31. 0
32. 0
33. 0
34. 0
35. 3
36. 2
37. 0
38. 2
39. 0
40. 3
41. 0
42. 0
43. 4
44. 2
45. 3
46. 3
47. 3
48. 0
49. 1
50. 2
51. 0
52. 0
53. 2
54. 1
55. 0
56. 0
57. 0
58. 4
59. 0
60. 2
61. 0
62. 0
63. 0
64. 2
65. 1
66. 0
67. 0
68. 2
69. 0
70. 0
71. 2
72. 2
73. 0
74. 2
75. 2
76. 0
77. 1
78. 0
79. 2
80. 3
81. 3
82. 0
83. 0
84. 2
85. 0
86. 0
87. 0
88. 2
89. 0
90. 0
91. 1
92. 0
93. 3
94. 2
95. 0
96. 0
97. 2
98. 2
99. 1
100. 1
101. 0
102. 2
103. 0
104. 2
105. 3
106. 3
107. 2
108. 0
109. 2
110. 2
111. 0
112. 2
113. 0
114. 2
115. 0
116. 0
117. 1
118. 3
119. 0
120. 1
121. 4
122. 0
123. 1
124. 2
125. 1
126. 0
127. 3
128. 0
129. 0
130. 0
131. 0
132. 0
133. 1
134. 0
135. 1
136. 3
137. 4
138. 0
139. 0
140. 2
141. 2
142. 3
143. 1
144. 3
145. 0
146. 2
147. 2
148. 2
149. 0
150. 2
151. 0
152. 3
153. 2
154. 2
155. 4
156. 2
157. 0
158. 0
159. 0
160. 0
161. 2
162. 2
163. 0
164. 0
165. 0
166. 2
167. 0
168. 0
169. 0
170. 1
171. 2
172. 1
173. 1
174. 3
175. 0
176. 0
177. 3
178. 0
179. 0
180. 2
181. 0
182. 2
183. 0
184. 0
185. 0
186. 0
187. 0
188. 2
189. 3
190. 3
191. 2
192. 2
193. 0
194. 1
195. 2
196. 2
197. 0
198. 2
199. 1
200. 0