2562.txt
1. 3
2. 1
3. 4
4. 2
5. 0
6. 3
7. 1
8. 2
9. 4
10. 2
11. 1
12. 1
13. 4
14. 3
15. 2
16. 3
17. 1
18. 2
19. 1
20. 2
21. 3
22. 2
23. 1
24. 3
25. 2
26. 4
27. 3
28. 1
29. 3
30. 4
31. 3
32. 2
33. 2
34. 3
35. 2
36. 3
37. 2
38. 3
39. 2
40. 2
41. 1
42. 2
43. 6
44. 3
45. 2
46. 2
47. 2
48. 1
49. 1
50. 3
51. 1
52. 4
53. 5
54. 1
55. 2
56. 3
57. 3
58. 4
59. 4
60. 1
61. 2
62. 2
63. 1
64. 2
65. 1
66. 2
67. 6
68. 4
69. 2
70. 2
71. 2
72. 1
73. 2
74. 1
75. 2
76. 1
77. 1
78. 2
79. 3
80. 2
81. 2
82. 1
83. 3
84. 3
85. 2
86. 2
87. 1
88. 2
89. 2
90. 3
91. 2
92. 0
93. 1
94. 2
95. 2
96. 2
97. 1
98. 2
99. 2
100. 1
101. 2
102. 2
103. 3
104. 3
105. 3
106. 2
107. 2
108. 1
109. 2
110. 3
111. 2
112. 3
113. 4
114. 3
115. 3
116. 2
117. 2
118. 2
119. 4
120. 1
121. 2
122. 1
123. 3
124. 2
125. 1
126. 2
127. 2
128. 1
129. 2
130. 1
131. 4
132. 3
133. 2
134. 2
135. 2
136. 1
137. 3
138. 1
139. 2
140. 4
141. 2
142. 1
143. 2
144. 3
145. 1
146. 2
147. 1
148. 3
149. 1
150. 2
151. 2
152. 1
153. 2
154. 2
155. 3
156. 2
157. 4
158. 3
159. 1
160. 2
161. 3
162. 2
163. 1
164. 4
165. 3
166. 2
167. 2
168. 2
169. 2
170. 2
171. 1
172. 2
173. 2
174. 3
175. 2
176. 2
177. 2
178. 4
179. 1
180. 1
181. 3
182. 2
183. 2
184. 2
185. 3
186. 2
187. 2
188. 3
189. 2
190. 4
191. 2
192. 3
193. 4
194. 2
195. 1
196. 1
197. 1
198. 2
199. 1
200. 2