2581.txt
1. 0
2. 1
3. 1
4. 1
5. 6
6. 2
7. 2
8. 2
9. 3
10. 1
11. 1
12. 5
13. 2
14. 0
15. 1
16. 2
17. 4
18. 0
19. 2
20. 3
21. 1
22. 3
23. 0
24. 3
25. 0
26. 2
27. 2
28. 3
29. 1
30. 2
31. 1
32. 3
33. 2
34. 3
35. 8
36. 3
37. 2
38. 1
39. 2
40. 2
41. 3
42. 1
43. 1
44. 1
45. 1
46. 2
47. 2
48. 3
49. 8
50. 3
51. 2
52. 2
53. 1
54. 4
55. 2
56. 2
57. 2
58. 1
59. 0
60. 2
61. 2
62. 0
63. 3
64. 0
65. 2
66. 2
67. 1
68. 2
69. 4
70. 2
71. 2
72. 1
73. 4
74. 1
75. 2
76. 4
77. 2
78. 2
79. 2
80. 2
81. 2
82. 3
83. 1
84. 2
85. 5
86. 2
87. 2
88. 8
89. 2
90. 3
91. 1
92. 2
93. 1
94. 1
95. 0
96. 5
97. 1
98. 3
99. 2
100. 2
101. 0
102. 5
103. 1
104. 3
105. 2
106. 1
107. 2
108. 3
109. 2
110. 2
111. 1
112. 1
113. 2
114. 2
115. 0
116. 1
117. 3
118. 2
119. 1
120. 3
121. 0
122. 3
123. 1
124. 0
125. 2
126. 2
127. 2
128. 0
129. 3
130. 2
131. 3
132. 1
133. 3
134. 1
135. 3
136. 3
137. 2
138. 2
139. 1
140. 5
141. 1
142. 3
143. 1
144. 2
145. 1
146. 2
147. 2
148. 1
149. 2
150. 2
151. 1
152. 3
153. 2
154. 5
155. 1
156. 2
157. 2
158. 3
159. 1
160. 2
161. 2
162. 1
163. 2
164. 1
165. 3
166. 2
167. 3
168. 3
169. 1
170. 1
171. 1
172. 2
173. 1
174. 2
175. 1
176. 3
177. 3
178. 3
179. 2
180. 1
181. 2
182. 0
183. 1
184. 1
185. 1
186. 3
187. 1
188. 1
189. 2
190. 3
191. 3
192. 5
193. 4
194. 3
195. 1
196. 2
197. 1
198. 2
199. 3
200. 2