2582.txt
1. 2
2. 1
3. 3
4. 2
5. 4
6. 1
7. 2
8. 2
9. 2
10. 5
11. 2
12. 2
13. 4
14. 2
15. 4
16. 3
17. 3
18. 4
19. 2
20. 4
21. 3
22. 4
23. 2
24. 3
25. 4
26. 7
27. 5
28. 3
29. 3
30. 2
31. 3
32. 3
33. 3
34. 2
35. 2
36. 3
37. 4
38. 2
39. 2
40. 1
41. 2
42. 5
43. 2
44. 2
45. 4
46. 1
47. 2
48. 3
49. 4
50. 2
51. 3
52. 4
53. 2
54. 3
55. 4
56. 2
57. 2
58. 3
59. 2
60. 2
61. 2
62. 2
63. 2
64. 3
65. 3
66. 3
67. 2
68. 3
69. 2
70. 3
71. 3
72. 6
73. 2
74. 3
75. 3
76. 3
77. 2
78. 3
79. 3
80. 5
81. 6
82. 2
83. 2
84. 2
85. 2
86. 2
87. 5
88. 2
89. 2
90. 4
91. 2
92. 2
93. 4
94. 3
95. 2
96. 1
97. 1
98. 4
99. 3
100. 4
101. 2
102. 2
103. 3
104. 4
105. 3
106. 2
107. 2
108. 2
109. 3
110. 4
111. 2
112. 4
113. 2
114. 2
115. 2
116. 3
117. 2
118. 2
119. 2
120. 3
121. 2
122. 3
123. 2
124. 4
125. 2
126. 4
127. 4
128. 2
129. 2
130. 4
131. 3
132. 3
133. 3
134. 2
135. 3
136. 4
137. 2
138. 2
139. 2
140. 3
141. 4
142. 2
143. 3
144. 2
145. 2
146. 2
147. 2
148. 3
149. 3
150. 4
151. 2
152. 3
153. 2
154. 5
155. 2
156. 2
157. 2
158. 2
159. 3
160. 3
161. 2
162. 3
163. 3
164. 4
165. 2
166. 4
167. 3
168. 2
169. 3
170. 2
171. 2
172. 3
173. 4
174. 2
175. 3
176. 2
177. 3
178. 2
179. 2
180. 4
181. 3
182. 4
183. 3
184. 2
185. 2
186. 3
187. 2
188. 3
189. 2
190. 3
191. 2
192. 3
193. 4
194. 5
195. 5
196. 4
197. 2
198. 3
199. 3
200. 2