2584.txt
1. 0
2. 1
3. 4
4. 3
5. 5
6. 0
7. 2
8. 0
9. 2
10. 1
11. 0
12. 0
13. 1
14. 2
15. 0
16. 1
17. 1
18. 1
19. 2
20. 0
21. 0
22. 1
23. 0
24. 7
25. 2
26. 1
27. 1
28. 0
29. 2
30. 3
31. 0
32. 0
33. 1
34. 4
35. 3
36. 3
37. 0
38. 1
39. 2
40. 1
41. 1
42. 3
43. 0
44. 8
45. 2
46. 2
47. 0
48. 2
49. 1
50. 2
51. 1
52. 0
53. 0
54. 1
55. 0
56. 2
57. 1
58. 1
59. 1
60. 1
61. 0
62. 2
63. 0
64. 1
65. 0
66. 2
67. 2
68. 1
69. 0
70. 1
71. 0
72. 1
73. 1
74. 1
75. 2
76. 1
77. 1
78. 2
79. 1
80. 2
81. 1
82. 0
83. 0
84. 2
85. 1
86. 2
87. 1
88. 2
89. 1
90. 1
91. 0
92. 0
93. 3
94. 2
95. 6
96. 1
97. 0
98. 1
99. 1
100. 0
101. 1
102. 3
103. 1
104. 2
105. 0
106. 2
107. 2
108. 1
109. 1
110. 1
111. 2
112. 1
113. 1
114. 2
115. 4
116. 0
117. 4
118. 1
119. 2
120. 1
121. 1
122. 0
123. 1
124. 3
125. 2
126. 2
127. 1
128. 3
129. 2
130. 1
131. 2
132. 3
133. 0
134. 2
135. 2
136. 2
137. 2
138. 1
139. 1
140. 0
141. 2
142. 2
143. 3
144. 0
145. 2
146. 3
147. 0
148. 1
149. 2
150. 4
151. 1
152. 2
153. 2
154. 4
155. 7
156. 0
157. 0
158. 2
159. 0
160. 2
161. 1
162. 0
163. 1
164. 2
165. 1
166. 1
167. 2
168. 2
169. 1
170. 2
171. 2
172. 0
173. 0
174. 2
175. 0
176. 2
177. 6
178. 0
179. 1
180. 3
181. 2
182. 1
183. 0
184. 1
185. 4
186. 0
187. 1
188. 1
189. 2
190. 1
191. 2
192. 1
193. 4
194. 2
195. 3
196. 1
197. 0
198. 0
199. 2
200. 2