2600.txt
1. 4
2. 1
3. 1
4. 6
5. 1
6. 1
7. 2
8. 1
9. 1
10. 3
11. 1
12. 3
13. 3
14. 3
15. 1
16. 1
17. 3
18. 5
19. 3
20. 1
21. 3
22. 1
23. 4
24. 2
25. 4
26. 1
27. 5
28. 2
29. 1
30. 3
31. 4
32. 1
33. 1
34. 2
35. 2
36. 1
37. 3
38. 3
39. 4
40. 3
41. 1
42. 2
43. 1
44. 2
45. 3
46. 2
47. 1
48. 4
49. 5
50. 4
51. 2
52. 1
53. 2
54. 1
55. 3
56. 3
57. 2
58. 2
59. 1
60. 2
61. 2
62. 3
63. 2
64. 2
65. 1
66. 2
67. 2
68. 2
69. 2
70. 1
71. 3
72. 1
73. 2
74. 2
75. 2
76. 2
77. 1
78. 3
79. 2
80. 2
81. 1
82. 3
83. 3
84. 2
85. 1
86. 4
87. 2
88. 1
89. 2
90. 3
91. 2
92. 2
93. 2
94. 3
95. 3
96. 3
97. 2
98. 2
99. 1
100. 2
101. 1
102. 1
103. 2
104. 1
105. 3
106. 4
107. 2
108. 1
109. 2
110. 1
111. 3
112. 3
113. 2
114. 2
115. 3
116. 2
117. 6
118. 3
119. 3
120. 2
121. 2
122. 3
123. 1
124. 2
125. 1
126. 1
127. 1
128. 3
129. 3
130. 2
131. 2
132. 2
133. 1
134. 2
135. 1
136. 3
137. 3
138. 3
139. 2
140. 1
141. 2
142. 2
143. 2
144. 1
145. 2
146. 3
147. 3
148. 2
149. 2
150. 2
151. 2
152. 2
153. 1
154. 2
155. 2
156. 3
157. 3
158. 3
159. 1
160. 1
161. 4
162. 1
163. 2
164. 2
165. 1
166. 2
167. 3
168. 3
169. 2
170. 2
171. 1
172. 2
173. 4
174. 3
175. 4
176. 2
177. 3
178. 2
179. 1
180. 3
181. 1
182. 2
183. 3
184. 1
185. 2
186. 3
187. 1
188. 2
189. 2
190. 1
191. 2
192. 2
193. 2
194. 2
195. 3
196. 1
197. 2
198. 1
199. 2
200. 1