2601.txt
1. 2
2. 0
3. 3
4. 0
5. 2
6. 3
7. 0
8. 1
9. 1
10. 2
11. 1
12. 2
13. 1
14. 8
15. 3
16. 3
17. 0
18. 1
19. 0
20. 2
21. 1
22. 1
23. 3
24. 2
25. 1
26. 4
27. 3
28. 1
29. 2
30. 1
31. 2
32. 4
33. 1
34. 1
35. 2
36. 3
37. 2
38. 3
39. 1
40. 2
41. 0
42. 3
43. 1
44. 2
45. 1
46. 2
47. 1
48. 2
49. 2
50. 4
51. 0
52. 3
53. 1
54. 2
55. 2
56. 2
57. 2
58. 2
59. 1
60. 2
61. 1
62. 1
63. 1
64. 1
65. 2
66. 3
67. 0
68. 2
69. 1
70. 1
71. 1
72. 1
73. 2
74. 2
75. 2
76. 3
77. 1
78. 3
79. 2
80. 2
81. 2
82. 2
83. 1
84. 1
85. 3
86. 1
87. 1
88. 2
89. 1
90. 2
91. 2
92. 2
93. 2
94. 1
95. 2
96. 2
97. 1
98. 1
99. 2
100. 1
101. 2
102. 1
103. 3
104. 1
105. 2
106. 2
107. 3
108. 2
109. 2
110. 1
111. 2
112. 1
113. 1
114. 2
115. 2
116. 1
117. 2
118. 3
119. 1
120. 1
121. 2
122. 2
123. 1
124. 2
125. 3
126. 1
127. 1
128. 2
129. 2
130. 2
131. 1
132. 1
133. 1
134. 1
135. 2
136. 1
137. 2
138. 5
139. 2
140. 2
141. 2
142. 2
143. 1
144. 3
145. 1
146. 2
147. 1
148. 2
149. 2
150. 2
151. 2
152. 1
153. 2
154. 2
155. 2
156. 2
157. 1
158. 2
159. 2
160. 3
161. 2
162. 2
163. 1
164. 2
165. 1
166. 1
167. 2
168. 3
169. 1
170. 2
171. 1
172. 1
173. 4
174. 1
175. 1
176. 1
177. 2
178. 1
179. 2
180. 2
181. 1
182. 2
183. 3
184. 2
185. 2
186. 2
187. 2
188. 1
189. 2
190. 4
191. 3
192. 1
193. 2
194. 1
195. 2
196. 2
197. 1
198. 1
199. 1
200. 3