2610.txt
1. 0
2. 2
3. 2
4. 0
5. 1
6. 0
7. 2
8. 2
9. 1
10. 0
11. 2
12. 1
13. 1
14. 1
15. 3
16. 1
17. 3
18. 2
19. 4
20. 3
21. 0
22. 1
23. 2
24. 2
25. 1
26. 1
27. 2
28. 1
29. 2
30. 3
31. 0
32. 0
33. 4
34. 1
35. 1
36. 1
37. 1
38. 3
39. 1
40. 1
41. 0
42. 3
43. 2
44. 4
45. 1
46. 1
47. 2
48. 1
49. 2
50. 1
51. 4
52. 3
53. 1
54. 1
55. 1
56. 4
57. 1
58. 2
59. 1
60. 3
61. 1
62. 3
63. 2
64. 4
65. 1
66. 1
67. 1
68. 4
69. 3
70. 0
71. 1
72. 1
73. 1
74. 3
75. 1
76. 1
77. 3
78. 2
79. 1
80. 2
81. 1
82. 5
83. 2
84. 2
85. 3
86. 1
87. 1
88. 2
89. 1
90. 2
91. 3
92. 2
93. 2
94. 3
95. 1
96. 2
97. 4
98. 3
99. 2
100. 3
101. 1
102. 2
103. 1
104. 3
105. 2
106. 2
107. 2
108. 2
109. 2
110. 1
111. 3
112. 3
113. 2
114. 2
115. 2
116. 1
117. 2
118. 3
119. 2
120. 2
121. 3
122. 2
123. 1
124. 3
125. 1
126. 1
127. 2
128. 2
129. 3
130. 2
131. 1
132. 1
133. 1
134. 3
135. 2
136. 1
137. 2
138. 3
139. 1
140. 3
141. 1
142. 1
143. 2
144. 2
145. 3
146. 4
147. 2
148. 4
149. 1
150. 1
151. 2
152. 1
153. 3
154. 2
155. 1
156. 2
157. 1
158. 2
159. 2
160. 2
161. 1
162. 2
163. 1
164. 1
165. 3
166. 1
167. 2
168. 2
169. 3
170. 2
171. 2
172. 1
173. 2
174. 2
175. 2
176. 1
177. 3
178. 2
179. 2
180. 3
181. 1
182. 2
183. 2
184. 2
185. 2
186. 1
187. 2
188. 3
189. 3
190. 2
191. 2
192. 2
193. 2
194. 1
195. 4
196. 3
197. 2
198. 1
199. 1
200. 3