2614.txt
1. 2
2. 6
3. 2
4. 3
5. 4
6. 3
7. 2
8. 4
9. 5
10. 1
11. 2
12. 1
13. 4
14. 2
15. 3
16. 2
17. 3
18. 3
19. 1
20. 1
21. 1
22. 1
23. 3
24. 3
25. 4
26. 2
27. 2
28. 1
29. 1
30. 2
31. 2
32. 1
33. 1
34. 5
35. 4
36. 4
37. 3
38. 2
39. 1
40. 2
41. 3
42. 3
43. 1
44. 3
45. 3
46. 3
47. 1
48. 5
49. 3
50. 1
51. 2
52. 4
53. 3
54. 4
55. 2
56. 5
57. 3
58. 1
59. 2
60. 3
61. 2
62. 3
63. 3
64. 2
65. 4
66. 6
67. 2
68. 1
69. 2
70. 2
71. 2
72. 3
73. 2
74. 4
75. 4
76. 2
77. 2
78. 3
79. 3
80. 4
81. 2
82. 1
83. 2
84. 2
85. 1
86. 2
87. 6
88. 2
89. 3
90. 2
91. 2
92. 2
93. 3
94. 3
95. 1
96. 2
97. 3
98. 1
99. 4
100. 2
101. 3
102. 1
103. 2
104. 3
105. 1
106. 3
107. 1
108. 3
109. 4
110. 1
111. 2
112. 2
113. 3
114. 4
115. 2
116. 4
117. 1
118. 2
119. 1
120. 2
121. 7
122. 2
123. 2
124. 3
125. 2
126. 2
127. 2
128. 3
129. 2
130. 1
131. 3
132. 2
133. 2
134. 6
135. 2
136. 1
137. 2
138. 4
139. 2
140. 2
141. 2
142. 2
143. 3
144. 2
145. 3
146. 2
147. 2
148. 5
149. 1
150. 2
151. 4
152. 2
153. 1
154. 7
155. 4
156. 2
157. 5
158. 2
159. 2
160. 2
161. 2
162. 1
163. 3
164. 5
165. 2
166. 2
167. 1
168. 2
169. 2
170. 3
171. 3
172. 2
173. 1
174. 3
175. 8
176. 4
177. 1
178. 3
179. 2
180. 1
181. 1
182. 2
183. 1
184. 4
185. 3
186. 2
187. 1
188. 3
189. 2
190. 2
191. 3
192. 2
193. 1
194. 2
195. 2
196. 1
197. 4
198. 3
199. 2
200. 4