2632.txt
1. 5
2. 2
3. 6
4. 1
5. 3
6. 2
7. 6
8. 3
9. 2
10. 2
11. 1
12. 1
13. 1
14. 5
15. 2
16. 4
17. 2
18. 2
19. 1
20. 3
21. 4
22. 2
23. 4
24. 1
25. 2
26. 1
27. 1
28. 3
29. 3
30. 3
31. 2
32. 3
33. 3
34. 3
35. 2
36. 4
37. 3
38. 2
39. 2
40. 3
41. 4
42. 3
43. 1
44. 2
45. 2
46. 3
47. 4
48. 2
49. 2
50. 2
51. 4
52. 2
53. 2
54. 3
55. 2
56. 2
57. 2
58. 1
59. 1
60. 5
61. 1
62. 2
63. 1
64. 2
65. 3
66. 2
67. 1
68. 3
69. 2
70. 2
71. 3
72. 1
73. 2
74. 3
75. 2
76. 2
77. 2
78. 1
79. 2
80. 2
81. 2
82. 3
83. 2
84. 2
85. 3
86. 4
87. 2
88. 2
89. 4
90. 2
91. 3
92. 2
93. 2
94. 2
95. 2
96. 3
97. 1
98. 2
99. 2
100. 1
101. 2
102. 3
103. 2
104. 3
105. 2
106. 2
107. 2
108. 3
109. 3
110. 3
111. 3
112. 3
113. 1
114. 2
115. 4
116. 2
117. 2
118. 1
119. 2
120. 2
121. 3
122. 2
123. 2
124. 3
125. 3
126. 4
127. 2
128. 3
129. 2
130. 5
131. 3
132. 1
133. 3
134. 3
135. 4
136. 2
137. 2
138. 2
139. 4
140. 5
141. 5
142. 4
143. 3
144. 4
145. 2
146. 3
147. 3
148. 1
149. 2
150. 2
151. 1
152. 2
153. 2
154. 4
155. 2
156. 1
157. 2
158. 2
159. 2
160. 1
161. 2
162. 1
163. 3
164. 2
165. 5
166. 2
167. 1
168. 2
169. 2
170. 2
171. 2
172. 2
173. 3
174. 1
175. 1
176. 3
177. 2
178. 2
179. 2
180. 1
181. 2
182. 2
183. 4
184. 2
185. 3
186. 2
187. 3
188. 2
189. 2
190. 2
191. 2
192. 1
193. 2
194. 2
195. 1
196. 3
197. 3
198. 3
199. 3
200. 2