2633.txt
1. 2
2. 2
3. 1
4. 4
5. 2
6. 3
7. 2
8. 1
9. 3
10. 2
11. 1
12. 2
13. 3
14. 2
15. 2
16. 2
17. 4
18. 2
19. 3
20. 1
21. 2
22. 2
23. 1
24. 2
25. 3
26. 7
27. 3
28. 4
29. 3
30. 2
31. 6
32. 2
33. 3
34. 2
35. 2
36. 2
37. 2
38. 3
39. 2
40. 3
41. 3
42. 2
43. 3
44. 2
45. 2
46. 3
47. 3
48. 2
49. 4
50. 2
51. 4
52. 3
53. 3
54. 2
55. 3
56. 2
57. 2
58. 3
59. 2
60. 2
61. 4
62. 3
63. 2
64. 2
65. 3
66. 2
67. 3
68. 2
69. 2
70. 3
71. 4
72. 2
73. 6
74. 4
75. 3
76. 2
77. 2
78. 2
79. 2
80. 4
81. 2
82. 3
83. 1
84. 2
85. 3
86. 2
87. 3
88. 2
89. 3
90. 1
91. 3
92. 2
93. 2
94. 3
95. 3
96. 2
97. 3
98. 3
99. 1
100. 3
101. 2
102. 4
103. 3
104. 3
105. 2
106. 3
107. 2
108. 2
109. 2
110. 1
111. 3
112. 2
113. 4
114. 2
115. 2
116. 2
117. 1
118. 3
119. 2
120. 2
121. 2
122. 2
123. 3
124. 5
125. 3
126. 2
127. 1
128. 8
129. 2
130. 2
131. 2
132. 3
133. 2
134. 2
135. 3
136. 2
137. 2
138. 3
139. 2
140. 2
141. 2
142. 3
143. 2
144. 2
145. 2
146. 2
147. 3
148. 2
149. 2
150. 2
151. 3
152. 2
153. 2
154. 3
155. 3
156. 2
157. 2
158. 3
159. 2
160. 2
161. 2
162. 2
163. 2
164. 2
165. 2
166. 3
167. 2
168. 4
169. 3
170. 2
171. 3
172. 2
173. 2
174. 2
175. 2
176. 2
177. 2
178. 2
179. 6
180. 1
181. 2
182. 1
183. 3
184. 2
185. 2
186. 3
187. 2
188. 2
189. 2
190. 2
191. 2
192. 2
193. 3
194. 4
195. 5
196. 2
197. 2
198. 2
199. 4
200. 6