2665.txt
1. 0
2. 2
3. 1
4. 3
5. 1
6. 0
7. 2
8. 0
9. 0
10. 3
11. 1
12. 2
13. 2
14. 0
15. 2
16. 2
17. 0
18. 1
19. 0
20. 4
21. 1
22. 1
23. 2
24. 1
25. 4
26. 1
27. 8
28. 1
29. 0
30. 2
31. 1
32. 4
33. 0
34. 1
35. 2
36. 6
37. 3
38. 1
39. 2
40. 3
41. 1
42. 1
43. 3
44. 2
45. 2
46. 0
47. 2
48. 2
49. 1
50. 2
51. 1
52. 1
53. 3
54. 1
55. 1
56. 1
57. 0
58. 3
59. 2
60. 1
61. 0
62. 1
63. 2
64. 2
65. 1
66. 2
67. 2
68. 3
69. 3
70. 2
71. 1
72. 1
73. 2
74. 1
75. 3
76. 1
77. 0
78. 2
79. 1
80. 1
81. 1
82. 0
83. 2
84. 3
85. 1
86. 3
87. 0
88. 2
89. 1
90. 2
91. 2
92. 1
93. 3
94. 1
95. 2
96. 2
97. 3
98. 2
99. 2
100. 4
101. 3
102. 2
103. 2
104. 0
105. 2
106. 1
107. 1
108. 2
109. 3
110. 2
111. 1
112. 2
113. 3
114. 2
115. 1
116. 0
117. 2
118. 3
119. 3
120. 2
121. 2
122. 3
123. 1
124. 2
125. 1
126. 2
127. 1
128. 1
129. 1
130. 3
131. 1
132. 2
133. 1
134. 2
135. 2
136. 2
137. 3
138. 2
139. 2
140. 2
141. 2
142. 2
143. 3
144. 1
145. 2
146. 1
147. 2
148. 2
149. 2
150. 4
151. 1
152. 2
153. 3
154. 2
155. 0
156. 4
157. 2
158. 3
159. 2
160. 2
161. 2
162. 2
163. 1
164. 2
165. 5
166. 4
167. 1
168. 2
169. 2
170. 2
171. 1
172. 2
173. 3
174. 2
175. 1
176. 2
177. 2
178. 2
179. 2
180. 2
181. 1
182. 2
183. 2
184. 1
185. 2
186. 3
187. 1
188. 2
189. 1
190. 2
191. 2
192. 3
193. 3
194. 3
195. 2
196. 3
197. 1
198. 1
199. 2
200. 3