2688.txt
1. 2
2. 6
3. 3
4. 3
5. 2
6. 2
7. 2
8. 1
9. 2
10. 1
11. 2
12. 4
13. 2
14. 1
15. 4
16. 4
17. 3
18. 2
19. 2
20. 2
21. 1
22. 1
23. 2
24. 1
25. 1
26. 1
27. 4
28. 1
29. 2
30. 3
31. 1
32. 2
33. 4
34. 2
35. 2
36. 2
37. 2
38. 3
39. 3
40. 3
41. 2
42. 1
43. 1
44. 2
45. 4
46. 3
47. 2
48. 2
49. 3
50. 1
51. 7
52. 3
53. 3
54. 5
55. 1
56. 1
57. 2
58. 1
59. 1
60. 4
61. 2
62. 2
63. 3
64. 2
65. 1
66. 3
67. 1
68. 2
69. 2
70. 3
71. 2
72. 1
73. 2
74. 5
75. 4
76. 3
77. 2
78. 1
79. 2
80. 3
81. 1
82. 5
83. 4
84. 1
85. 3
86. 1
87. 2
88. 2
89. 1
90. 3
91. 1
92. 1
93. 3
94. 2
95. 2
96. 2
97. 2
98. 1
99. 2
100. 2
101. 2
102. 1
103. 2
104. 2
105. 3
106. 2
107. 3
108. 2
109. 2
110. 3
111. 2
112. 2
113. 2
114. 3
115. 2
116. 3
117. 2
118. 3
119. 3
120. 1
121. 2
122. 4
123. 5
124. 2
125. 4
126. 2
127. 4
128. 2
129. 3
130. 2
131. 3
132. 3
133. 3
134. 1
135. 2
136. 7
137. 3
138. 1
139. 1
140. 5
141. 1
142. 2
143. 1
144. 4
145. 3
146. 3
147. 2
148. 2
149. 4
150. 1
151. 2
152. 1
153. 1
154. 1
155. 3
156. 2
157. 1
158. 2
159. 2
160. 3
161. 1
162. 4
163. 3
164. 3
165. 3
166. 2
167. 2
168. 3
169. 2
170. 1
171. 1
172. 4
173. 3
174. 2
175. 1
176. 2
177. 2
178. 2
179. 2
180. 2
181. 2
182. 3
183. 2
184. 2
185. 2
186. 3
187. 1
188. 1
189. 2
190. 3
191. 3
192. 2
193. 5
194. 4
195. 3
196. 2
197. 2
198. 1
199. 2
200. 3