2691.txt
1. 3
2. 1
3. 4
4. 1
5. 3
6. 2
7. 3
8. 1
9. 7
10. 0
11. 1
12. 0
13. 1
14. 0
15. 2
16. 1
17. 0
18. 0
19. 4
20. 0
21. 1
22. 2
23. 3
24. 1
25. 4
26. 2
27. 2
28. 2
29. 1
30. 3
31. 1
32. 2
33. 4
34. 8
35. 2
36. 2
37. 4
38. 3
39. 1
40. 2
41. 2
42. 4
43. 1
44. 2
45. 7
46. 2
47. 4
48. 3
49. 1
50. 4
51. 2
52. 3
53. 3
54. 2
55. 4
56. 3
57. 1
58. 2
59. 2
60. 3
61. 1
62. 3
63. 4
64. 2
65. 2
66. 1
67. 2
68. 2
69. 2
70. 3
71. 2
72. 2
73. 2
74. 4
75. 4
76. 2
77. 2
78. 1
79. 1
80. 4
81. 2
82. 5
83. 3
84. 2
85. 1
86. 2
87. 3
88. 2
89. 0
90. 3
91. 2
92. 1
93. 1
94. 3
95. 3
96. 3
97. 2
98. 3
99. 1
100. 2
101. 1
102. 2
103. 1
104. 2
105. 4
106. 3
107. 2
108. 3
109. 1
110. 1
111. 1
112. 3
113. 3
114. 2
115. 3
116. 2
117. 2
118. 2
119. 1
120. 2
121. 1
122. 2
123. 2
124. 2
125. 4
126. 1
127. 2
128. 1
129. 3
130. 3
131. 1
132. 1
133. 1
134. 2
135. 3
136. 1
137. 3
138. 2
139. 2
140. 2
141. 4
142. 1
143. 3
144. 5
145. 3
146. 3
147. 2
148. 1
149. 1
150. 3
151. 1
152. 1
153. 4
154. 2
155. 4
156. 2
157. 4
158. 1
159. 2
160. 0
161. 3
162. 3
163. 3
164. 6
165. 3
166. 3
167. 1
168. 3
169. 2
170. 2
171. 4
172. 1
173. 3
174. 1
175. 8
176. 2
177. 2
178. 1
179. 2
180. 3
181. 1
182. 2
183. 2
184. 2
185. 2
186. 3
187. 1
188. 1
189. 2
190. 1
191. 2
192. 3
193. 1
194. 2
195. 1
196. 1
197. 3
198. 3
199. 1
200. 3