2696.txt
1. 0
2. 4
3. 2
4. 3
5. 0
6. 3
7. 0
8. 5
9. 3
10. 1
11. 0
12. 7
13. 3
14. 3
15. 0
16. 2
17. 4
18. 1
19. 1
20. 2
21. 3
22. 4
23. 3
24. 3
25. 2
26. 2
27. 0
28. 2
29. 0
30. 1
31. 3
32. 0
33. 2
34. 2
35. 0
36. 2
37. 1
38. 3
39. 1
40. 2
41. 6
42. 2
43. 2
44. 1
45. 3
46. 2
47. 1
48. 1
49. 3
50. 2
51. 1
52. 6
53. 1
54. 3
55. 1
56. 3
57. 0
58. 0
59. 1
60. 1
61. 2
62. 2
63. 0
64. 2
65. 1
66. 2
67. 1
68. 4
69. 1
70. 2
71. 0
72. 2
73. 2
74. 3
75. 1
76. 0
77. 2
78. 2
79. 0
80. 1
81. 1
82. 2
83. 4
84. 6
85. 3
86. 2
87. 2
88. 1
89. 0
90. 0
91. 1
92. 2
93. 0
94. 2
95. 4
96. 0
97. 0
98. 2
99. 2
100. 2
101. 2
102. 3
103. 0
104. 1
105. 0
106. 2
107. 3
108. 1
109. 2
110. 0
111. 1
112. 3
113. 2
114. 0
115. 0
116. 0
117. 2
118. 2
119. 4
120. 5
121. 0
122. 2
123. 1
124. 3
125. 2
126. 0
127. 3
128. 1
129. 0
130. 1
131. 2
132. 0
133. 0
134. 5
135. 2
136. 1
137. 3
138. 2
139. 2
140. 1
141. 2
142. 3
143. 2
144. 2
145. 1
146. 3
147. 1
148. 0
149. 2
150. 0
151. 2
152. 2
153. 0
154. 2
155. 0
156. 1
157. 0
158. 2
159. 1
160. 5
161. 2
162. 2
163. 2
164. 1
165. 1
166. 2
167. 0
168. 1
169. 2
170. 2
171. 0
172. 2
173. 2
174. 0
175. 2
176. 1
177. 0
178. 2
179. 1
180. 0
181. 0
182. 0
183. 3
184. 0
185. 2
186. 2
187. 1
188. 1
189. 2
190. 2
191. 2
192. 3
193. 2
194. 0
195. 3
196. 3
197. 1
198. 1
199. 3
200. 2