2699.txt
1. 2
2. 3
3. 1
4. 2
5. 2
6. 2
7. 5
8. 2
9. 2
10. 1
11. 2
12. 2
13. 3
14. 5
15. 1
16. 2
17. 3
18. 3
19. 4
20. 3
21. 3
22. 3
23. 4
24. 2
25. 6
26. 3
27. 1
28. 2
29. 3
30. 3
31. 2
32. 1
33. 2
34. 4
35. 2
36. 2
37. 3
38. 2
39. 3
40. 2
41. 4
42. 6
43. 3
44. 2
45. 2
46. 2
47. 3
48. 3
49. 2
50. 3
51. 4
52. 3
53. 7
54. 1
55. 4
56. 3
57. 4
58. 3
59. 2
60. 3
61. 4
62. 3
63. 3
64. 2
65. 4
66. 2
67. 4
68. 2
69. 3
70. 2
71. 5
72. 2
73. 2
74. 2
75. 1
76. 2
77. 3
78. 3
79. 3
80. 2
81. 4
82. 2
83. 3
84. 3
85. 2
86. 3
87. 3
88. 5
89. 2
90. 4
91. 3
92. 2
93. 2
94. 3
95. 4
96. 2
97. 2
98. 2
99. 3
100. 3
101. 3
102. 2
103. 2
104. 3
105. 3
106. 3
107. 2
108. 3
109. 4
110. 2
111. 2
112. 3
113. 4
114. 2
115. 4
116. 2
117. 3
118. 2
119. 3
120. 2
121. 2
122. 5
123. 7
124. 3
125. 2
126. 3
127. 3
128. 3
129. 4
130. 2
131. 3
132. 4
133. 2
134. 3
135. 3
136. 3
137. 2
138. 3
139. 2
140. 2
141. 2
142. 3
143. 2
144. 2
145. 5
146. 2
147. 2
148. 3
149. 4
150. 3
151. 3
152. 5
153. 2
154. 3
155. 2
156. 3
157. 2
158. 1
159. 3
160. 3
161. 2
162. 2
163. 1
164. 4
165. 3
166. 2
167. 2
168. 3
169. 4
170. 2
171. 4
172. 2
173. 3
174. 3
175. 2
176. 3
177. 2
178. 3
179. 2
180. 2
181. 2
182. 2
183. 3
184. 5
185. 3
186. 2
187. 2
188. 2
189. 2
190. 2
191. 2
192. 2
193. 3
194. 3
195. 3
196. 2
197. 2
198. 4
199. 2
200. 3