27.txt
1. 0
2. 3
3. 1
4. 4
5. 0
6. 3
7. 3
8. 4
9. 1
10. 2
11. 1
12. 2
13. 1
14. 2
15. 3
16. 1
17. 2
18. 0
19. 3
20. 3
21. 2
22. 2
23. 5
24. 4
25. 2
26. 1
27. 4
28. 2
29. 2
30. 3
31. 2
32. 2
33. 2
34. 2
35. 4
36. 3
37. 3
38. 2
39. 3
40. 3
41. 2
42. 3
43. 2
44. 2
45. 4
46. 3
47. 2
48. 3
49. 1
50. 3
51. 3
52. 1
53. 2
54. 4
55. 2
56. 3
57. 2
58. 2
59. 3
60. 2
61. 3
62. 3
63. 1
64. 1
65. 3
66. 3
67. 3
68. 2
69. 2
70. 4
71. 2
72. 1
73. 1
74. 4
75. 2
76. 2
77. 2
78. 4
79. 1
80. 2
81. 2
82. 2
83. 3
84. 2
85. 1
86. 3
87. 2
88. 2
89. 2
90. 2
91. 3
92. 3
93. 2
94. 1
95. 3
96. 3
97. 3
98. 3
99. 3
100. 1
101. 1
102. 3
103. 4
104. 4
105. 4
106. 0
107. 4
108. 4
109. 1
110. 1
111. 1
112. 3
113. 1
114. 3
115. 2
116. 3
117. 2
118. 1
119. 4
120. 2
121. 3
122. 2
123. 3
124. 3
125. 5
126. 3
127. 2
128. 4
129. 2
130. 1
131. 3
132. 2
133. 4
134. 3
135. 4
136. 2
137. 2
138. 1
139. 2
140. 2
141. 2
142. 3
143. 2
144. 3
145. 2
146. 1
147. 3
148. 2
149. 3
150. 2
151. 4
152. 3
153. 1
154. 2
155. 2
156. 2
157. 2
158. 3
159. 2
160. 2
161. 2
162. 2
163. 3
164. 2
165. 3
166. 2
167. 4
168. 2
169. 3
170. 2
171. 2
172. 3
173. 3
174. 2
175. 2
176. 3
177. 2
178. 2
179. 4
180. 1
181. 2
182. 2
183. 2
184. 3
185. 1
186. 3
187. 2
188. 2
189. 2
190. 3
191. 1
192. 3
193. 2
194. 2
195. 1
196. 2
197. 2
198. 4
199. 2
200. 2