2701.txt
1. 0
2. 0
3. 0
4. 2
5. 1
6. 0
7. 1
8. 0
9. 0
10. 2
11. 1
12. 3
13. 2
14. 3
15. 0
16. 4
17. 2
18. 1
19. 2
20. 3
21. 2
22. 3
23. 1
24. 0
25. 1
26. 2
27. 2
28. 1
29. 1
30. 2
31. 1
32. 2
33. 2
34. 3
35. 2
36. 1
37. 4
38. 1
39. 1
40. 2
41. 4
42. 2
43. 0
44. 4
45. 3
46. 2
47. 2
48. 3
49. 1
50. 2
51. 3
52. 1
53. 0
54. 0
55. 1
56. 0
57. 2
58. 2
59. 2
60. 0
61. 1
62. 2
63. 1
64. 3
65. 3
66. 1
67. 1
68. 4
69. 1
70. 2
71. 0
72. 0
73. 2
74. 2
75. 1
76. 2
77. 3
78. 2
79. 2
80. 3
81. 2
82. 3
83. 0
84. 1
85. 0
86. 1
87. 1
88. 1
89. 1
90. 3
91. 2
92. 1
93. 1
94. 2
95. 2
96. 1
97. 1
98. 6
99. 1
100. 1
101. 2
102. 2
103. 2
104. 1
105. 2
106. 3
107. 2
108. 2
109. 1
110. 2
111. 1
112. 2
113. 3
114. 3
115. 1
116. 0
117. 5
118. 1
119. 0
120. 2
121. 1
122. 2
123. 3
124. 1
125. 2
126. 2
127. 2
128. 2
129. 2
130. 3
131. 0
132. 2
133. 1
134. 3
135. 0
136. 2
137. 1
138. 0
139. 1
140. 1
141. 0
142. 1
143. 0
144. 4
145. 1
146. 1
147. 2
148. 2
149. 2
150. 0
151. 3
152. 0
153. 0
154. 2
155. 1
156. 1
157. 1
158. 2
159. 2
160. 1
161. 0
162. 1
163. 0
164. 2
165. 0
166. 4
167. 2
168. 0
169. 0
170. 2
171. 3
172. 0
173. 2
174. 0
175. 2
176. 1
177. 2
178. 0
179. 2
180. 3
181. 1
182. 1
183. 1
184. 2
185. 3
186. 2
187. 3
188. 1
189. 0
190. 1
191. 2
192. 1
193. 2
194. 1
195. 1
196. 2
197. 2
198. 2
199. 3
200. 3