2704.txt
1. 2
2. 1
3. 1
4. 2
5. 0
6. 1
7. 3
8. 6
9. 3
10. 0
11. 3
12. 2
13. 4
14. 2
15. 1
16. 5
17. 2
18. 1
19. 2
20. 2
21. 2
22. 3
23. 1
24. 1
25. 2
26. 5
27. 5
28. 3
29. 2
30. 3
31. 2
32. 4
33. 1
34. 2
35. 1
36. 2
37. 3
38. 4
39. 4
40. 1
41. 2
42. 2
43. 3
44. 2
45. 1
46. 2
47. 2
48. 1
49. 2
50. 3
51. 2
52. 1
53. 1
54. 0
55. 3
56. 4
57. 1
58. 3
59. 5
60. 3
61. 3
62. 3
63. 3
64. 3
65. 2
66. 1
67. 5
68. 2
69. 2
70. 3
71. 2
72. 3
73. 2
74. 2
75. 2
76. 4
77. 2
78. 1
79. 2
80. 0
81. 2
82. 3
83. 2
84. 2
85. 1
86. 2
87. 1
88. 1
89. 2
90. 1
91. 1
92. 1
93. 1
94. 4
95. 1
96. 3
97. 1
98. 1
99. 3
100. 2
101. 3
102. 2
103. 4
104. 2
105. 2
106. 6
107. 3
108. 2
109. 2
110. 1
111. 2
112. 2
113. 1
114. 5
115. 2
116. 2
117. 1
118. 2
119. 3
120. 3
121. 1
122. 1
123. 2
124. 2
125. 3
126. 3
127. 2
128. 2
129. 3
130. 1
131. 2
132. 2
133. 2
134. 2
135. 3
136. 2
137. 2
138. 2
139. 3
140. 2
141. 2
142. 2
143. 2
144. 2
145. 2
146. 3
147. 4
148. 2
149. 2
150. 1
151. 2
152. 2
153. 2
154. 2
155. 3
156. 2
157. 2
158. 2
159. 3
160. 3
161. 2
162. 2
163. 2
164. 2
165. 3
166. 4
167. 1
168. 2
169. 5
170. 3
171. 3
172. 4
173. 3
174. 3
175. 2
176. 3
177. 2
178. 2
179. 2
180. 1
181. 2
182. 2
183. 2
184. 2
185. 2
186. 3
187. 3
188. 2
189. 2
190. 2
191. 2
192. 3
193. 3
194. 2
195. 2
196. 1
197. 3
198. 1
199. 7
200. 6