271.txt
1. 2
2. 1
3. 3
4. 8
5. 1
6. 3
7. 0
8. 4
9. 1
10. 2
11. 0
12. 5
13. 4
14. 1
15. 0
16. 1
17. 4
18. 1
19. 0
20. 2
21. 6
22. 1
23. 1
24. 1
25. 4
26. 2
27. 1
28. 0
29. 2
30. 3
31. 1
32. 4
33. 4
34. 0
35. 1
36. 1
37. 1
38. 1
39. 2
40. 3
41. 2
42. 2
43. 2
44. 2
45. 1
46. 1
47. 1
48. 0
49. 3
50. 3
51. 3
52. 1
53. 2
54. 5
55. 1
56. 3
57. 4
58. 2
59. 3
60. 2
61. 2
62. 1
63. 1
64. 1
65. 1
66. 1
67. 1
68. 3
69. 1
70. 1
71. 2
72. 2
73. 3
74. 3
75. 1
76. 2
77. 2
78. 2
79. 5
80. 1
81. 2
82. 2
83. 2
84. 1
85. 2
86. 2
87. 3
88. 3
89. 2
90. 3
91. 2
92. 6
93. 5
94. 3
95. 2
96. 4
97. 1
98. 4
99. 2
100. 1
101. 2
102. 3
103. 2
104. 1
105. 1
106. 1
107. 3
108. 3
109. 2
110. 2
111. 3
112. 2
113. 1
114. 1
115. 2
116. 1
117. 3
118. 5
119. 1
120. 2
121. 4
122. 1
123. 2
124. 1
125. 1
126. 1
127. 1
128. 2
129. 1
130. 4
131. 1
132. 3
133. 1
134. 2
135. 1
136. 4
137. 1
138. 1
139. 6
140. 1
141. 1
142. 4
143. 1
144. 2
145. 2
146. 1
147. 2
148. 1
149. 3
150. 3
151. 2
152. 4
153. 5
154. 2
155. 2
156. 1
157. 2
158. 1
159. 4
160. 2
161. 1
162. 4
163. 2
164. 2
165. 2
166. 1
167. 2
168. 1
169. 2
170. 3
171. 3
172. 6
173. 2
174. 1
175. 6
176. 2
177. 1
178. 3
179. 1
180. 3
181. 2
182. 2
183. 3
184. 2
185. 3
186. 2
187. 1
188. 2
189. 1
190. 3
191. 5
192. 2
193. 2
194. 3
195. 1
196. 3
197. 2
198. 3
199. 2
200. 2