2724.txt
1. 3
2. 7
3. 1
4. 1
5. 0
6. 4
7. 3
8. 2
9. 4
10. 0
11. 3
12. 2
13. 4
14. 2
15. 0
16. 1
17. 1
18. 5
19. 2
20. 3
21. 2
22. 4
23. 5
24. 6
25. 1
26. 3
27. 1
28. 0
29. 1
30. 3
31. 4
32. 2
33. 1
34. 1
35. 0
36. 2
37. 2
38. 3
39. 2
40. 1
41. 2
42. 2
43. 3
44. 3
45. 1
46. 4
47. 10
48. 2
49. 1
50. 3
51. 3
52. 2
53. 4
54. 5
55. 1
56. 2
57. 3
58. 2
59. 2
60. 1
61. 3
62. 2
63. 1
64. 2
65. 4
66. 1
67. 1
68. 2
69. 3
70. 2
71. 1
72. 2
73. 0
74. 3
75. 2
76. 3
77. 2
78. 1
79. 2
80. 3
81. 1
82. 3
83. 2
84. 1
85. 1
86. 1
87. 1
88. 1
89. 2
90. 3
91. 2
92. 1
93. 4
94. 4
95. 2
96. 2
97. 1
98. 2
99. 3
100. 1
101. 2
102. 5
103. 1
104. 3
105. 1
106. 2
107. 2
108. 4
109. 3
110. 0
111. 2
112. 2
113. 1
114. 1
115. 1
116. 2
117. 3
118. 3
119. 1
120. 2
121. 1
122. 3
123. 2
124. 2
125. 2
126. 3
127. 4
128. 3
129. 2
130. 3
131. 4
132. 1
133. 3
134. 3
135. 1
136. 1
137. 4
138. 1
139. 3
140. 2
141. 2
142. 4
143. 2
144. 2
145. 4
146. 3
147. 2
148. 2
149. 1
150. 3
151. 3
152. 7
153. 2
154. 2
155. 3
156. 4
157. 2
158. 2
159. 5
160. 1
161. 2
162. 2
163. 1
164. 3
165. 3
166. 2
167. 2
168. 1
169. 1
170. 4
171. 2
172. 0
173. 2
174. 3
175. 2
176. 2
177. 2
178. 2
179. 2
180. 2
181. 3
182. 3
183. 3
184. 3
185. 2
186. 1
187. 1
188. 4
189. 3
190. 1
191. 2
192. 3
193. 1
194. 1
195. 4
196. 2
197. 4
198. 4
199. 3
200. 2