2725.txt
1. 0
2. 0
3. 2
4. 2
5. 4
6. 1
7. 2
8. 0
9. 3
10. 0
11. 0
12. 0
13. 0
14. 0
15. 3
16. 0
17. 0
18. 2
19. 1
20. 2
21. 0
22. 4
23. 1
24. 2
25. 1
26. 1
27. 1
28. 1
29. 2
30. 2
31. 2
32. 1
33. 3
34. 0
35. 1
36. 0
37. 0
38. 3
39. 1
40. 7
41. 1
42. 1
43. 2
44. 3
45. 2
46. 4
47. 2
48. 1
49. 5
50. 4
51. 3
52. 1
53. 0
54. 0
55. 0
56. 0
57. 0
58. 2
59. 4
60. 0
61. 0
62. 0
63. 3
64. 3
65. 3
66. 0
67. 1
68. 2
69. 3
70. 0
71. 2
72. 0
73. 1
74. 2
75. 0
76. 0
77. 0
78. 1
79. 2
80. 1
81. 2
82. 3
83. 2
84. 1
85. 1
86. 2
87. 2
88. 0
89. 0
90. 1
91. 0
92. 3
93. 0
94. 1
95. 2
96. 0
97. 4
98. 2
99. 0
100. 3
101. 3
102. 0
103. 3
104. 3
105. 1
106. 0
107. 4
108. 2
109. 0
110. 0
111. 4
112. 4
113. 2
114. 1
115. 1
116. 0
117. 1
118. 0
119. 0
120. 2
121. 1
122. 0
123. 1
124. 0
125. 1
126. 4
127. 2
128. 0
129. 3
130. 0
131. 0
132. 1
133. 1
134. 1
135. 1
136. 1
137. 2
138. 0
139. 1
140. 5
141. 0
142. 2
143. 2
144. 0
145. 0
146. 1
147. 4
148. 1
149. 0
150. 1
151. 0
152. 1
153. 2
154. 1
155. 0
156. 2
157. 0
158. 1
159. 2
160. 4
161. 0
162. 1
163. 3
164. 3
165. 1
166. 0
167. 0
168. 1
169. 3
170. 1
171. 2
172. 2
173. 3
174. 0
175. 0
176. 3
177. 0
178. 1
179. 0
180. 4
181. 0
182. 1
183. 1
184. 2
185. 1
186. 0
187. 0
188. 3
189. 2
190. 2
191. 0
192. 2
193. 0
194. 0
195. 0
196. 7
197. 1
198. 0
199. 0
200. 1