2731.txt
1. 2
2. 1
3. 0
4. 4
5. 2
6. 3
7. 4
8. 3
9. 1
10. 1
11. 1
12. 1
13. 1
14. 5
15. 4
16. 1
17. 3
18. 5
19. 2
20. 4
21. 3
22. 2
23. 4
24. 1
25. 3
26. 1
27. 3
28. 1
29. 1
30. 2
31. 2
32. 3
33. 1
34. 2
35. 4
36. 2
37. 2
38. 3
39. 1
40. 3
41. 2
42. 2
43. 0
44. 2
45. 1
46. 2
47. 2
48. 4
49. 1
50. 3
51. 3
52. 1
53. 3
54. 3
55. 2
56. 2
57. 3
58. 1
59. 1
60. 2
61. 1
62. 3
63. 2
64. 3
65. 2
66. 2
67. 2
68. 3
69. 2
70. 2
71. 5
72. 2
73. 2
74. 2
75. 1
76. 2
77. 1
78. 1
79. 4
80. 1
81. 2
82. 2
83. 1
84. 4
85. 2
86. 2
87. 1
88. 2
89. 1
90. 1
91. 2
92. 3
93. 2
94. 1
95. 3
96. 2
97. 1
98. 2
99. 3
100. 2
101. 3
102. 3
103. 2
104. 2
105. 3
106. 4
107. 2
108. 7
109. 3
110. 2
111. 1
112. 3
113. 1
114. 2
115. 3
116. 2
117. 2
118. 2
119. 1
120. 2
121. 3
122. 2
123. 3
124. 2
125. 1
126. 1
127. 3
128. 1
129. 1
130. 2
131. 1
132. 2
133. 1
134. 1
135. 2
136. 2
137. 2
138. 1
139. 2
140. 2
141. 3
142. 4
143. 1
144. 2
145. 2
146. 2
147. 1
148. 3
149. 2
150. 3
151. 4
152. 2
153. 3
154. 3
155. 2
156. 3
157. 2
158. 2
159. 2
160. 3
161. 2
162. 2
163. 2
164. 2
165. 2
166. 4
167. 4
168. 2
169. 1
170. 2
171. 3
172. 1
173. 2
174. 2
175. 2
176. 2
177. 2
178. 2
179. 2
180. 4
181. 2
182. 2
183. 3
184. 5
185. 1
186. 3
187. 2
188. 2
189. 2
190. 3
191. 2
192. 4
193. 3
194. 1
195. 2
196. 1
197. 3
198. 2
199. 2
200. 3