2740.txt
1. 4
2. 0
3. 1
4. 0
5. 1
6. 1
7. 2
8. 1
9. 2
10. 1
11. 1
12. 1
13. 1
14. 1
15. 2
16. 1
17. 2
18. 2
19. 1
20. 2
21. 1
22. 3
23. 1
24. 1
25. 4
26. 2
27. 3
28. 1
29. 2
30. 4
31. 2
32. 4
33. 3
34. 3
35. 2
36. 2
37. 3
38. 2
39. 1
40. 1
41. 3
42. 2
43. 2
44. 4
45. 3
46. 1
47. 1
48. 2
49. 1
50. 5
51. 2
52. 6
53. 2
54. 1
55. 2
56. 2
57. 3
58. 2
59. 1
60. 2
61. 1
62. 2
63. 2
64. 1
65. 2
66. 1
67. 2
68. 1
69. 2
70. 3
71. 2
72. 1
73. 2
74. 2
75. 2
76. 1
77. 2
78. 1
79. 3
80. 2
81. 2
82. 1
83. 2
84. 1
85. 3
86. 2
87. 1
88. 2
89. 3
90. 3
91. 2
92. 1
93. 1
94. 2
95. 1
96. 1
97. 2
98. 2
99. 3
100. 3
101. 2
102. 2
103. 1
104. 2
105. 3
106. 1
107. 2
108. 3
109. 3
110. 2
111. 3
112. 3
113. 1
114. 1
115. 2
116. 3
117. 2
118. 1
119. 1
120. 3
121. 2
122. 2
123. 1
124. 2
125. 2
126. 3
127. 2
128. 1
129. 2
130. 1
131. 1
132. 4
133. 2
134. 2
135. 1
136. 1
137. 2
138. 2
139. 1
140. 2
141. 1
142. 4
143. 3
144. 1
145. 3
146. 1
147. 2
148. 1
149. 2
150. 1
151. 3
152. 3
153. 2
154. 1
155. 2
156. 2
157. 2
158. 2
159. 3
160. 3
161. 1
162. 1
163. 2
164. 2
165. 1
166. 4
167. 1
168. 1
169. 5
170. 2
171. 2
172. 1
173. 3
174. 2
175. 2
176. 2
177. 3
178. 2
179. 2
180. 3
181. 2
182. 3
183. 1
184. 2
185. 2
186. 3
187. 2
188. 1
189. 2
190. 1
191. 2
192. 1
193. 2
194. 4
195. 3
196. 2
197. 1
198. 1
199. 2
200. 1