2744.txt
1. 0
2. 1
3. 2
4. 2
5. 0
6. 1
7. 1
8. 2
9. 2
10. 1
11. 1
12. 0
13. 0
14. 1
15. 1
16. 3
17. 1
18. 2
19. 1
20. 2
21. 2
22. 2
23. 2
24. 3
25. 0
26. 2
27. 1
28. 0
29. 0
30. 2
31. 3
32. 0
33. 2
34. 2
35. 0
36. 2
37. 0
38. 2
39. 3
40. 3
41. 1
42. 0
43. 1
44. 2
45. 3
46. 1
47. 0
48. 2
49. 3
50. 0
51. 1
52. 1
53. 2
54. 2
55. 1
56. 1
57. 2
58. 1
59. 0
60. 0
61. 0
62. 1
63. 0
64. 3
65. 0
66. 1
67. 1
68. 2
69. 1
70. 1
71. 0
72. 1
73. 2
74. 2
75. 2
76. 1
77. 1
78. 3
79. 1
80. 2
81. 1
82. 1
83. 2
84. 3
85. 0
86. 3
87. 2
88. 0
89. 0
90. 3
91. 1
92. 1
93. 2
94. 2
95. 4
96. 3
97. 0
98. 3
99. 0
100. 2
101. 1
102. 1
103. 1
104. 1
105. 2
106. 1
107. 2
108. 1
109. 0
110. 2
111. 1
112. 3
113. 0
114. 2
115. 2
116. 2
117. 0
118. 2
119. 0
120. 1
121. 1
122. 0
123. 0
124. 2
125. 1
126. 2
127. 2
128. 2
129. 1
130. 1
131. 2
132. 2
133. 1
134. 0
135. 2
136. 1
137. 1
138. 1
139. 0
140. 2
141. 0
142. 2
143. 3
144. 2
145. 1
146. 2
147. 0
148. 1
149. 1
150. 2
151. 2
152. 1
153. 0
154. 2
155. 1
156. 1
157. 2
158. 0
159. 2
160. 2
161. 2
162. 1
163. 1
164. 2
165. 2
166. 0
167. 1
168. 2
169. 2
170. 3
171. 1
172. 0
173. 2
174. 3
175. 0
176. 1
177. 2
178. 1
179. 2
180. 1
181. 0
182. 1
183. 1
184. 3
185. 1
186. 0
187. 1
188. 1
189. 3
190. 1
191. 1
192. 1
193. 2
194. 1
195. 2
196. 2
197. 1
198. 0
199. 2
200. 1