275.txt
1. 0
2. 0
3. 4
4. 0
5. 8
6. 0
7. 6
8. 0
9. 0
10. 0
11. 0
12. 0
13. 0
14. 2
15. 4
16. 0
17. 0
18. 0
19. 0
20. 2
21. 0
22. 0
23. 3
24. 2
25. 2
26. 0
27. 9
28. 0
29. 3
30. 0
31. 0
32. 0
33. 0
34. 0
35. 0
36. 2
37. 0
38. 3
39. 0
40. 5
41. 2
42. 0
43. 0
44. 2
45. 3
46. 4
47. 3
48. 0
49. 0
50. 2
51. 0
52. 2
53. 0
54. 0
55. 0
56. 3
57. 0
58. 0
59. 0
60. 0
61. 0
62. 3
63. 0
64. 2
65. 0
66. 3
67. 0
68. 4
69. 0
70. 2
71. 2
72. 5
73. 0
74. 0
75. 0
76. 3
77. 0
78. 2
79. 0
80. 3
81. 2
82. 0
83. 0
84. 0
85. 2
86. 0
87. 6
88. 0
89. 3
90. 3
91. 0
92. 7
93. 0
94. 4
95. 0
96. 3
97. 0
98. 3
99. 0
100. 2
101. 2
102. 2
103. 2
104. 3
105. 0
106. 3
107. 0
108. 0
109. 2
110. 0
111. 0
112. 0
113. 2
114. 0
115. 0
116. 0
117. 0
118. 0
119. 2
120. 0
121. 0
122. 0
123. 0
124. 0
125. 3
126. 4
127. 3
128. 2
129. 0
130. 0
131. 2
132. 4
133. 2
134. 0
135. 3
136. 0
137. 0
138. 3
139. 3
140. 9
141. 0
142. 0
143. 0
144. 2
145. 7
146. 0
147. 0
148. 0
149. 4
150. 2
151. 0
152. 0
153. 0
154. 3
155. 0
156. 2
157. 0
158. 3
159. 4
160. 0
161. 3
162. 0
163. 0
164. 0
165. 0
166. 3
167. 0
168. 0
169. 0
170. 0
171. 2
172. 0
173. 2
174. 0
175. 0
176. 0
177. 0
178. 0
179. 0
180. 0
181. 0
182. 0
183. 0
184. 0
185. 0
186. 0
187. 0
188. 0
189. 2
190. 0
191. 0
192. 2
193. 2
194. 0
195. 3
196. 3
197. 3
198. 4
199. 0
200. 0