2753.txt
1. 2
2. 1
3. 2
4. 2
5. 3
6. 2
7. 1
8. 4
9. 1
10. 2
11. 1
12. 3
13. 2
14. 2
15. 1
16. 2
17. 1
18. 1
19. 1
20. 2
21. 1
22. 1
23. 2
24. 3
25. 8
26. 6
27. 3
28. 1
29. 1
30. 1
31. 3
32. 1
33. 2
34. 2
35. 2
36. 3
37. 1
38. 3
39. 3
40. 2
41. 2
42. 2
43. 3
44. 1
45. 2
46. 2
47. 1
48. 1
49. 2
50. 3
51. 3
52. 2
53. 6
54. 2
55. 2
56. 2
57. 2
58. 1
59. 1
60. 2
61. 4
62. 1
63. 1
64. 1
65. 2
66. 1
67. 2
68. 1
69. 1
70. 2
71. 4
72. 5
73. 2
74. 3
75. 3
76. 1
77. 1
78. 1
79. 3
80. 2
81. 1
82. 1
83. 1
84. 1
85. 2
86. 1
87. 1
88. 1
89. 2
90. 2
91. 3
92. 7
93. 2
94. 4
95. 1
96. 5
97. 2
98. 1
99. 2
100. 3
101. 2
102. 1
103. 3
104. 2
105. 2
106. 2
107. 2
108. 2
109. 2
110. 2
111. 1
112. 2
113. 2
114. 1
115. 2
116. 3
117. 2
118. 1
119. 3
120. 1
121. 1
122. 1
123. 1
124. 7
125. 7
126. 2
127. 3
128. 2
129. 1
130. 1
131. 2
132. 2
133. 2
134. 4
135. 1
136. 3
137. 1
138. 2
139. 1
140. 3
141. 1
142. 1
143. 1
144. 1
145. 2
146. 1
147. 2
148. 1
149. 5
150. 2
151. 1
152. 5
153. 3
154. 3
155. 3
156. 3
157. 2
158. 1
159. 1
160. 1
161. 2
162. 2
163. 2
164. 1
165. 2
166. 4
167. 2
168. 1
169. 2
170. 1
171. 1
172. 2
173. 1
174. 2
175. 3
176. 1
177. 2
178. 2
179. 4
180. 2
181. 2
182. 2
183. 1
184. 2
185. 3
186. 1
187. 3
188. 2
189. 3
190. 1
191. 2
192. 3
193. 3
194. 1
195. 1
196. 3
197. 2
198. 4
199. 1
200. 3