276.txt
1. 3
2. 1
3. 4
4. 0
5. 3
6. 0
7. 0
8. 3
9. 2
10. 0
11. 3
12. 0
13. 2
14. 0
15. 8
16. 5
17. 1
18. 2
19. 0
20. 2
21. 4
22. 1
23. 1
24. 7
25. 2
26. 3
27. 7
28. 1
29. 2
30. 3
31. 1
32. 1
33. 6
34. 4
35. 1
36. 4
37. 0
38. 1
39. 5
40. 3
41. 2
42. 5
43. 2
44. 3
45. 3
46. 7
47. 4
48. 4
49. 6
50. 5
51. 1
52. 1
53. 2
54. 1
55. 1
56. 2
57. 3
58. 10
59. 1
60. 3
61. 2
62. 4
63. 2
64. 0
65. 3
66. 5
67. 0
68. 2
69. 4
70. 1
71. 10
72. 2
73. 8
74. 2
75. 2
76. 3
77. 1
78. 1
79. 2
80. 2
81. 4
82. 4
83. 0
84. 2
85. 4
86. 3
87. 3
88. 6
89. 1
90. 1
91. 5
92. 0
93. 1
94. 1
95. 1
96. 3
97. 4
98. 0
99. 1
100. 1
101. 2
102. 2
103. 2
104. 1
105. 3
106. 1
107. 2
108. 1
109. 1
110. 1
111. 3
112. 1
113. 2
114. 4
115. 3
116. 2
117. 1
118. 3
119. 2
120. 5
121. 5
122. 4
123. 6
124. 1
125. 0
126. 7
127. 1
128. 1
129. 1
130. 2
131. 0
132. 2
133. 1
134. 2
135. 2
136. 2
137. 2
138. 4
139. 2
140. 3
141. 3
142. 2
143. 4
144. 1
145. 6
146. 1
147. 6
148. 4
149. 2
150. 7
151. 1
152. 2
153. 2
154. 5
155. 4
156. 1
157. 2
158. 1
159. 2
160. 1
161. 2
162. 3
163. 1
164. 2
165. 4
166. 3
167. 1
168. 1
169. 2
170. 2
171. 2
172. 5
173. 1
174. 1
175. 2
176. 3
177. 3
178. 2
179. 4
180. 2
181. 4
182. 1
183. 5
184. 3
185. 2
186. 4
187. 2
188. 1
189. 2
190. 3
191. 1
192. 4
193. 1
194. 4
195. 1
196. 1
197. 2
198. 1
199. 3
200. 3