2763.txt
1. 0
2. 0
3. 0
4. 2
5. 2
6. 3
7. 0
8. 3
9. 2
10. 4
11. 3
12. 3
13. 4
14. 0
15. 2
16. 2
17. 2
18. 2
19. 7
20. 0
21. 0
22. 2
23. 4
24. 2
25. 4
26. 3
27. 0
28. 5
29. 1
30. 4
31. 0
32. 3
33. 0
34. 2
35. 0
36. 3
37. 0
38. 2
39. 0
40. 0
41. 3
42. 4
43. 4
44. 0
45. 3
46. 0
47. 2
48. 1
49. 0
50. 1
51. 2
52. 3
53. 0
54. 0
55. 0
56. 0
57. 1
58. 2
59. 4
60. 0
61. 0
62. 0
63. 4
64. 2
65. 0
66. 2
67. 0
68. 2
69. 0
70. 2
71. 0
72. 2
73. 0
74. 3
75. 6
76. 5
77. 1
78. 0
79. 0
80. 2
81. 0
82. 0
83. 2
84. 0
85. 4
86. 1
87. 2
88. 4
89. 0
90. 0
91. 3
92. 2
93. 0
94. 0
95. 2
96. 0
97. 2
98. 0
99. 3
100. 0
101. 0
102. 0
103. 3
104. 0
105. 2
106. 2
107. 0
108. 3
109. 0
110. 0
111. 2
112. 2
113. 2
114. 3
115. 2
116. 3
117. 2
118. 2
119. 4
120. 0
121. 2
122. 3
123. 0
124. 2
125. 3
126. 3
127. 2
128. 3
129. 0
130. 0
131. 3
132. 0
133. 0
134. 2
135. 3
136. 0
137. 3
138. 3
139. 0
140. 0
141. 2
142. 0
143. 2
144. 3
145. 0
146. 0
147. 0
148. 2
149. 3
150. 3
151. 3
152. 3
153. 0
154. 0
155. 2
156. 0
157. 2
158. 0
159. 0
160. 2
161. 0
162. 0
163. 3
164. 0
165. 3
166. 5
167. 3
168. 2
169. 0
170. 2
171. 2
172. 0
173. 2
174. 4
175. 3
176. 0
177. 4
178. 0
179. 2
180. 3
181. 2
182. 0
183. 4
184. 3
185. 2
186. 0
187. 0
188. 2
189. 2
190. 2
191. 0
192. 2
193. 3
194. 0
195. 0
196. 3
197. 3
198. 0
199. 3
200. 0