2765.txt
1. 3
2. 4
3. 3
4. 2
5. 2
6. 0
7. 2
8. 1
9. 3
10. 1
11. 1
12. 2
13. 2
14. 3
15. 2
16. 4
17. 1
18. 4
19. 1
20. 2
21. 1
22. 2
23. 3
24. 1
25. 3
26. 1
27. 2
28. 3
29. 7
30. 1
31. 1
32. 3
33. 2
34. 2
35. 2
36. 5
37. 3
38. 2
39. 2
40. 1
41. 2
42. 3
43. 2
44. 2
45. 2
46. 2
47. 2
48. 4
49. 4
50. 0
51. 2
52. 3
53. 2
54. 3
55. 3
56. 2
57. 2
58. 2
59. 1
60. 2
61. 3
62. 2
63. 2
64. 1
65. 3
66. 2
67. 2
68. 1
69. 2
70. 3
71. 1
72. 3
73. 3
74. 2
75. 2
76. 1
77. 2
78. 1
79. 3
80. 2
81. 2
82. 1
83. 1
84. 4
85. 3
86. 2
87. 3
88. 2
89. 1
90. 2
91. 3
92. 1
93. 2
94. 3
95. 2
96. 2
97. 2
98. 2
99. 2
100. 1
101. 2
102. 2
103. 1
104. 4
105. 2
106. 2
107. 1
108. 2
109. 2
110. 4
111. 2
112. 2
113. 2
114. 2
115. 3
116. 1
117. 2
118. 1
119. 2
120. 1
121. 1
122. 2
123. 3
124. 2
125. 3
126. 2
127. 4
128. 2
129. 2
130. 2
131. 1
132. 3
133. 1
134. 2
135. 2
136. 2
137. 3
138. 3
139. 2
140. 2
141. 2
142. 4
143. 1
144. 1
145. 1
146. 2
147. 3
148. 3
149. 3
150. 2
151. 2
152. 2
153. 3
154. 2
155. 2
156. 4
157. 2
158. 3
159. 3
160. 2
161. 3
162. 2
163. 2
164. 2
165. 2
166. 3
167. 3
168. 3
169. 4
170. 1
171. 3
172. 3
173. 2
174. 2
175. 2
176. 2
177. 2
178. 2
179. 1
180. 2
181. 1
182. 3
183. 2
184. 2
185. 1
186. 2
187. 2
188. 3
189. 2
190. 5
191. 2
192. 2
193. 1
194. 3
195. 2
196. 3
197. 1
198. 3
199. 2
200. 2