2767.txt
1. 2
2. 1
3. 3
4. 2
5. 2
6. 1
7. 1
8. 4
9. 4
10. 1
11. 1
12. 2
13. 2
14. 1
15. 4
16. 3
17. 3
18. 2
19. 3
20. 1
21. 2
22. 3
23. 4
24. 1
25. 2
26. 3
27. 4
28. 2
29. 1
30. 2
31. 1
32. 3
33. 3
34. 1
35. 1
36. 1
37. 3
38. 3
39. 4
40. 1
41. 2
42. 2
43. 3
44. 2
45. 3
46. 1
47. 2
48. 3
49. 3
50. 1
51. 3
52. 4
53. 3
54. 3
55. 2
56. 3
57. 2
58. 3
59. 1
60. 2
61. 2
62. 2
63. 2
64. 2
65. 3
66. 3
67. 2
68. 2
69. 3
70. 1
71. 2
72. 3
73. 2
74. 4
75. 3
76. 1
77. 4
78. 3
79. 3
80. 2
81. 1
82. 5
83. 3
84. 2
85. 3
86. 2
87. 2
88. 2
89. 2
90. 2
91. 2
92. 2
93. 4
94. 2
95. 2
96. 1
97. 2
98. 10
99. 2
100. 1
101. 3
102. 7
103. 2
104. 2
105. 2
106. 3
107. 2
108. 6
109. 1
110. 4
111. 1
112. 2
113. 2
114. 2
115. 2
116. 2
117. 2
118. 2
119. 2
120. 2
121. 2
122. 5
123. 1
124. 2
125. 1
126. 2
127. 2
128. 3
129. 2
130. 2
131. 3
132. 3
133. 1
134. 2
135. 1
136. 1
137. 1
138. 5
139. 2
140. 2
141. 1
142. 3
143. 3
144. 1
145. 2
146. 4
147. 3
148. 3
149. 2
150. 1
151. 2
152. 4
153. 3
154. 2
155. 3
156. 2
157. 2
158. 2
159. 2
160. 1
161. 3
162. 4
163. 1
164. 2
165. 1
166. 2
167. 2
168. 1
169. 3
170. 2
171. 4
172. 1
173. 7
174. 4
175. 1
176. 2
177. 4
178. 1
179. 4
180. 3
181. 2
182. 3
183. 3
184. 4
185. 3
186. 1
187. 2
188. 1
189. 3
190. 3
191. 2
192. 7
193. 2
194. 2
195. 2
196. 3
197. 2
198. 1
199. 2
200. 2