2768.txt
1. 7
2. 2
3. 3
4. 3
5. 4
6. 2
7. 3
8. 3
9. 6
10. 2
11. 4
12. 7
13. 2
14. 8
15. 3
16. 2
17. 2
18. 3
19. 4
20. 2
21. 5
22. 3
23. 2
24. 2
25. 3
26. 2
27. 5
28. 2
29. 5
30. 3
31. 5
32. 3
33. 3
34. 2
35. 2
36. 5
37. 3
38. 4
39. 4
40. 3
41. 3
42. 4
43. 2
44. 3
45. 2
46. 4
47. 4
48. 3
49. 2
50. 2
51. 3
52. 3
53. 4
54. 3
55. 2
56. 2
57. 2
58. 3
59. 4
60. 3
61. 5
62. 2
63. 4
64. 3
65. 2
66. 2
67. 4
68. 5
69. 4
70. 4
71. 3
72. 4
73. 3
74. 2
75. 3
76. 6
77. 2
78. 2
79. 3
80. 2
81. 5
82. 4
83. 4
84. 3
85. 2
86. 2
87. 5
88. 5
89. 3
90. 2
91. 2
92. 4
93. 2
94. 3
95. 4
96. 3
97. 3
98. 5
99. 3
100. 2
101. 4
102. 5
103. 2
104. 3
105. 4
106. 5
107. 3
108. 4
109. 4
110. 2
111. 3
112. 4
113. 3
114. 2
115. 6
116. 3
117. 4
118. 2
119. 3
120. 2
121. 2
122. 2
123. 2
124. 3
125. 2
126. 4
127. 3
128. 2
129. 5
130. 3
131. 3
132. 3
133. 3
134. 3
135. 3
136. 4
137. 2
138. 7
139. 3
140. 3
141. 2
142. 3
143. 4
144. 2
145. 6
146. 3
147. 5
148. 3
149. 3
150. 5
151. 3
152. 3
153. 2
154. 3
155. 2
156. 6
157. 4
158. 4
159. 3
160. 3
161. 4
162. 3
163. 2
164. 3
165. 3
166. 5
167. 2
168. 5
169. 2
170. 2
171. 3
172. 2
173. 3
174. 2
175. 3
176. 2
177. 5
178. 3
179. 3
180. 2
181. 5
182. 4
183. 2
184. 3
185. 4
186. 2
187. 2
188. 5
189. 3
190. 3
191. 3
192. 2
193. 4
194. 5
195. 4
196. 3
197. 3
198. 4
199. 3
200. 5