2777.txt
1. 0
2. 4
3. 1
4. 0
5. 3
6. 1
7. 0
8. 1
9. 2
10. 1
11. 0
12. 0
13. 2
14. 2
15. 1
16. 3
17. 0
18. 3
19. 0
20. 4
21. 1
22. 5
23. 1
24. 3
25. 2
26. 0
27. 0
28. 2
29. 0
30. 1
31. 2
32. 2
33. 2
34. 2
35. 3
36. 2
37. 0
38. 0
39. 0
40. 0
41. 2
42. 0
43. 3
44. 0
45. 6
46. 0
47. 1
48. 4
49. 0
50. 2
51. 0
52. 3
53. 4
54. 0
55. 3
56. 0
57. 2
58. 0
59. 0
60. 0
61. 2
62. 2
63. 5
64. 0
65. 1
66. 1
67. 2
68. 1
69. 2
70. 0
71. 1
72. 0
73. 0
74. 2
75. 2
76. 0
77. 0
78. 1
79. 2
80. 2
81. 2
82. 1
83. 0
84. 0
85. 2
86. 3
87. 0
88. 0
89. 0
90. 1
91. 0
92. 0
93. 1
94. 0
95. 2
96. 1
97. 2
98. 0
99. 0
100. 7
101. 0
102. 2
103. 4
104. 2
105. 1
106. 1
107. 0
108. 0
109. 3
110. 1
111. 0
112. 1
113. 2
114. 0
115. 1
116. 0
117. 0
118. 2
119. 0
120. 0
121. 4
122. 3
123. 0
124. 2
125. 2
126. 0
127. 0
128. 3
129. 1
130. 0
131. 1
132. 2
133. 0
134. 1
135. 1
136. 8
137. 0
138. 1
139. 2
140. 0
141. 1
142. 0
143. 0
144. 6
145. 0
146. 0
147. 1
148. 2
149. 0
150. 1
151. 3
152. 0
153. 1
154. 1
155. 1
156. 3
157. 1
158. 0
159. 1
160. 0
161. 2
162. 4
163. 3
164. 2
165. 1
166. 1
167. 0
168. 0
169. 1
170. 2
171. 0
172. 0
173. 3
174. 0
175. 0
176. 4
177. 0
178. 3
179. 0
180. 3
181. 1
182. 0
183. 0
184. 3
185. 0
186. 1
187. 0
188. 7
189. 3
190. 0
191. 0
192. 1
193. 0
194. 1
195. 0
196. 2
197. 1
198. 2
199. 2
200. 3