2778.txt
1. 0
2. 3
3. 2
4. 0
5. 0
6. 0
7. 4
8. 0
9. 0
10. 0
11. 2
12. 4
13. 7
14. 0
15. 0
16. 0
17. 0
18. 0
19. 0
20. 0
21. 6
22. 2
23. 4
24. 1
25. 0
26. 0
27. 0
28. 3
29. 3
30. 2
31. 0
32. 2
33. 3
34. 2
35. 3
36. 4
37. 2
38. 2
39. 0
40. 1
41. 4
42. 0
43. 2
44. 2
45. 1
46. 2
47. 0
48. 1
49. 1
50. 2
51. 3
52. 2
53. 1
54. 5
55. 0
56. 2
57. 2
58. 4
59. 2
60. 4
61. 0
62. 3
63. 0
64. 2
65. 0
66. 0
67. 0
68. 0
69. 1
70. 2
71. 0
72. 0
73. 2
74. 3
75. 0
76. 1
77. 0
78. 2
79. 0
80. 2
81. 0
82. 6
83. 1
84. 0
85. 1
86. 4
87. 1
88. 2
89. 3
90. 0
91. 0
92. 3
93. 0
94. 2
95. 3
96. 4
97. 1
98. 0
99. 1
100. 2
101. 0
102. 3
103. 0
104. 3
105. 1
106. 0
107. 0
108. 2
109. 3
110. 0
111. 1
112. 0
113. 0
114. 0
115. 2
116. 1
117. 2
118. 0
119. 1
120. 4
121. 3
122. 1
123. 1
124. 0
125. 3
126. 0
127. 3
128. 0
129. 0
130. 0
131. 2
132. 2
133. 0
134. 1
135. 2
136. 0
137. 1
138. 2
139. 0
140. 3
141. 6
142. 5
143. 0
144. 2
145. 0
146. 1
147. 2
148. 2
149. 2
150. 5
151. 2
152. 2
153. 1
154. 1
155. 1
156. 1
157. 0
158. 1
159. 0
160. 3
161. 0
162. 2
163. 1
164. 1
165. 0
166. 4
167. 0
168. 2
169. 4
170. 2
171. 1
172. 1
173. 3
174. 1
175. 3
176. 0
177. 2
178. 1
179. 1
180. 2
181. 5
182. 0
183. 1
184. 3
185. 0
186. 3
187. 1
188. 2
189. 0
190. 3
191. 1
192. 3
193. 0
194. 2
195. 1
196. 3
197. 2
198. 0
199. 1
200. 1