278.txt
1. 2
2. 4
3. 3
4. 3
5. 4
6. 3
7. 3
8. 2
9. 1
10. 1
11. 4
12. 2
13. 4
14. 2
15. 8
16. 3
17. 3
18. 2
19. 3
20. 1
21. 2
22. 1
23. 2
24. 1
25. 2
26. 4
27. 3
28. 3
29. 3
30. 2
31. 2
32. 4
33. 5
34. 4
35. 2
36. 1
37. 5
38. 2
39. 4
40. 4
41. 5
42. 3
43. 3
44. 1
45. 2
46. 2
47. 2
48. 2
49. 5
50. 3
51. 2
52. 1
53. 4
54. 2
55. 3
56. 2
57. 1
58. 2
59. 1
60. 2
61. 1
62. 2
63. 4
64. 2
65. 3
66. 1
67. 2
68. 2
69. 2
70. 1
71. 1
72. 5
73. 2
74. 4
75. 3
76. 4
77. 2
78. 3
79. 3
80. 2
81. 1
82. 1
83. 3
84. 1
85. 2
86. 1
87. 3
88. 2
89. 2
90. 3
91. 3
92. 2
93. 3
94. 3
95. 4
96. 2
97. 1
98. 1
99. 3
100. 1
101. 2
102. 2
103. 1
104. 1
105. 2
106. 3
107. 3
108. 3
109. 1
110. 3
111. 1
112. 1
113. 2
114. 3
115. 3
116. 3
117. 3
118. 2
119. 1
120. 3
121. 2
122. 1
123. 2
124. 1
125. 4
126. 2
127. 3
128. 1
129. 2
130. 2
131. 1
132. 2
133. 2
134. 3
135. 2
136. 1
137. 1
138. 4
139. 2
140. 1
141. 1
142. 2
143. 1
144. 2
145. 3
146. 1
147. 2
148. 2
149. 1
150. 3
151. 1
152. 3
153. 2
154. 1
155. 2
156. 2
157. 4
158. 5
159. 5
160. 3
161. 2
162. 2
163. 2
164. 1
165. 1
166. 1
167. 2
168. 7
169. 2
170. 1
171. 3
172. 4
173. 1
174. 1
175. 4
176. 3
177. 2
178. 2
179. 2
180. 3
181. 1
182. 2
183. 6
184. 2
185. 3
186. 3
187. 1
188. 1
189. 1
190. 1
191. 2
192. 1
193. 2
194. 2
195. 2
196. 1
197. 5
198. 1
199. 2
200. 3