2781.txt
1. 3
2. 6
3. 1
4. 2
5. 4
6. 1
7. 2
8. 5
9. 2
10. 2
11. 1
12. 4
13. 1
14. 2
15. 3
16. 1
17. 2
18. 3
19. 2
20. 3
21. 4
22. 1
23. 3
24. 2
25. 5
26. 5
27. 2
28. 1
29. 1
30. 3
31. 4
32. 2
33. 2
34. 1
35. 2
36. 5
37. 1
38. 3
39. 1
40. 3
41. 2
42. 2
43. 4
44. 5
45. 2
46. 2
47. 1
48. 3
49. 2
50. 3
51. 3
52. 1
53. 2
54. 3
55. 2
56. 2
57. 1
58. 3
59. 2
60. 3
61. 5
62. 2
63. 4
64. 3
65. 1
66. 1
67. 1
68. 4
69. 1
70. 2
71. 5
72. 3
73. 2
74. 2
75. 1
76. 2
77. 2
78. 2
79. 1
80. 2
81. 2
82. 2
83. 1
84. 3
85. 4
86. 3
87. 2
88. 2
89. 2
90. 4
91. 3
92. 3
93. 1
94. 1
95. 2
96. 2
97. 2
98. 1
99. 2
100. 3
101. 3
102. 3
103. 4
104. 2
105. 2
106. 3
107. 1
108. 3
109. 3
110. 2
111. 1
112. 1
113. 2
114. 1
115. 4
116. 2
117. 6
118. 2
119. 3
120. 2
121. 3
122. 2
123. 3
124. 1
125. 6
126. 1
127. 1
128. 2
129. 2
130. 3
131. 1
132. 4
133. 1
134. 4
135. 1
136. 2
137. 2
138. 3
139. 4
140. 2
141. 2
142. 5
143. 2
144. 2
145. 2
146. 2
147. 3
148. 4
149. 2
150. 3
151. 2
152. 4
153. 3
154. 3
155. 3
156. 2
157. 3
158. 2
159. 2
160. 5
161. 1
162. 3
163. 4
164. 3
165. 2
166. 1
167. 2
168. 2
169. 1
170. 2
171. 2
172. 5
173. 3
174. 2
175. 1
176. 4
177. 1
178. 2
179. 3
180. 2
181. 2
182. 2
183. 1
184. 3
185. 1
186. 2
187. 2
188. 2
189. 1
190. 2
191. 3
192. 2
193. 2
194. 1
195. 2
196. 2
197. 2
198. 2
199. 3
200. 3