2790.txt
1. 4
2. 1
3. 0
4. 1
5. 1
6. 2
7. 1
8. 2
9. 1
10. 1
11. 1
12. 0
13. 2
14. 3
15. 4
16. 0
17. 2
18. 0
19. 0
20. 1
21. 2
22. 2
23. 1
24. 1
25. 1
26. 1
27. 1
28. 5
29. 3
30. 2
31. 0
32. 1
33. 0
34. 0
35. 2
36. 1
37. 2
38. 1
39. 1
40. 3
41. 1
42. 1
43. 3
44. 1
45. 2
46. 3
47. 2
48. 2
49. 0
50. 0
51. 3
52. 1
53. 0
54. 2
55. 2
56. 1
57. 1
58. 1
59. 0
60. 1
61. 0
62. 1
63. 0
64. 2
65. 2
66. 1
67. 3
68. 1
69. 1
70. 2
71. 2
72. 1
73. 0
74. 1
75. 3
76. 2
77. 0
78. 2
79. 1
80. 1
81. 2
82. 1
83. 2
84. 3
85. 1
86. 2
87. 1
88. 2
89. 3
90. 1
91. 1
92. 3
93. 2
94. 2
95. 2
96. 3
97. 5
98. 2
99. 1
100. 1
101. 3
102. 4
103. 3
104. 2
105. 1
106. 1
107. 2
108. 1
109. 2
110. 2
111. 3
112. 1
113. 1
114. 2
115. 2
116. 1
117. 1
118. 1
119. 1
120. 3
121. 1
122. 1
123. 1
124. 1
125. 2
126. 3
127. 1
128. 3
129. 1
130. 2
131. 1
132. 2
133. 3
134. 2
135. 3
136. 2
137. 2
138. 1
139. 1
140. 2
141. 1
142. 3
143. 1
144. 1
145. 1
146. 3
147. 2
148. 8
149. 3
150. 1
151. 1
152. 1
153. 1
154. 1
155. 2
156. 1
157. 3
158. 2
159. 2
160. 1
161. 3
162. 1
163. 1
164. 2
165. 1
166. 4
167. 2
168. 3
169. 2
170. 1
171. 2
172. 2
173. 1
174. 3
175. 2
176. 1
177. 1
178. 2
179. 2
180. 2
181. 2
182. 1
183. 2
184. 1
185. 1
186. 2
187. 1
188. 2
189. 3
190. 2
191. 1
192. 3
193. 4
194. 2
195. 1
196. 1
197. 1
198. 1
199. 2
200. 1