280.txt
1. 2
2. 3
3. 1
4. 1
5. 3
6. 2
7. 2
8. 1
9. 4
10. 3
11. 4
12. 1
13. 3
14. 2
15. 1
16. 2
17. 1
18. 2
19. 1
20. 1
21. 2
22. 2
23. 3
24. 3
25. 2
26. 4
27. 2
28. 3
29. 2
30. 3
31. 1
32. 1
33. 3
34. 2
35. 4
36. 3
37. 2
38. 3
39. 2
40. 4
41. 1
42. 2
43. 2
44. 2
45. 3
46. 3
47. 2
48. 1
49. 3
50. 4
51. 2
52. 2
53. 6
54. 1
55. 4
56. 2
57. 2
58. 3
59. 2
60. 2
61. 2
62. 3
63. 3
64. 2
65. 2
66. 2
67. 2
68. 3
69. 1
70. 4
71. 4
72. 2
73. 2
74. 3
75. 2
76. 2
77. 2
78. 2
79. 1
80. 3
81. 3
82. 2
83. 1
84. 3
85. 2
86. 3
87. 4
88. 4
89. 2
90. 2
91. 1
92. 2
93. 1
94. 3
95. 2
96. 1
97. 1
98. 2
99. 3
100. 3
101. 2
102. 2
103. 2
104. 1
105. 3
106. 2
107. 3
108. 2
109. 2
110. 2
111. 2
112. 1
113. 2
114. 2
115. 1
116. 2
117. 3
118. 1
119. 2
120. 3
121. 1
122. 2
123. 3
124. 2
125. 1
126. 3
127. 3
128. 3
129. 4
130. 2
131. 1
132. 3
133. 1
134. 2
135. 4
136. 3
137. 3
138. 2
139. 7
140. 1
141. 4
142. 4
143. 2
144. 1
145. 2
146. 3
147. 2
148. 1
149. 1
150. 2
151. 3
152. 3
153. 2
154. 3
155. 1
156. 2
157. 3
158. 2
159. 2
160. 2
161. 2
162. 1
163. 4
164. 3
165. 1
166. 2
167. 2
168. 6
169. 3
170. 4
171. 1
172. 2
173. 1
174. 3
175. 1
176. 3
177. 2
178. 3
179. 2
180. 4
181. 1
182. 4
183. 1
184. 2
185. 2
186. 1
187. 1
188. 2
189. 2
190. 4
191. 2
192. 2
193. 2
194. 2
195. 2
196. 3
197. 2
198. 4
199. 1
200. 2