2801.txt
1. 7
2. 4
3. 2
4. 1
5. 3
6. 4
7. 2
8. 2
9. 3
10. 1
11. 1
12. 2
13. 1
14. 2
15. 4
16. 5
17. 2
18. 3
19. 3
20. 4
21. 4
22. 1
23. 2
24. 1
25. 1
26. 4
27. 3
28. 3
29. 4
30. 2
31. 4
32. 2
33. 4
34. 1
35. 3
36. 2
37. 3
38. 4
39. 2
40. 3
41. 3
42. 3
43. 3
44. 3
45. 3
46. 2
47. 4
48. 1
49. 2
50. 2
51. 2
52. 2
53. 1
54. 2
55. 3
56. 4
57. 1
58. 3
59. 4
60. 3
61. 4
62. 2
63. 4
64. 2
65. 3
66. 2
67. 3
68. 2
69. 5
70. 8
71. 4
72. 2
73. 2
74. 3
75. 3
76. 1
77. 2
78. 3
79. 2
80. 3
81. 3
82. 4
83. 1
84. 3
85. 4
86. 3
87. 2
88. 2
89. 2
90. 2
91. 2
92. 3
93. 4
94. 2
95. 3
96. 2
97. 2
98. 4
99. 2
100. 2
101. 2
102. 2
103. 3
104. 3
105. 5
106. 3
107. 1
108. 3
109. 2
110. 7
111. 3
112. 2
113. 3
114. 2
115. 2
116. 3
117. 1
118. 2
119. 2
120. 3
121. 3
122. 2
123. 2
124. 2
125. 2
126. 2
127. 2
128. 1
129. 2
130. 2
131. 2
132. 3
133. 2
134. 2
135. 4
136. 2
137. 2
138. 2
139. 2
140. 2
141. 3
142. 2
143. 4
144. 3
145. 4
146. 5
147. 2
148. 2
149. 3
150. 2
151. 1
152. 2
153. 4
154. 2
155. 1
156. 2
157. 3
158. 2
159. 2
160. 3
161. 1
162. 2
163. 2
164. 5
165. 2
166. 1
167. 2
168. 3
169. 2
170. 2
171. 3
172. 2
173. 2
174. 2
175. 2
176. 3
177. 2
178. 3
179. 2
180. 5
181. 3
182. 3
183. 4
184. 2
185. 2
186. 3
187. 3
188. 3
189. 2
190. 2
191. 3
192. 2
193. 2
194. 2
195. 3
196. 3
197. 4
198. 2
199. 2
200. 2