281.txt
1. 0
2. 0
3. 0
4. 0
5. 0
6. 3
7. 0
8. 2
9. 3
10. 0
11. 4
12. 1
13. 0
14. 4
15. 3
16. 0
17. 0
18. 0
19. 2
20. 0
21. 3
22. 2
23. 4
24. 3
25. 2
26. 0
27. 2
28. 1
29. 2
30. 1
31. 2
32. 2
33. 3
34. 2
35. 2
36. 4
37. 0
38. 3
39. 2
40. 0
41. 2
42. 0
43. 0
44. 0
45. 0
46. 2
47. 0
48. 0
49. 0
50. 2
51. 4
52. 2
53. 0
54. 2
55. 3
56. 4
57. 0
58. 2
59. 0
60. 0
61. 4
62. 2
63. 2
64. 0
65. 3
66. 2
67. 2
68. 0
69. 0
70. 0
71. 5
72. 1
73. 1
74. 2
75. 0
76. 2
77. 0
78. 2
79. 2
80. 0
81. 0
82. 0
83. 0
84. 4
85. 0
86. 0
87. 10
88. 2
89. 0
90. 3
91. 0
92. 7
93. 4
94. 3
95. 3
96. 0
97. 0
98. 0
99. 2
100. 3
101. 1
102. 2
103. 0
104. 0
105. 0
106. 0
107. 0
108. 6
109. 2
110. 0
111. 2
112. 0
113. 0
114. 2
115. 2
116. 0
117. 2
118. 2
119. 0
120. 0
121. 0
122. 3
123. 0
124. 0
125. 0
126. 0
127. 0
128. 3
129. 2
130. 0
131. 4
132. 3
133. 4
134. 3
135. 0
136. 3
137. 0
138. 2
139. 0
140. 0
141. 0
142. 0
143. 0
144. 2
145. 0
146. 2
147. 0
148. 0
149. 2
150. 0
151. 2
152. 2
153. 6
154. 0
155. 0
156. 2
157. 2
158. 2
159. 2
160. 0
161. 4
162. 0
163. 0
164. 0
165. 3
166. 0
167. 0
168. 3
169. 0
170. 2
171. 2
172. 3
173. 4
174. 2
175. 0
176. 0
177. 2
178. 2
179. 4
180. 0
181. 0
182. 0
183. 2
184. 0
185. 0
186. 0
187. 2
188. 0
189. 0
190. 0
191. 2
192. 2
193. 0
194. 0
195. 0
196. 2
197. 3
198. 0
199. 0
200. 2