2821.txt
1. 3
2. 1
3. 2
4. 5
5. 6
6. 2
7. 2
8. 2
9. 4
10. 3
11. 2
12. 2
13. 6
14. 1
15. 1
16. 4
17. 2
18. 4
19. 4
20. 1
21. 3
22. 2
23. 4
24. 1
25. 3
26. 2
27. 2
28. 2
29. 2
30. 3
31. 1
32. 2
33. 2
34. 2
35. 3
36. 5
37. 1
38. 2
39. 2
40. 2
41. 2
42. 3
43. 3
44. 4
45. 4
46. 3
47. 2
48. 2
49. 2
50. 6
51. 4
52. 8
53. 1
54. 1
55. 3
56. 3
57. 3
58. 4
59. 3
60. 2
61. 2
62. 3
63. 1
64. 2
65. 3
66. 1
67. 4
68. 5
69. 1
70. 3
71. 5
72. 2
73. 1
74. 5
75. 2
76. 3
77. 2
78. 2
79. 1
80. 3
81. 4
82. 1
83. 3
84. 2
85. 2
86. 1
87. 2
88. 1
89. 2
90. 2
91. 2
92. 3
93. 4
94. 3
95. 3
96. 3
97. 3
98. 2
99. 5
100. 4
101. 3
102. 2
103. 5
104. 2
105. 1
106. 3
107. 2
108. 2
109. 1
110. 2
111. 2
112. 2
113. 2
114. 2
115. 4
116. 2
117. 3
118. 3
119. 3
120. 3
121. 2
122. 2
123. 3
124. 1
125. 2
126. 3
127. 2
128. 1
129. 4
130. 3
131. 1
132. 3
133. 2
134. 2
135. 2
136. 3
137. 3
138. 3
139. 3
140. 3
141. 2
142. 3
143. 2
144. 1
145. 2
146. 1
147. 3
148. 2
149. 2
150. 3
151. 2
152. 1
153. 2
154. 4
155. 2
156. 2
157. 3
158. 4
159. 5
160. 3
161. 2
162. 1
163. 3
164. 4
165. 2
166. 2
167. 4
168. 3
169. 3
170. 3
171. 4
172. 2
173. 2
174. 2
175. 3
176. 6
177. 1
178. 2
179. 2
180. 1
181. 3
182. 2
183. 3
184. 3
185. 3
186. 2
187. 3
188. 3
189. 6
190. 2
191. 3
192. 2
193. 3
194. 3
195. 2
196. 2
197. 2
198. 1
199. 4
200. 3