2823.txt
1. 2
2. 3
3. 2
4. 7
5. 2
6. 2
7. 1
8. 1
9. 2
10. 1
11. 3
12. 1
13. 1
14. 2
15. 3
16. 2
17. 0
18. 4
19. 2
20. 2
21. 1
22. 8
23. 1
24. 3
25. 3
26. 1
27. 3
28. 2
29. 1
30. 2
31. 4
32. 1
33. 1
34. 3
35. 3
36. 2
37. 4
38. 1
39. 5
40. 2
41. 5
42. 4
43. 2
44. 1
45. 1
46. 3
47. 1
48. 4
49. 2
50. 1
51. 2
52. 2
53. 4
54. 2
55. 2
56. 2
57. 4
58. 2
59. 1
60. 3
61. 3
62. 1
63. 2
64. 2
65. 1
66. 2
67. 3
68. 2
69. 1
70. 2
71. 3
72. 4
73. 1
74. 2
75. 4
76. 3
77. 3
78. 2
79. 2
80. 2
81. 3
82. 3
83. 3
84. 2
85. 3
86. 1
87. 2
88. 2
89. 2
90. 1
91. 2
92. 2
93. 2
94. 3
95. 4
96. 3
97. 1
98. 2
99. 2
100. 1
101. 3
102. 3
103. 1
104. 2
105. 3
106. 3
107. 1
108. 2
109. 3
110. 1
111. 3
112. 1
113. 2
114. 1
115. 2
116. 2
117. 3
118. 2
119. 3
120. 4
121. 2
122. 3
123. 2
124. 3
125. 1
126. 2
127. 2
128. 1
129. 2
130. 2
131. 2
132. 4
133. 1
134. 2
135. 3
136. 1
137. 2
138. 1
139. 2
140. 2
141. 2
142. 2
143. 5
144. 2
145. 3
146. 3
147. 4
148. 2
149. 3
150. 1
151. 2
152. 1
153. 1
154. 2
155. 2
156. 10
157. 4
158. 2
159. 2
160. 1
161. 2
162. 2
163. 2
164. 1
165. 1
166. 1
167. 2
168. 3
169. 1
170. 3
171. 2
172. 2
173. 1
174. 3
175. 2
176. 3
177. 2
178. 2
179. 1
180. 2
181. 6
182. 3
183. 2
184. 2
185. 3
186. 2
187. 1
188. 1
189. 3
190. 3
191. 4
192. 1
193. 3
194. 1
195. 1
196. 1
197. 1
198. 2
199. 2
200. 3