2824.txt
1. 2
2. 1
3. 4
4. 2
5. 2
6. 4
7. 2
8. 1
9. 1
10. 1
11. 2
12. 1
13. 2
14. 8
15. 1
16. 3
17. 3
18. 5
19. 2
20. 2
21. 2
22. 1
23. 1
24. 4
25. 2
26. 1
27. 5
28. 4
29. 2
30. 4
31. 2
32. 3
33. 4
34. 2
35. 2
36. 1
37. 1
38. 1
39. 1
40. 2
41. 3
42. 5
43. 2
44. 1
45. 2
46. 4
47. 2
48. 1
49. 2
50. 4
51. 2
52. 1
53. 1
54. 2
55. 3
56. 1
57. 2
58. 3
59. 3
60. 1
61. 2
62. 1
63. 4
64. 3
65. 2
66. 3
67. 3
68. 1
69. 1
70. 4
71. 2
72. 1
73. 2
74. 1
75. 1
76. 2
77. 3
78. 2
79. 2
80. 3
81. 2
82. 1
83. 3
84. 1
85. 3
86. 2
87. 2
88. 1
89. 4
90. 2
91. 2
92. 3
93. 4
94. 2
95. 3
96. 3
97. 2
98. 1
99. 3
100. 4
101. 2
102. 2
103. 3
104. 1
105. 2
106. 2
107. 3
108. 1
109. 1
110. 3
111. 3
112. 4
113. 2
114. 2
115. 2
116. 2
117. 1
118. 1
119. 1
120. 1
121. 4
122. 2
123. 4
124. 2
125. 2
126. 2
127. 2
128. 1
129. 1
130. 2
131. 1
132. 2
133. 1
134. 4
135. 1
136. 1
137. 4
138. 2
139. 3
140. 2
141. 3
142. 2
143. 1
144. 2
145. 2
146. 2
147. 2
148. 2
149. 2
150. 2
151. 3
152. 1
153. 3
154. 2
155. 2
156. 1
157. 3
158. 2
159. 5
160. 1
161. 3
162. 3
163. 1
164. 2
165. 3
166. 1
167. 2
168. 2
169. 1
170. 3
171. 2
172. 2
173. 2
174. 2
175. 2
176. 2
177. 2
178. 4
179. 1
180. 1
181. 1
182. 2
183. 2
184. 4
185. 1
186. 1
187. 3
188. 3
189. 5
190. 2
191. 2
192. 2
193. 1
194. 2
195. 2
196. 2
197. 2
198. 2
199. 4
200. 2