2836.txt
1. 3
2. 1
3. 0
4. 0
5. 2
6. 0
7. 2
8. 1
9. 2
10. 2
11. 1
12. 2
13. 1
14. 3
15. 2
16. 2
17. 4
18. 1
19. 4
20. 2
21. 0
22. 0
23. 1
24. 1
25. 4
26. 1
27. 1
28. 1
29. 5
30. 2
31. 2
32. 1
33. 3
34. 3
35. 2
36. 2
37. 3
38. 1
39. 1
40. 1
41. 3
42. 2
43. 3
44. 1
45. 1
46. 3
47. 2
48. 4
49. 1
50. 2
51. 2
52. 1
53. 2
54. 2
55. 2
56. 2
57. 2
58. 1
59. 6
60. 2
61. 0
62. 7
63. 8
64. 4
65. 2
66. 3
67. 1
68. 1
69. 1
70. 3
71. 1
72. 2
73. 2
74. 4
75. 2
76. 2
77. 1
78. 6
79. 5
80. 1
81. 5
82. 2
83. 5
84. 3
85. 1
86. 1
87. 1
88. 2
89. 2
90. 7
91. 2
92. 1
93. 2
94. 1
95. 2
96. 1
97. 3
98. 1
99. 1
100. 2
101. 2
102. 2
103. 1
104. 1
105. 3
106. 1
107. 2
108. 2
109. 2
110. 4
111. 0
112. 1
113. 2
114. 2
115. 2
116. 0
117. 1
118. 2
119. 1
120. 8
121. 3
122. 1
123. 1
124. 3
125. 1
126. 1
127. 1
128. 2
129. 1
130. 4
131. 1
132. 1
133. 3
134. 1
135. 1
136. 2
137. 1
138. 1
139. 2
140. 4
141. 1
142. 1
143. 2
144. 2
145. 1
146. 3
147. 1
148. 2
149. 1
150. 2
151. 3
152. 2
153. 1
154. 3
155. 1
156. 2
157. 2
158. 1
159. 3
160. 1
161. 2
162. 1
163. 1
164. 2
165. 1
166. 3
167. 3
168. 3
169. 3
170. 2
171. 1
172. 2
173. 2
174. 2
175. 3
176. 3
177. 2
178. 2
179. 2
180. 1
181. 2
182. 1
183. 1
184. 1
185. 0
186. 2
187. 1
188. 1
189. 1
190. 3
191. 1
192. 2
193. 2
194. 2
195. 2
196. 2
197. 1
198. 2
199. 2
200. 1