2840.txt
1. 2
2. 1
3. 3
4. 2
5. 3
6. 1
7. 2
8. 3
9. 2
10. 3
11. 4
12. 3
13. 2
14. 3
15. 1
16. 2
17. 4
18. 2
19. 2
20. 2
21. 1
22. 3
23. 2
24. 4
25. 2
26. 1
27. 2
28. 2
29. 2
30. 2
31. 4
32. 2
33. 1
34. 3
35. 4
36. 3
37. 2
38. 2
39. 2
40. 3
41. 2
42. 4
43. 3
44. 2
45. 4
46. 4
47. 2
48. 2
49. 6
50. 3
51. 2
52. 1
53. 3
54. 3
55. 3
56. 3
57. 2
58. 1
59. 2
60. 3
61. 3
62. 2
63. 2
64. 3
65. 2
66. 1
67. 5
68. 1
69. 1
70. 2
71. 2
72. 2
73. 2
74. 4
75. 3
76. 2
77. 1
78. 3
79. 3
80. 2
81. 1
82. 2
83. 2
84. 2
85. 3
86. 3
87. 2
88. 2
89. 3
90. 3
91. 1
92. 2
93. 8
94. 3
95. 1
96. 2
97. 4
98. 2
99. 3
100. 2
101. 2
102. 1
103. 2
104. 2
105. 2
106. 1
107. 2
108. 4
109. 5
110. 1
111. 1
112. 2
113. 2
114. 2
115. 3
116. 1
117. 2
118. 3
119. 2
120. 2
121. 3
122. 2
123. 2
124. 3
125. 6
126. 3
127. 2
128. 3
129. 4
130. 2
131. 2
132. 2
133. 2
134. 2
135. 3
136. 3
137. 4
138. 2
139. 2
140. 4
141. 1
142. 2
143. 2
144. 2
145. 5
146. 3
147. 2
148. 2
149. 4
150. 2
151. 3
152. 2
153. 3
154. 2
155. 2
156. 2
157. 3
158. 2
159. 3
160. 3
161. 3
162. 2
163. 2
164. 3
165. 2
166. 2
167. 3
168. 3
169. 3
170. 2
171. 1
172. 3
173. 2
174. 2
175. 2
176. 6
177. 2
178. 2
179. 6
180. 2
181. 3
182. 2
183. 3
184. 4
185. 2
186. 1
187. 3
188. 3
189. 1
190. 2
191. 3
192. 2
193. 2
194. 2
195. 2
196. 2
197. 2
198. 2
199. 3
200. 3