2852.txt
1. 2
2. 3
3. 1
4. 1
5. 2
6. 4
7. 1
8. 6
9. 5
10. 3
11. 2
12. 3
13. 2
14. 4
15. 3
16. 1
17. 3
18. 2
19. 1
20. 2
21. 4
22. 2
23. 7
24. 3
25. 2
26. 4
27. 4
28. 1
29. 3
30. 5
31. 5
32. 1
33. 4
34. 3
35. 4
36. 2
37. 1
38. 3
39. 5
40. 2
41. 3
42. 2
43. 3
44. 3
45. 2
46. 4
47. 3
48. 4
49. 4
50. 4
51. 4
52. 3
53. 4
54. 3
55. 2
56. 2
57. 4
58. 6
59. 5
60. 1
61. 4
62. 2
63. 2
64. 5
65. 2
66. 3
67. 2
68. 4
69. 6
70. 2
71. 2
72. 2
73. 3
74. 3
75. 2
76. 3
77. 2
78. 2
79. 2
80. 3
81. 5
82. 2
83. 3
84. 2
85. 5
86. 3
87. 2
88. 2
89. 2
90. 3
91. 3
92. 4
93. 5
94. 2
95. 2
96. 2
97. 2
98. 3
99. 5
100. 5
101. 1
102. 6
103. 4
104. 3
105. 2
106. 3
107. 2
108. 5
109. 1
110. 4
111. 3
112. 4
113. 6
114. 4
115. 2
116. 2
117. 3
118. 1
119. 1
120. 4
121. 3
122. 2
123. 2
124. 3
125. 2
126. 7
127. 2
128. 1
129. 3
130. 2
131. 1
132. 2
133. 2
134. 4
135. 2
136. 3
137. 2
138. 3
139. 2
140. 2
141. 3
142. 2
143. 8
144. 2
145. 4
146. 3
147. 1
148. 4
149. 3
150. 2
151. 1
152. 3
153. 5
154. 4
155. 4
156. 4
157. 4
158. 2
159. 2
160. 1
161. 4
162. 2
163. 4
164. 4
165. 5
166. 1
167. 3
168. 1
169. 3
170. 3
171. 3
172. 3
173. 2
174. 2
175. 3
176. 5
177. 2
178. 1
179. 3
180. 2
181. 3
182. 3
183. 4
184. 2
185. 3
186. 2
187. 2
188. 4
189. 3
190. 3
191. 2
192. 3
193. 1
194. 3
195. 1
196. 2
197. 2
198. 3
199. 3
200. 2