2862.txt
1. 7
2. 2
3. 7
4. 2
5. 1
6. 1
7. 2
8. 2
9. 2
10. 1
11. 3
12. 1
13. 2
14. 2
15. 2
16. 3
17. 3
18. 4
19. 2
20. 5
21. 2
22. 1
23. 7
24. 3
25. 1
26. 6
27. 3
28. 2
29. 3
30. 4
31. 2
32. 3
33. 2
34. 1
35. 2
36. 1
37. 1
38. 1
39. 1
40. 2
41. 3
42. 1
43. 1
44. 2
45. 2
46. 2
47. 5
48. 2
49. 2
50. 3
51. 3
52. 3
53. 1
54. 2
55. 1
56. 2
57. 3
58. 2
59. 2
60. 2
61. 2
62. 2
63. 1
64. 1
65. 1
66. 3
67. 4
68. 3
69. 2
70. 2
71. 2
72. 2
73. 2
74. 2
75. 4
76. 2
77. 1
78. 4
79. 3
80. 2
81. 1
82. 2
83. 3
84. 2
85. 2
86. 3
87. 2
88. 2
89. 3
90. 3
91. 1
92. 3
93. 2
94. 2
95. 3
96. 2
97. 2
98. 1
99. 1
100. 2
101. 2
102. 2
103. 1
104. 1
105. 2
106. 2
107. 2
108. 2
109. 2
110. 1
111. 4
112. 2
113. 1
114. 1
115. 2
116. 3
117. 1
118. 3
119. 2
120. 2
121. 3
122. 2
123. 3
124. 3
125. 2
126. 2
127. 2
128. 1
129. 3
130. 2
131. 2
132. 3
133. 4
134. 2
135. 1
136. 1
137. 3
138. 3
139. 1
140. 2
141. 1
142. 2
143. 2
144. 2
145. 2
146. 3
147. 3
148. 2
149. 3
150. 1
151. 2
152. 4
153. 2
154. 2
155. 3
156. 3
157. 2
158. 3
159. 8
160. 5
161. 1
162. 3
163. 2
164. 2
165. 2
166. 2
167. 2
168. 1
169. 4
170. 2
171. 1
172. 3
173. 2
174. 2
175. 4
176. 3
177. 2
178. 4
179. 1
180. 2
181. 1
182. 2
183. 3
184. 2
185. 1
186. 2
187. 2
188. 2
189. 4
190. 2
191. 1
192. 2
193. 1
194. 3
195. 4
196. 2
197. 2
198. 1
199. 1
200. 2