2865.txt
1. 0
2. 0
3. 4
4. 0
5. 0
6. 0
7. 3
8. 4
9. 2
10. 3
11. 0
12. 0
13. 3
14. 2
15. 0
16. 0
17. 2
18. 0
19. 0
20. 3
21. 2
22. 0
23. 0
24. 0
25. 4
26. 0
27. 0
28. 2
29. 0
30. 0
31. 3
32. 0
33. 4
34. 1
35. 0
36. 0
37. 3
38. 4
39. 0
40. 0
41. 4
42. 3
43. 3
44. 0
45. 2
46. 0
47. 0
48. 2
49. 2
50. 2
51. 2
52. 2
53. 3
54. 2
55. 7
56. 2
57. 0
58. 0
59. 2
60. 2
61. 0
62. 2
63. 0
64. 3
65. 0
66. 0
67. 2
68. 3
69. 2
70. 0
71. 0
72. 0
73. 0
74. 0
75. 2
76. 0
77. 0
78. 2
79. 2
80. 0
81. 0
82. 5
83. 0
84. 0
85. 0
86. 0
87. 2
88. 0
89. 0
90. 2
91. 2
92. 0
93. 0
94. 0
95. 2
96. 0
97. 2
98. 0
99. 0
100. 2
101. 0
102. 2
103. 0
104. 0
105. 0
106. 0
107. 2
108. 0
109. 0
110. 0
111. 0
112. 0
113. 2
114. 0
115. 0
116. 0
117. 0
118. 2
119. 0
120. 3
121. 4
122. 0
123. 2
124. 0
125. 2
126. 0
127. 2
128. 0
129. 2
130. 0
131. 2
132. 3
133. 2
134. 0
135. 0
136. 0
137. 3
138. 3
139. 0
140. 0
141. 2
142. 3
143. 0
144. 0
145. 0
146. 2
147. 0
148. 7
149. 0
150. 0
151. 2
152. 2
153. 0
154. 3
155. 0
156. 0
157. 2
158. 0
159. 0
160. 3
161. 0
162. 0
163. 0
164. 0
165. 0
166. 2
167. 0
168. 2
169. 2
170. 2
171. 2
172. 5
173. 4
174. 0
175. 0
176. 0
177. 3
178. 2
179. 2
180. 4
181. 4
182. 0
183. 0
184. 0
185. 0
186. 0
187. 0
188. 0
189. 0
190. 0
191. 3
192. 0
193. 0
194. 0
195. 2
196. 3
197. 0
198. 2
199. 3
200. 0