2869.txt
1. 0
2. 1
3. 0
4. 2
5. 1
6. 2
7. 3
8. 2
9. 2
10. 3
11. 1
12. 0
13. 3
14. 7
15. 3
16. 3
17. 0
18. 8
19. 4
20. 0
21. 2
22. 1
23. 2
24. 1
25. 1
26. 1
27. 2
28. 2
29. 0
30. 1
31. 1
32. 0
33. 5
34. 0
35. 0
36. 2
37. 1
38. 0
39. 1
40. 4
41. 1
42. 2
43. 1
44. 3
45. 2
46. 2
47. 1
48. 2
49. 2
50. 1
51. 2
52. 0
53. 1
54. 1
55. 3
56. 1
57. 0
58. 1
59. 0
60. 1
61. 2
62. 2
63. 1
64. 2
65. 1
66. 3
67. 2
68. 2
69. 3
70. 1
71. 2
72. 3
73. 0
74. 2
75. 2
76. 1
77. 1
78. 1
79. 0
80. 2
81. 2
82. 3
83. 1
84. 3
85. 0
86. 3
87. 1
88. 1
89. 0
90. 2
91. 2
92. 1
93. 1
94. 1
95. 2
96. 6
97. 1
98. 2
99. 3
100. 1
101. 1
102. 1
103. 3
104. 1
105. 2
106. 2
107. 0
108. 2
109. 1
110. 3
111. 2
112. 2
113. 3
114. 1
115. 0
116. 2
117. 1
118. 2
119. 2
120. 1
121. 0
122. 2
123. 1
124. 2
125. 4
126. 3
127. 3
128. 2
129. 1
130. 1
131. 2
132. 0
133. 1
134. 0
135. 1
136. 4
137. 0
138. 1
139. 3
140. 2
141. 1
142. 2
143. 0
144. 1
145. 1
146. 1
147. 2
148. 1
149. 0
150. 1
151. 0
152. 2
153. 2
154. 2
155. 3
156. 2
157. 1
158. 2
159. 2
160. 2
161. 2
162. 1
163. 10
164. 2
165. 2
166. 2
167. 1
168. 1
169. 1
170. 3
171. 2
172. 2
173. 1
174. 2
175. 2
176. 2
177. 1
178. 3
179. 1
180. 2
181. 2
182. 2
183. 1
184. 3
185. 6
186. 1
187. 3
188. 3
189. 1
190. 2
191. 1
192. 1
193. 0
194. 0
195. 2
196. 1
197. 2
198. 2
199. 3
200. 2