287.txt
1. 3
2. 2
3. 1
4. 4
5. 1
6. 6
7. 3
8. 1
9. 3
10. 2
11. 5
12. 7
13. 2
14. 6
15. 1
16. 3
17. 3
18. 2
19. 2
20. 4
21. 4
22. 5
23. 4
24. 1
25. 1
26. 3
27. 2
28. 1
29. 2
30. 4
31. 2
32. 2
33. 2
34. 2
35. 4
36. 1
37. 2
38. 2
39. 1
40. 3
41. 1
42. 2
43. 1
44. 3
45. 3
46. 4
47. 3
48. 4
49. 3
50. 3
51. 1
52. 4
53. 2
54. 2
55. 3
56. 2
57. 2
58. 3
59. 4
60. 2
61. 1
62. 2
63. 2
64. 1
65. 3
66. 3
67. 3
68. 1
69. 2
70. 4
71. 3
72. 1
73. 2
74. 2
75. 1
76. 2
77. 2
78. 4
79. 4
80. 1
81. 4
82. 1
83. 1
84. 3
85. 2
86. 6
87. 2
88. 2
89. 1
90. 2
91. 4
92. 5
93. 2
94. 1
95. 1
96. 2
97. 5
98. 3
99. 2
100. 2
101. 2
102. 3
103. 3
104. 3
105. 2
106. 2
107. 2
108. 2
109. 3
110. 3
111. 1
112. 4
113. 3
114. 2
115. 2
116. 2
117. 3
118. 2
119. 3
120. 3
121. 1
122. 2
123. 7
124. 1
125. 1
126. 2
127. 4
128. 3
129. 5
130. 2
131. 2
132. 1
133. 2
134. 3
135. 2
136. 3
137. 1
138. 3
139. 4
140. 2
141. 3
142. 3
143. 1
144. 2
145. 3
146. 4
147. 1
148. 3
149. 2
150. 4
151. 3
152. 3
153. 3
154. 4
155. 2
156. 1
157. 7
158. 2
159. 3
160. 2
161. 1
162. 2
163. 1
164. 1
165. 2
166. 4
167. 3
168. 4
169. 2
170. 1
171. 3
172. 2
173. 3
174. 5
175. 3
176. 2
177. 4
178. 2
179. 1
180. 2
181. 2
182. 4
183. 1
184. 3
185. 4
186. 2
187. 2
188. 1
189. 1
190. 2
191. 3
192. 1
193. 2
194. 2
195. 2
196. 2
197. 4
198. 3
199. 2
200. 2