2881.txt
1. 3
2. 4
3. 7
4. 2
5. 1
6. 3
7. 2
8. 4
9. 4
10. 2
11. 2
12. 3
13. 6
14. 2
15. 1
16. 1
17. 5
18. 2
19. 1
20. 2
21. 2
22. 1
23. 4
24. 3
25. 2
26. 2
27. 3
28. 1
29. 4
30. 2
31. 4
32. 4
33. 3
34. 2
35. 2
36. 6
37. 3
38. 1
39. 2
40. 4
41. 2
42. 2
43. 1
44. 3
45. 3
46. 4
47. 3
48. 3
49. 4
50. 4
51. 3
52. 2
53. 1
54. 3
55. 3
56. 3
57. 2
58. 1
59. 4
60. 3
61. 1
62. 3
63. 2
64. 3
65. 2
66. 1
67. 1
68. 1
69. 3
70. 3
71. 2
72. 1
73. 3
74. 3
75. 2
76. 4
77. 3
78. 3
79. 1
80. 4
81. 2
82. 2
83. 3
84. 3
85. 4
86. 2
87. 3
88. 2
89. 2
90. 2
91. 2
92. 4
93. 3
94. 2
95. 1
96. 3
97. 2
98. 2
99. 4
100. 2
101. 2
102. 3
103. 3
104. 3
105. 4
106. 1
107. 3
108. 2
109. 3
110. 2
111. 1
112. 2
113. 3
114. 3
115. 2
116. 3
117. 3
118. 2
119. 1
120. 1
121. 2
122. 3
123. 1
124. 2
125. 2
126. 2
127. 3
128. 2
129. 2
130. 2
131. 1
132. 2
133. 2
134. 3
135. 4
136. 3
137. 3
138. 3
139. 2
140. 1
141. 2
142. 3
143. 2
144. 2
145. 2
146. 4
147. 3
148. 2
149. 4
150. 2
151. 3
152. 3
153. 1
154. 2
155. 3
156. 1
157. 3
158. 3
159. 3
160. 2
161. 2
162. 3
163. 1
164. 2
165. 2
166. 3
167. 2
168. 3
169. 1
170. 4
171. 2
172. 2
173. 2
174. 3
175. 2
176. 4
177. 2
178. 3
179. 3
180. 2
181. 4
182. 3
183. 2
184. 3
185. 2
186. 2
187. 1
188. 3
189. 3
190. 2
191. 2
192. 2
193. 3
194. 2
195. 3
196. 2
197. 3
198. 2
199. 3
200. 7