2886.txt
1. 0
2. 0
3. 2
4. 1
5. 6
6. 3
7. 2
8. 2
9. 0
10. 2
11. 3
12. 3
13. 0
14. 1
15. 1
16. 2
17. 1
18. 0
19. 1
20. 1
21. 3
22. 2
23. 2
24. 7
25. 1
26. 0
27. 0
28. 2
29. 2
30. 2
31. 0
32. 2
33. 3
34. 3
35. 1
36. 1
37. 2
38. 3
39. 0
40. 0
41. 5
42. 1
43. 6
44. 4
45. 1
46. 0
47. 1
48. 2
49. 2
50. 1
51. 1
52. 1
53. 1
54. 1
55. 0
56. 0
57. 3
58. 0
59. 4
60. 3
61. 3
62. 2
63. 1
64. 0
65. 1
66. 2
67. 2
68. 3
69. 1
70. 2
71. 2
72. 3
73. 0
74. 3
75. 1
76. 3
77. 1
78. 0
79. 1
80. 1
81. 2
82. 2
83. 5
84. 1
85. 1
86. 1
87. 2
88. 2
89. 1
90. 2
91. 1
92. 2
93. 3
94. 0
95. 2
96. 0
97. 1
98. 1
99. 2
100. 2
101. 1
102. 0
103. 2
104. 1
105. 2
106. 1
107. 4
108. 2
109. 3
110. 1
111. 3
112. 3
113. 3
114. 2
115. 1
116. 0
117. 1
118. 2
119. 1
120. 2
121. 0
122. 3
123. 3
124. 2
125. 1
126. 3
127. 1
128. 2
129. 1
130. 0
131. 6
132. 1
133. 0
134. 2
135. 0
136. 1
137. 1
138. 2
139. 2
140. 2
141. 1
142. 1
143. 3
144. 1
145. 1
146. 1
147. 0
148. 3
149. 1
150. 1
151. 0
152. 1
153. 1
154. 2
155. 2
156. 3
157. 1
158. 2
159. 1
160. 4
161. 6
162. 1
163. 1
164. 1
165. 2
166. 2
167. 2
168. 3
169. 1
170. 3
171. 0
172. 2
173. 1
174. 2
175. 2
176. 1
177. 2
178. 2
179. 1
180. 2
181. 1
182. 1
183. 1
184. 2
185. 4
186. 1
187. 1
188. 1
189. 1
190. 1
191. 2
192. 1
193. 1
194. 4
195. 1
196. 1
197. 4
198. 2
199. 2
200. 2