2908.txt
1. 4
2. 1
3. 2
4. 1
5. 1
6. 1
7. 3
8. 4
9. 5
10. 4
11. 3
12. 1
13. 1
14. 1
15. 1
16. 2
17. 2
18. 4
19. 4
20. 1
21. 3
22. 3
23. 2
24. 2
25. 1
26. 2
27. 5
28. 3
29. 1
30. 5
31. 3
32. 4
33. 2
34. 2
35. 1
36. 2
37. 2
38. 4
39. 2
40. 1
41. 6
42. 1
43. 4
44. 1
45. 3
46. 5
47. 1
48. 4
49. 1
50. 4
51. 4
52. 2
53. 1
54. 3
55. 2
56. 2
57. 2
58. 3
59. 3
60. 3
61. 2
62. 2
63. 2
64. 2
65. 1
66. 5
67. 2
68. 2
69. 1
70. 1
71. 1
72. 2
73. 3
74. 1
75. 2
76. 2
77. 2
78. 2
79. 2
80. 2
81. 2
82. 1
83. 1
84. 1
85. 1
86. 1
87. 4
88. 1
89. 1
90. 4
91. 2
92. 2
93. 1
94. 2
95. 2
96. 2
97. 3
98. 3
99. 3
100. 2
101. 2
102. 1
103. 1
104. 2
105. 2
106. 2
107. 2
108. 2
109. 2
110. 6
111. 3
112. 3
113. 1
114. 2
115. 4
116. 1
117. 2
118. 1
119. 1
120. 3
121. 1
122. 2
123. 4
124. 3
125. 5
126. 3
127. 3
128. 1
129. 1
130. 1
131. 1
132. 2
133. 2
134. 2
135. 2
136. 3
137. 3
138. 2
139. 1
140. 1
141. 1
142. 2
143. 1
144. 3
145. 2
146. 2
147. 4
148. 1
149. 2
150. 3
151. 2
152. 1
153. 2
154. 2
155. 2
156. 4
157. 1
158. 2
159. 4
160. 1
161. 2
162. 3
163. 1
164. 3
165. 3
166. 2
167. 2
168. 2
169. 1
170. 2
171. 2
172. 2
173. 2
174. 1
175. 3
176. 1
177. 2
178. 1
179. 2
180. 1
181. 3
182. 1
183. 5
184. 3
185. 1
186. 2
187. 2
188. 3
189. 2
190. 3
191. 2
192. 3
193. 3
194. 3
195. 3
196. 3
197. 2
198. 2
199. 3
200. 2