2913.txt
1. 2
2. 1
3. 7
4. 2
5. 3
6. 4
7. 5
8. 2
9. 5
10. 2
11. 2
12. 1
13. 4
14. 1
15. 7
16. 3
17. 2
18. 4
19. 5
20. 1
21. 1
22. 1
23. 2
24. 3
25. 4
26. 2
27. 2
28. 6
29. 2
30. 1
31. 3
32. 4
33. 2
34. 2
35. 3
36. 2
37. 2
38. 4
39. 3
40. 1
41. 4
42. 2
43. 2
44. 2
45. 1
46. 6
47. 3
48. 2
49. 2
50. 2
51. 1
52. 2
53. 3
54. 2
55. 3
56. 2
57. 3
58. 2
59. 4
60. 3
61. 2
62. 1
63. 5
64. 2
65. 2
66. 2
67. 3
68. 1
69. 2
70. 3
71. 2
72. 2
73. 1
74. 3
75. 2
76. 2
77. 2
78. 2
79. 2
80. 3
81. 2
82. 2
83. 4
84. 1
85. 2
86. 2
87. 2
88. 5
89. 1
90. 4
91. 2
92. 4
93. 3
94. 3
95. 6
96. 1
97. 3
98. 2
99. 2
100. 4
101. 2
102. 2
103. 3
104. 2
105. 2
106. 2
107. 3
108. 3
109. 2
110. 4
111. 2
112. 3
113. 4
114. 4
115. 2
116. 3
117. 1
118. 1
119. 3
120. 2
121. 4
122. 1
123. 2
124. 1
125. 2
126. 2
127. 2
128. 2
129. 5
130. 2
131. 2
132. 4
133. 3
134. 1
135. 4
136. 2
137. 1
138. 2
139. 2
140. 2
141. 1
142. 1
143. 1
144. 2
145. 2
146. 2
147. 1
148. 3
149. 1
150. 3
151. 1
152. 7
153. 1
154. 2
155. 2
156. 3
157. 5
158. 2
159. 2
160. 4
161. 2
162. 2
163. 2
164. 1
165. 5
166. 3
167. 2
168. 2
169. 3
170. 3
171. 1
172. 3
173. 2
174. 3
175. 4
176. 2
177. 3
178. 2
179. 2
180. 4
181. 2
182. 3
183. 2
184. 2
185. 2
186. 1
187. 4
188. 3
189. 1
190. 2
191. 2
192. 1
193. 3
194. 2
195. 4
196. 4
197. 2
198. 1
199. 1
200. 3