2918.txt
1. 2
2. 1
3. 6
4. 2
5. 1
6. 3
7. 1
8. 2
9. 3
10. 4
11. 1
12. 2
13. 2
14. 4
15. 5
16. 3
17. 2
18. 4
19. 2
20. 4
21. 3
22. 3
23. 2
24. 1
25. 2
26. 3
27. 2
28. 3
29. 2
30. 4
31. 7
32. 3
33. 2
34. 2
35. 3
36. 2
37. 2
38. 2
39. 3
40. 1
41. 3
42. 2
43. 4
44. 3
45. 2
46. 4
47. 1
48. 3
49. 2
50. 2
51. 2
52. 1
53. 3
54. 2
55. 3
56. 2
57. 1
58. 4
59. 1
60. 3
61. 5
62. 2
63. 2
64. 2
65. 4
66. 2
67. 1
68. 2
69. 6
70. 4
71. 2
72. 2
73. 4
74. 3
75. 2
76. 3
77. 1
78. 3
79. 2
80. 2
81. 3
82. 2
83. 1
84. 3
85. 2
86. 2
87. 3
88. 4
89. 4
90. 2
91. 2
92. 3
93. 3
94. 2
95. 5
96. 1
97. 3
98. 3
99. 3
100. 1
101. 2
102. 2
103. 2
104. 2
105. 6
106. 2
107. 2
108. 2
109. 1
110. 2
111. 6
112. 4
113. 1
114. 3
115. 2
116. 3
117. 1
118. 2
119. 1
120. 3
121. 2
122. 5
123. 2
124. 3
125. 1
126. 2
127. 4
128. 4
129. 3
130. 1
131. 4
132. 3
133. 2
134. 3
135. 3
136. 2
137. 2
138. 2
139. 3
140. 4
141. 1
142. 3
143. 2
144. 3
145. 7
146. 2
147. 3
148. 2
149. 4
150. 3
151. 3
152. 4
153. 4
154. 2
155. 1
156. 2
157. 3
158. 3
159. 3
160. 3
161. 3
162. 3
163. 3
164. 3
165. 2
166. 3
167. 3
168. 2
169. 3
170. 4
171. 2
172. 2
173. 3
174. 2
175. 3
176. 5
177. 2
178. 3
179. 3
180. 2
181. 3
182. 3
183. 2
184. 2
185. 4
186. 6
187. 2
188. 4
189. 2
190. 3
191. 1
192. 2
193. 2
194. 3
195. 2
196. 2
197. 3
198. 2
199. 7
200. 3