292.txt
1. 2
2. 3
3. 1
4. 2
5. 1
6. 1
7. 4
8. 4
9. 8
10. 3
11. 2
12. 1
13. 1
14. 3
15. 2
16. 2
17. 2
18. 2
19. 4
20. 3
21. 2
22. 2
23. 2
24. 2
25. 3
26. 2
27. 2
28. 4
29. 4
30. 4
31. 3
32. 3
33. 3
34. 3
35. 2
36. 3
37. 7
38. 4
39. 3
40. 2
41. 2
42. 2
43. 3
44. 2
45. 1
46. 3
47. 3
48. 3
49. 1
50. 6
51. 4
52. 2
53. 2
54. 4
55. 2
56. 4
57. 2
58. 2
59. 7
60. 2
61. 2
62. 4
63. 3
64. 1
65. 2
66. 2
67. 5
68. 3
69. 6
70. 3
71. 2
72. 2
73. 2
74. 1
75. 2
76. 3
77. 1
78. 2
79. 2
80. 5
81. 2
82. 3
83. 2
84. 2
85. 5
86. 1
87. 3
88. 1
89. 2
90. 3
91. 2
92. 2
93. 2
94. 2
95. 3
96. 3
97. 2
98. 2
99. 3
100. 3
101. 3
102. 2
103. 3
104. 2
105. 5
106. 2
107. 1
108. 2
109. 3
110. 2
111. 4
112. 2
113. 1
114. 2
115. 2
116. 1
117. 2
118. 5
119. 3
120. 2
121. 3
122. 2
123. 2
124. 2
125. 3
126. 2
127. 2
128. 3
129. 1
130. 3
131. 1
132. 2
133. 3
134. 2
135. 2
136. 2
137. 3
138. 4
139. 3
140. 2
141. 2
142. 1
143. 2
144. 3
145. 4
146. 2
147. 3
148. 2
149. 3
150. 4
151. 1
152. 4
153. 2
154. 1
155. 1
156. 3
157. 6
158. 7
159. 2
160. 3
161. 2
162. 2
163. 2
164. 2
165. 3
166. 4
167. 2
168. 2
169. 3
170. 1
171. 2
172. 3
173. 1
174. 2
175. 1
176. 1
177. 2
178. 2
179. 2
180. 2
181. 3
182. 3
183. 3
184. 2
185. 3
186. 1
187. 2
188. 4
189. 2
190. 3
191. 1
192. 3
193. 2
194. 2
195. 3
196. 1
197. 2
198. 2
199. 4
200. 3