2923.txt
1. 0
2. 1
3. 2
4. 1
5. 1
6. 2
7. 1
8. 2
9. 3
10. 3
11. 0
12. 1
13. 0
14. 1
15. 1
16. 2
17. 0
18. 3
19. 1
20. 2
21. 3
22. 2
23. 0
24. 2
25. 4
26. 3
27. 1
28. 2
29. 1
30. 6
31. 5
32. 2
33. 1
34. 1
35. 2
36. 3
37. 2
38. 2
39. 3
40. 2
41. 2
42. 2
43. 3
44. 1
45. 0
46. 3
47. 1
48. 2
49. 1
50. 1
51. 2
52. 1
53. 1
54. 2
55. 3
56. 2
57. 2
58. 2
59. 2
60. 0
61. 1
62. 1
63. 2
64. 1
65. 2
66. 2
67. 2
68. 1
69. 2
70. 1
71. 2
72. 1
73. 2
74. 2
75. 2
76. 4
77. 1
78. 2
79. 2
80. 2
81. 2
82. 0
83. 1
84. 2
85. 1
86. 1
87. 2
88. 2
89. 1
90. 1
91. 1
92. 2
93. 2
94. 3
95. 1
96. 2
97. 1
98. 3
99. 2
100. 2
101. 2
102. 2
103. 2
104. 1
105. 2
106. 3
107. 2
108. 1
109. 2
110. 1
111. 2
112. 1
113. 1
114. 1
115. 1
116. 0
117. 2
118. 2
119. 1
120. 1
121. 2
122. 2
123. 2
124. 2
125. 1
126. 1
127. 2
128. 1
129. 2
130. 1
131. 2
132. 1
133. 2
134. 5
135. 4
136. 2
137. 1
138. 2
139. 2
140. 1
141. 2
142. 1
143. 1
144. 2
145. 1
146. 1
147. 2
148. 3
149. 1
150. 1
151. 3
152. 0
153. 2
154. 4
155. 3
156. 2
157. 1
158. 1
159. 1
160. 2
161. 1
162. 2
163. 2
164. 2
165. 1
166. 3
167. 1
168. 3
169. 2
170. 1
171. 2
172. 1
173. 3
174. 1
175. 2
176. 2
177. 2
178. 1
179. 2
180. 2
181. 2
182. 2
183. 1
184. 2
185. 2
186. 2
187. 1
188. 1
189. 1
190. 2
191. 1
192. 1
193. 1
194. 1
195. 1
196. 1
197. 2
198. 1
199. 1
200. 2