2937.txt
1. 2
2. 5
3. 4
4. 2
5. 3
6. 1
7. 2
8. 2
9. 3
10. 7
11. 7
12. 3
13. 4
14. 4
15. 2
16. 1
17. 2
18. 3
19. 6
20. 4
21. 2
22. 0
23. 2
24. 1
25. 3
26. 2
27. 2
28. 2
29. 6
30. 2
31. 1
32. 1
33. 3
34. 3
35. 2
36. 2
37. 2
38. 3
39. 2
40. 2
41. 4
42. 7
43. 2
44. 3
45. 4
46. 1
47. 1
48. 1
49. 3
50. 2
51. 1
52. 4
53. 3
54. 3
55. 2
56. 4
57. 2
58. 2
59. 6
60. 1
61. 2
62. 1
63. 3
64. 3
65. 4
66. 1
67. 3
68. 4
69. 3
70. 2
71. 1
72. 4
73. 2
74. 3
75. 2
76. 3
77. 3
78. 2
79. 3
80. 2
81. 3
82. 5
83. 3
84. 3
85. 2
86. 4
87. 4
88. 2
89. 2
90. 2
91. 4
92. 2
93. 1
94. 6
95. 2
96. 4
97. 2
98. 2
99. 3
100. 2
101. 4
102. 3
103. 1
104. 2
105. 3
106. 2
107. 1
108. 5
109. 3
110. 4
111. 5
112. 2
113. 3
114. 5
115. 2
116. 5
117. 2
118. 5
119. 2
120. 5
121. 2
122. 2
123. 4
124. 4
125. 2
126. 3
127. 4
128. 3
129. 2
130. 3
131. 4
132. 3
133. 3
134. 3
135. 3
136. 2
137. 3
138. 2
139. 5
140. 4
141. 2
142. 5
143. 3
144. 1
145. 2
146. 3
147. 2
148. 3
149. 2
150. 1
151. 2
152. 1
153. 2
154. 5
155. 2
156. 2
157. 2
158. 4
159. 2
160. 3
161. 7
162. 2
163. 2
164. 3
165. 4
166. 4
167. 2
168. 3
169. 4
170. 2
171. 3
172. 2
173. 3
174. 4
175. 4
176. 4
177. 5
178. 3
179. 3
180. 3
181. 1
182. 2
183. 4
184. 3
185. 6
186. 4
187. 2
188. 3
189. 2
190. 2
191. 2
192. 3
193. 3
194. 3
195. 3
196. 3
197. 3
198. 2
199. 2
200. 2