2948.txt
1. 2
2. 2
3. 1
4. 3
5. 1
6. 2
7. 4
8. 2
9. 2
10. 1
11. 2
12. 2
13. 1
14. 1
15. 2
16. 1
17. 1
18. 2
19. 3
20. 3
21. 2
22. 1
23. 2
24. 1
25. 3
26. 2
27. 1
28. 2
29. 3
30. 2
31. 4
32. 2
33. 1
34. 1
35. 2
36. 3
37. 3
38. 2
39. 2
40. 2
41. 2
42. 2
43. 4
44. 2
45. 4
46. 1
47. 2
48. 2
49. 1
50. 2
51. 4
52. 3
53. 3
54. 3
55. 3
56. 3
57. 2
58. 1
59. 1
60. 3
61. 4
62. 1
63. 2
64. 1
65. 2
66. 2
67. 2
68. 2
69. 3
70. 3
71. 2
72. 3
73. 4
74. 1
75. 2
76. 3
77. 3
78. 2
79. 1
80. 2
81. 2
82. 2
83. 2
84. 4
85. 4
86. 2
87. 1
88. 2
89. 3
90. 5
91. 4
92. 2
93. 3
94. 3
95. 1
96. 3
97. 3
98. 3
99. 2
100. 1
101. 5
102. 3
103. 2
104. 3
105. 2
106. 2
107. 1
108. 1
109. 2
110. 1
111. 1
112. 2
113. 2
114. 2
115. 2
116. 2
117. 1
118. 1
119. 1
120. 1
121. 2
122. 4
123. 1
124. 3
125. 2
126. 2
127. 2
128. 3
129. 3
130. 2
131. 6
132. 3
133. 3
134. 1
135. 1
136. 1
137. 2
138. 1
139. 2
140. 2
141. 3
142. 1
143. 2
144. 3
145. 1
146. 2
147. 3
148. 3
149. 2
150. 3
151. 3
152. 2
153. 2
154. 2
155. 2
156. 1
157. 2
158. 2
159. 3
160. 4
161. 2
162. 1
163. 4
164. 1
165. 2
166. 4
167. 3
168. 2
169. 1
170. 5
171. 2
172. 2
173. 2
174. 1
175. 2
176. 1
177. 2
178. 2
179. 2
180. 2
181. 2
182. 2
183. 3
184. 2
185. 2
186. 2
187. 4
188. 2
189. 2
190. 3
191. 2
192. 2
193. 2
194. 1
195. 2
196. 2
197. 2
198. 2
199. 2
200. 2