2960.txt
1. 3
2. 1
3. 4
4. 2
5. 4
6. 1
7. 4
8. 2
9. 2
10. 2
11. 1
12. 2
13. 3
14. 4
15. 3
16. 2
17. 4
18. 2
19. 3
20. 2
21. 1
22. 3
23. 2
24. 2
25. 3
26. 1
27. 2
28. 2
29. 3
30. 2
31. 3
32. 2
33. 4
34. 6
35. 1
36. 2
37. 2
38. 3
39. 4
40. 3
41. 3
42. 3
43. 3
44. 2
45. 1
46. 2
47. 5
48. 2
49. 2
50. 3
51. 1
52. 2
53. 3
54. 3
55. 5
56. 2
57. 1
58. 3
59. 1
60. 4
61. 2
62. 4
63. 2
64. 4
65. 3
66. 2
67. 3
68. 3
69. 1
70. 2
71. 4
72. 3
73. 4
74. 2
75. 2
76. 2
77. 2
78. 2
79. 1
80. 2
81. 2
82. 3
83. 3
84. 2
85. 2
86. 3
87. 2
88. 2
89. 4
90. 5
91. 1
92. 1
93. 3
94. 2
95. 4
96. 3
97. 3
98. 2
99. 2
100. 1
101. 1
102. 5
103. 2
104. 3
105. 3
106. 3
107. 1
108. 2
109. 4
110. 2
111. 3
112. 1
113. 4
114. 2
115. 2
116. 2
117. 2
118. 3
119. 1
120. 3
121. 2
122. 3
123. 2
124. 2
125. 3
126. 2
127. 1
128. 2
129. 2
130. 2
131. 2
132. 2
133. 2
134. 3
135. 2
136. 3
137. 3
138. 2
139. 3
140. 3
141. 2
142. 3
143. 2
144. 2
145. 3
146. 2
147. 2
148. 3
149. 2
150. 2
151. 1
152. 3
153. 4
154. 2
155. 2
156. 4
157. 2
158. 3
159. 1
160. 1
161. 3
162. 2
163. 2
164. 3
165. 3
166. 1
167. 3
168. 2
169. 1
170. 3
171. 2
172. 3
173. 2
174. 3
175. 2
176. 2
177. 3
178. 1
179. 3
180. 2
181. 2
182. 1
183. 3
184. 3
185. 3
186. 4
187. 1
188. 2
189. 2
190. 4
191. 3
192. 1
193. 3
194. 2
195. 2
196. 2
197. 2
198. 3
199. 2
200. 3