2969.txt
1. 0
2. 2
3. 1
4. 5
5. 2
6. 3
7. 2
8. 1
9. 7
10. 2
11. 6
12. 3
13. 3
14. 1
15. 1
16. 4
17. 2
18. 4
19. 2
20. 3
21. 0
22. 4
23. 2
24. 2
25. 3
26. 1
27. 1
28. 3
29. 2
30. 2
31. 3
32. 3
33. 1
34. 7
35. 1
36. 3
37. 1
38. 2
39. 1
40. 3
41. 2
42. 2
43. 3
44. 2
45. 1
46. 4
47. 3
48. 2
49. 3
50. 2
51. 3
52. 3
53. 2
54. 2
55. 3
56. 2
57. 3
58. 4
59. 1
60. 1
61. 1
62. 2
63. 2
64. 1
65. 1
66. 3
67. 2
68. 3
69. 2
70. 1
71. 2
72. 4
73. 2
74. 2
75. 1
76. 2
77. 3
78. 2
79. 1
80. 2
81. 1
82. 2
83. 2
84. 1
85. 3
86. 3
87. 2
88. 2
89. 4
90. 2
91. 2
92. 2
93. 1
94. 3
95. 1
96. 2
97. 3
98. 3
99. 2
100. 1
101. 3
102. 2
103. 3
104. 1
105. 1
106. 2
107. 2
108. 3
109. 2
110. 3
111. 5
112. 2
113. 1
114. 3
115. 1
116. 2
117. 2
118. 4
119. 1
120. 3
121. 1
122. 1
123. 2
124. 4
125. 2
126. 1
127. 1
128. 2
129. 3
130. 0
131. 2
132. 1
133. 2
134. 3
135. 1
136. 2
137. 1
138. 2
139. 2
140. 2
141. 2
142. 2
143. 2
144. 2
145. 4
146. 1
147. 1
148. 2
149. 3
150. 2
151. 2
152. 5
153. 1
154. 2
155. 2
156. 2
157. 1
158. 1
159. 4
160. 3
161. 1
162. 2
163. 5
164. 1
165. 3
166. 1
167. 2
168. 1
169. 3
170. 1
171. 1
172. 4
173. 1
174. 3
175. 2
176. 2
177. 2
178. 2
179. 1
180. 3
181. 2
182. 2
183. 2
184. 3
185. 2
186. 2
187. 2
188. 2
189. 3
190. 1
191. 1
192. 2
193. 1
194. 1
195. 1
196. 3
197. 2
198. 1
199. 2
200. 2