2980.txt
1. 0
2. 4
3. 3
4. 0
5. 0
6. 5
7. 0
8. 1
9. 2
10. 0
11. 0
12. 1
13. 2
14. 0
15. 0
16. 2
17. 0
18. 0
19. 0
20. 0
21. 0
22. 3
23. 1
24. 0
25. 4
26. 0
27. 0
28. 0
29. 2
30. 2
31. 0
32. 2
33. 1
34. 0
35. 2
36. 0
37. 1
38. 0
39. 2
40. 3
41. 1
42. 3
43. 3
44. 2
45. 2
46. 0
47. 1
48. 3
49. 0
50. 3
51. 3
52. 4
53. 2
54. 0
55. 4
56. 0
57. 0
58. 2
59. 0
60. 0
61. 0
62. 4
63. 1
64. 1
65. 0
66. 0
67. 1
68. 3
69. 3
70. 0
71. 1
72. 0
73. 0
74. 1
75. 2
76. 1
77. 5
78. 0
79. 0
80. 0
81. 0
82. 0
83. 0
84. 3
85. 0
86. 0
87. 0
88. 3
89. 3
90. 0
91. 0
92. 2
93. 0
94. 0
95. 1
96. 3
97. 0
98. 0
99. 2
100. 0
101. 4
102. 2
103. 1
104. 1
105. 2
106. 0
107. 0
108. 1
109. 2
110. 3
111. 4
112. 5
113. 0
114. 0
115. 4
116. 2
117. 0
118. 0
119. 1
120. 0
121. 0
122. 3
123. 0
124. 0
125. 2
126. 3
127. 0
128. 0
129. 3
130. 3
131. 3
132. 0
133. 0
134. 0
135. 7
136. 3
137. 0
138. 2
139. 0
140. 3
141. 0
142. 0
143. 0
144. 2
145. 0
146. 0
147. 3
148. 3
149. 2
150. 0
151. 0
152. 2
153. 2
154. 4
155. 0
156. 0
157. 0
158. 0
159. 3
160. 0
161. 0
162. 3
163. 3
164. 0
165. 0
166. 0
167. 0
168. 0
169. 0
170. 0
171. 3
172. 0
173. 0
174. 0
175. 1
176. 0
177. 0
178. 0
179. 2
180. 0
181. 0
182. 0
183. 0
184. 0
185. 0
186. 0
187. 1
188. 3
189. 0
190. 4
191. 3
192. 0
193. 4
194. 0
195. 0
196. 4
197. 0
198. 2
199. 0
200. 3