2984.txt
1. 2
2. 3
3. 2
4. 1
5. 3
6. 5
7. 3
8. 2
9. 1
10. 2
11. 4
12. 1
13. 2
14. 7
15. 2
16. 4
17. 1
18. 3
19. 4
20. 5
21. 2
22. 3
23. 2
24. 2
25. 7
26. 1
27. 4
28. 2
29. 2
30. 1
31. 2
32. 2
33. 1
34. 3
35. 1
36. 1
37. 2
38. 3
39. 2
40. 3
41. 2
42. 2
43. 1
44. 3
45. 2
46. 3
47. 4
48. 2
49. 3
50. 1
51. 3
52. 2
53. 5
54. 2
55. 1
56. 2
57. 4
58. 2
59. 2
60. 3
61. 2
62. 3
63. 2
64. 5
65. 3
66. 2
67. 2
68. 1
69. 2
70. 3
71. 2
72. 3
73. 2
74. 2
75. 3
76. 1
77. 2
78. 3
79. 2
80. 2
81. 3
82. 1
83. 4
84. 1
85. 4
86. 3
87. 1
88. 2
89. 3
90. 1
91. 2
92. 2
93. 4
94. 7
95. 2
96. 2
97. 2
98. 3
99. 2
100. 2
101. 2
102. 1
103. 2
104. 3
105. 1
106. 1
107. 2
108. 2
109. 1
110. 2
111. 2
112. 2
113. 3
114. 2
115. 2
116. 3
117. 1
118. 2
119. 2
120. 3
121. 2
122. 2
123. 4
124. 1
125. 3
126. 1
127. 1
128. 1
129. 2
130. 1
131. 2
132. 1
133. 5
134. 1
135. 2
136. 2
137. 2
138. 2
139. 3
140. 2
141. 2
142. 1
143. 2
144. 2
145. 4
146. 1
147. 3
148. 3
149. 2
150. 2
151. 1
152. 2
153. 2
154. 2
155. 2
156. 3
157. 2
158. 4
159. 3
160. 3
161. 2
162. 2
163. 3
164. 2
165. 3
166. 3
167. 1
168. 2
169. 3
170. 3
171. 2
172. 2
173. 2
174. 3
175. 2
176. 2
177. 3
178. 2
179. 2
180. 5
181. 4
182. 3
183. 3
184. 2
185. 2
186. 1
187. 2
188. 2
189. 2
190. 3
191. 1
192. 2
193. 1
194. 2
195. 3
196. 3
197. 2
198. 3
199. 2
200. 2