3.txt
1. 7
2. 2
3. 2
4. 1
5. 2
6. 1
7. 3
8. 2
9. 3
10. 1
11. 2
12. 4
13. 1
14. 3
15. 1
16. 1
17. 6
18. 1
19. 4
20. 2
21. 2
22. 2
23. 2
24. 5
25. 1
26. 3
27. 1
28. 2
29. 1
30. 2
31. 1
32. 1
33. 1
34. 2
35. 4
36. 2
37. 2
38. 2
39. 2
40. 1
41. 3
42. 1
43. 3
44. 2
45. 1
46. 1
47. 1
48. 3
49. 1
50. 5
51. 2
52. 2
53. 1
54. 3
55. 3
56. 1
57. 2
58. 2
59. 3
60. 3
61. 1
62. 5
63. 8
64. 5
65. 4
66. 1
67. 2
68. 4
69. 2
70. 3
71. 1
72. 2
73. 1
74. 4
75. 1
76. 3
77. 1
78. 3
79. 1
80. 2
81. 1
82. 2
83. 1
84. 3
85. 1
86. 2
87. 1
88. 2
89. 1
90. 7
91. 1
92. 3
93. 2
94. 3
95. 2
96. 4
97. 3
98. 3
99. 1
100. 2
101. 2
102. 5
103. 1
104. 1
105. 1
106. 1
107. 2
108. 1
109. 2
110. 5
111. 2
112. 2
113. 1
114. 1
115. 2
116. 2
117. 2
118. 1
119. 1
120. 2
121. 1
122. 3
123. 3
124. 1
125. 4
126. 3
127. 2
128. 3
129. 1
130. 1
131. 3
132. 2
133. 2
134. 2
135. 4
136. 1
137. 2
138. 1
139. 1
140. 2
141. 2
142. 10
143. 1
144. 2
145. 1
146. 2
147. 2
148. 3
149. 1
150. 3
151. 4
152. 1
153. 4
154. 2
155. 3
156. 3
157. 1
158. 2
159. 1
160. 1
161. 2
162. 3
163. 1
164. 4
165. 2
166. 1
167. 3
168. 2
169. 3
170. 2
171. 2
172. 4
173. 2
174. 2
175. 1
176. 2
177. 2
178. 1
179. 2
180. 1
181. 1
182. 2
183. 2
184. 3
185. 2
186. 2
187. 1
188. 3
189. 2
190. 1
191. 2
192. 4
193. 2
194. 3
195. 1
196. 4
197. 2
198. 1
199. 2
200. 3