30.txt
1. 2
2. 1
3. 1
4. 1
5. 4
6. 3
7. 1
8. 2
9. 4
10. 1
11. 2
12. 1
13. 2
14. 3
15. 1
16. 2
17. 1
18. 2
19. 1
20. 2
21. 2
22. 1
23. 4
24. 1
25. 2
26. 2
27. 1
28. 3
29. 2
30. 2
31. 3
32. 2
33. 3
34. 4
35. 1
36. 1
37. 2
38. 2
39. 2
40. 3
41. 2
42. 2
43. 2
44. 2
45. 2
46. 1
47. 1
48. 4
49. 3
50. 1
51. 3
52. 2
53. 2
54. 3
55. 2
56. 1
57. 2
58. 3
59. 2
60. 1
61. 3
62. 1
63. 5
64. 5
65. 2
66. 1
67. 3
68. 3
69. 1
70. 2
71. 2
72. 1
73. 1
74. 2
75. 4
76. 2
77. 2
78. 2
79. 2
80. 6
81. 1
82. 2
83. 1
84. 2
85. 4
86. 1
87. 2
88. 1
89. 3
90. 3
91. 2
92. 2
93. 2
94. 1
95. 1
96. 1
97. 3
98. 1
99. 1
100. 2
101. 4
102. 3
103. 2
104. 3
105. 1
106. 1
107. 1
108. 2
109. 2
110. 1
111. 2
112. 2
113. 2
114. 1
115. 2
116. 1
117. 1
118. 2
119. 3
120. 1
121. 3
122. 1
123. 4
124. 1
125. 1
126. 1
127. 3
128. 1
129. 3
130. 3
131. 4
132. 1
133. 1
134. 2
135. 2
136. 2
137. 2
138. 2
139. 2
140. 1
141. 1
142. 1
143. 2
144. 2
145. 1
146. 2
147. 3
148. 2
149. 2
150. 3
151. 3
152. 2
153. 2
154. 2
155. 3
156. 2
157. 2
158. 1
159. 1
160. 1
161. 1
162. 2
163. 3
164. 1
165. 3
166. 2
167. 2
168. 2
169. 2
170. 2
171. 1
172. 2
173. 2
174. 1
175. 3
176. 2
177. 2
178. 2
179. 2
180. 2
181. 1
182. 2
183. 2
184. 2
185. 1
186. 1
187. 2
188. 2
189. 3
190. 2
191. 3
192. 3
193. 1
194. 2
195. 3
196. 2
197. 1
198. 3
199. 3
200. 2