3007.txt
1. 2
2. 5
3. 1
4. 2
5. 2
6. 3
7. 2
8. 4
9. 3
10. 2
11. 4
12. 2
13. 2
14. 5
15. 2
16. 1
17. 4
18. 5
19. 2
20. 1
21. 3
22. 2
23. 3
24. 2
25. 1
26. 2
27. 4
28. 2
29. 3
30. 4
31. 3
32. 1
33. 2
34. 2
35. 4
36. 2
37. 1
38. 4
39. 4
40. 2
41. 1
42. 3
43. 3
44. 2
45. 2
46. 2
47. 1
48. 2
49. 3
50. 2
51. 3
52. 3
53. 1
54. 3
55. 5
56. 2
57. 2
58. 1
59. 6
60. 3
61. 6
62. 3
63. 3
64. 1
65. 2
66. 3
67. 2
68. 3
69. 5
70. 3
71. 3
72. 2
73. 3
74. 3
75. 2
76. 2
77. 2
78. 2
79. 4
80. 2
81. 2
82. 2
83. 2
84. 1
85. 7
86. 3
87. 4
88. 1
89. 3
90. 2
91. 4
92. 3
93. 2
94. 2
95. 2
96. 2
97. 1
98. 2
99. 2
100. 2
101. 3
102. 4
103. 1
104. 2
105. 3
106. 4
107. 4
108. 3
109. 2
110. 1
111. 2
112. 2
113. 1
114. 2
115. 3
116. 2
117. 3
118. 2
119. 3
120. 4
121. 3
122. 4
123. 3
124. 4
125. 2
126. 5
127. 2
128. 2
129. 1
130. 2
131. 3
132. 3
133. 2
134. 3
135. 2
136. 3
137. 2
138. 2
139. 4
140. 3
141. 3
142. 4
143. 2
144. 3
145. 2
146. 5
147. 3
148. 6
149. 2
150. 3
151. 3
152. 2
153. 1
154. 6
155. 2
156. 2
157. 2
158. 2
159. 2
160. 2
161. 3
162. 4
163. 2
164. 2
165. 2
166. 3
167. 2
168. 4
169. 3
170. 4
171. 2
172. 3
173. 2
174. 3
175. 4
176. 2
177. 5
178. 3
179. 2
180. 3
181. 3
182. 2
183. 4
184. 2
185. 2
186. 1
187. 2
188. 2
189. 2
190. 3
191. 2
192. 2
193. 3
194. 2
195. 3
196. 2
197. 2
198. 2
199. 1
200. 3