3021.txt
1. 3
2. 2
3. 1
4. 2
5. 2
6. 3
7. 4
8. 2
9. 3
10. 2
11. 2
12. 2
13. 4
14. 4
15. 2
16. 2
17. 3
18. 4
19. 1
20. 4
21. 1
22. 2
23. 3
24. 3
25. 3
26. 2
27. 3
28. 3
29. 3
30. 1
31. 1
32. 4
33. 2
34. 2
35. 2
36. 1
37. 2
38. 3
39. 5
40. 2
41. 2
42. 3
43. 3
44. 2
45. 2
46. 4
47. 3
48. 2
49. 2
50. 3
51. 2
52. 1
53. 3
54. 1
55. 2
56. 1
57. 3
58. 2
59. 2
60. 1
61. 3
62. 1
63. 2
64. 3
65. 1
66. 4
67. 3
68. 2
69. 4
70. 2
71. 2
72. 2
73. 3
74. 3
75. 2
76. 1
77. 2
78. 3
79. 4
80. 1
81. 2
82. 2
83. 2
84. 3
85. 2
86. 1
87. 3
88. 1
89. 2
90. 2
91. 2
92. 2
93. 2
94. 2
95. 2
96. 2
97. 3
98. 3
99. 3
100. 3
101. 3
102. 2
103. 2
104. 1
105. 1
106. 3
107. 3
108. 2
109. 3
110. 2
111. 4
112. 1
113. 4
114. 2
115. 2
116. 2
117. 2
118. 2
119. 2
120. 4
121. 2
122. 4
123. 4
124. 1
125. 2
126. 2
127. 2
128. 2
129. 2
130. 3
131. 2
132. 2
133. 2
134. 2
135. 3
136. 2
137. 1
138. 2
139. 2
140. 2
141. 1
142. 2
143. 10
144. 2
145. 2
146. 5
147. 3
148. 2
149. 2
150. 2
151. 3
152. 2
153. 2
154. 3
155. 2
156. 1
157. 1
158. 4
159. 2
160. 2
161. 2
162. 3
163. 2
164. 3
165. 5
166. 1
167. 1
168. 3
169. 1
170. 3
171. 2
172. 1
173. 2
174. 1
175. 4
176. 2
177. 2
178. 5
179. 2
180. 2
181. 1
182. 2
183. 2
184. 2
185. 2
186. 3
187. 2
188. 2
189. 4
190. 3
191. 3
192. 2
193. 2
194. 3
195. 2
196. 1
197. 2
198. 2
199. 3
200. 2