3027.txt
1. 2
2. 3
3. 1
4. 2
5. 3
6. 1
7. 3
8. 2
9. 1
10. 4
11. 5
12. 2
13. 3
14. 2
15. 2
16. 1
17. 3
18. 2
19. 3
20. 4
21. 2
22. 1
23. 3
24. 2
25. 1
26. 3
27. 1
28. 2
29. 4
30. 3
31. 3
32. 2
33. 2
34. 2
35. 1
36. 2
37. 2
38. 8
39. 2
40. 2
41. 3
42. 2
43. 2
44. 2
45. 2
46. 1
47. 2
48. 4
49. 4
50. 3
51. 3
52. 2
53. 2
54. 1
55. 1
56. 2
57. 1
58. 2
59. 3
60. 3
61. 1
62. 2
63. 3
64. 3
65. 3
66. 2
67. 1
68. 5
69. 2
70. 1
71. 2
72. 3
73. 2
74. 3
75. 2
76. 2
77. 3
78. 1
79. 2
80. 2
81. 1
82. 7
83. 1
84. 2
85. 3
86. 3
87. 1
88. 3
89. 2
90. 3
91. 1
92. 5
93. 4
94. 2
95. 2
96. 1
97. 3
98. 2
99. 2
100. 1
101. 2
102. 2
103. 1
104. 3
105. 1
106. 2
107. 1
108. 1
109. 2
110. 3
111. 2
112. 2
113. 2
114. 3
115. 2
116. 2
117. 3
118. 1
119. 2
120. 3
121. 1
122. 2
123. 2
124. 2
125. 2
126. 2
127. 2
128. 2
129. 1
130. 3
131. 2
132. 3
133. 3
134. 1
135. 1
136. 2
137. 2
138. 2
139. 3
140. 2
141. 1
142. 2
143. 2
144. 3
145. 2
146. 1
147. 3
148. 1
149. 4
150. 4
151. 3
152. 3
153. 2
154. 2
155. 2
156. 6
157. 2
158. 3
159. 2
160. 2
161. 3
162. 8
163. 3
164. 6
165. 2
166. 2
167. 2
168. 2
169. 2
170. 2
171. 1
172. 2
173. 1
174. 2
175. 4
176. 2
177. 2
178. 1
179. 3
180. 3
181. 1
182. 3
183. 2
184. 2
185. 2
186. 2
187. 3
188. 2
189. 1
190. 2
191. 2
192. 2
193. 2
194. 3
195. 3
196. 2
197. 2
198. 2
199. 4
200. 3