3030.txt
1. 0
2. 3
3. 2
4. 3
5. 2
6. 2
7. 1
8. 1
9. 2
10. 1
11. 3
12. 0
13. 1
14. 2
15. 2
16. 1
17. 0
18. 2
19. 7
20. 2
21. 3
22. 1
23. 1
24. 0
25. 4
26. 1
27. 4
28. 2
29. 4
30. 0
31. 2
32. 1
33. 1
34. 4
35. 2
36. 1
37. 3
38. 1
39. 2
40. 1
41. 1
42. 1
43. 2
44. 2
45. 3
46. 2
47. 1
48. 1
49. 1
50. 1
51. 2
52. 4
53. 5
54. 1
55. 1
56. 0
57. 2
58. 3
59. 1
60. 1
61. 2
62. 3
63. 2
64. 1
65. 3
66. 2
67. 4
68. 2
69. 2
70. 1
71. 1
72. 2
73. 1
74. 0
75. 3
76. 2
77. 1
78. 4
79. 1
80. 2
81. 2
82. 0
83. 1
84. 2
85. 3
86. 1
87. 1
88. 3
89. 2
90. 2
91. 2
92. 1
93. 1
94. 1
95. 2
96. 0
97. 2
98. 1
99. 1
100. 2
101. 1
102. 2
103. 0
104. 1
105. 2
106. 0
107. 1
108. 2
109. 0
110. 4
111. 2
112. 1
113. 1
114. 2
115. 1
116. 2
117. 0
118. 0
119. 2
120. 1
121. 2
122. 2
123. 1
124. 1
125. 2
126. 1
127. 1
128. 1
129. 1
130. 2
131. 2
132. 1
133. 1
134. 3
135. 2
136. 2
137. 2
138. 0
139. 1
140. 2
141. 2
142. 1
143. 3
144. 1
145. 1
146. 1
147. 1
148. 1
149. 2
150. 1
151. 1
152. 1
153. 0
154. 0
155. 2
156. 1
157. 3
158. 3
159. 1
160. 2
161. 2
162. 3
163. 2
164. 3
165. 1
166. 0
167. 1
168. 3
169. 1
170. 1
171. 3
172. 1
173. 0
174. 1
175. 1
176. 2
177. 2
178. 1
179. 0
180. 0
181. 1
182. 2
183. 2
184. 3
185. 1
186. 1
187. 1
188. 2
189. 2
190. 2
191. 2
192. 1
193. 1
194. 0
195. 3
196. 0
197. 1
198. 3
199. 1
200. 2