3047.txt
1. 4
2. 5
3. 3
4. 1
5. 2
6. 1
7. 2
8. 4
9. 2
10. 1
11. 4
12. 2
13. 4
14. 2
15. 1
16. 2
17. 1
18. 2
19. 2
20. 1
21. 5
22. 2
23. 2
24. 2
25. 2
26. 1
27. 2
28. 1
29. 3
30. 4
31. 1
32. 1
33. 2
34. 3
35. 1
36. 1
37. 4
38. 2
39. 2
40. 2
41. 2
42. 1
43. 2
44. 4
45. 3
46. 3
47. 2
48. 3
49. 2
50. 1
51. 3
52. 3
53. 2
54. 2
55. 5
56. 3
57. 1
58. 3
59. 2
60. 1
61. 2
62. 2
63. 1
64. 2
65. 1
66. 2
67. 3
68. 1
69. 3
70. 2
71. 3
72. 2
73. 3
74. 2
75. 3
76. 5
77. 2
78. 2
79. 2
80. 3
81. 2
82. 3
83. 3
84. 4
85. 2
86. 2
87. 1
88. 2
89. 2
90. 2
91. 1
92. 3
93. 2
94. 2
95. 1
96. 2
97. 3
98. 1
99. 3
100. 2
101. 2
102. 1
103. 1
104. 2
105. 2
106. 2
107. 2
108. 2
109. 3
110. 2
111. 3
112. 2
113. 1
114. 2
115. 1
116. 2
117. 2
118. 2
119. 1
120. 2
121. 3
122. 2
123. 3
124. 2
125. 2
126. 2
127. 1
128. 1
129. 1
130. 2
131. 3
132. 2
133. 6
134. 2
135. 3
136. 2
137. 2
138. 4
139. 2
140. 2
141. 3
142. 2
143. 4
144. 2
145. 2
146. 3
147. 3
148. 2
149. 1
150. 2
151. 2
152. 3
153. 3
154. 2
155. 1
156. 1
157. 3
158. 2
159. 1
160. 3
161. 2
162. 4
163. 1
164. 1
165. 2
166. 3
167. 2
168. 3
169. 2
170. 5
171. 2
172. 2
173. 3
174. 1
175. 2
176. 2
177. 2
178. 1
179. 3
180. 3
181. 2
182. 1
183. 3
184. 2
185. 2
186. 1
187. 3
188. 2
189. 3
190. 2
191. 2
192. 2
193. 2
194. 2
195. 3
196. 3
197. 1
198. 1
199. 3
200. 2