3064.txt
1. 0
2. 1
3. 2
4. 0
5. 1
6. 1
7. 2
8. 3
9. 1
10. 6
11. 2
12. 3
13. 2
14. 0
15. 3
16. 3
17. 2
18. 0
19. 2
20. 2
21. 3
22. 0
23. 7
24. 1
25. 2
26. 0
27. 4
28. 3
29. 2
30. 2
31. 1
32. 1
33. 2
34. 3
35. 2
36. 2
37. 0
38. 2
39. 1
40. 2
41. 0
42. 0
43. 1
44. 2
45. 1
46. 0
47. 1
48. 4
49. 1
50. 1
51. 3
52. 1
53. 1
54. 2
55. 4
56. 0
57. 1
58. 2
59. 1
60. 2
61. 0
62. 0
63. 0
64. 3
65. 2
66. 1
67. 2
68. 2
69. 0
70. 2
71. 3
72. 2
73. 1
74. 1
75. 1
76. 1
77. 2
78. 1
79. 1
80. 1
81. 2
82. 2
83. 2
84. 2
85. 1
86. 2
87. 2
88. 1
89. 2
90. 3
91. 2
92. 1
93. 1
94. 2
95. 4
96. 1
97. 4
98. 2
99. 2
100. 1
101. 2
102. 1
103. 1
104. 6
105. 1
106. 3
107. 2
108. 2
109. 1
110. 2
111. 1
112. 0
113. 0
114. 2
115. 2
116. 3
117. 3
118. 2
119. 0
120. 3
121. 1
122. 2
123. 1
124. 3
125. 0
126. 2
127. 3
128. 1
129. 4
130. 3
131. 2
132. 1
133. 1
134. 1
135. 2
136. 0
137. 4
138. 3
139. 0
140. 2
141. 2
142. 0
143. 3
144. 1
145. 3
146. 1
147. 1
148. 1
149. 2
150. 2
151. 3
152. 3
153. 1
154. 1
155. 1
156. 2
157. 0
158. 0
159. 3
160. 3
161. 1
162. 3
163. 1
164. 1
165. 0
166. 3
167. 2
168. 9
169. 1
170. 3
171. 3
172. 1
173. 3
174. 1
175. 1
176. 1
177. 2
178. 2
179. 2
180. 2
181. 1
182. 1
183. 3
184. 1
185. 0
186. 0
187. 3
188. 0
189. 2
190. 2
191. 1
192. 2
193. 3
194. 1
195. 2
196. 2
197. 2
198. 2
199. 2
200. 4