310.txt
1. 0
2. 3
3. 2
4. 4
5. 3
6. 1
7. 1
8. 2
9. 1
10. 0
11. 2
12. 0
13. 1
14. 0
15. 1
16. 3
17. 0
18. 0
19. 2
20. 1
21. 1
22. 0
23. 5
24. 2
25. 2
26. 1
27. 2
28. 3
29. 2
30. 1
31. 4
32. 0
33. 0
34. 1
35. 2
36. 1
37. 3
38. 3
39. 1
40. 1
41. 2
42. 4
43. 2
44. 2
45. 2
46. 1
47. 2
48. 2
49. 2
50. 1
51. 2
52. 3
53. 1
54. 3
55. 1
56. 2
57. 2
58. 2
59. 1
60. 1
61. 2
62. 1
63. 2
64. 2
65. 1
66. 3
67. 6
68. 2
69. 2
70. 1
71. 2
72. 1
73. 2
74. 1
75. 1
76. 3
77. 3
78. 0
79. 2
80. 5
81. 1
82. 3
83. 2
84. 1
85. 3
86. 2
87. 3
88. 3
89. 2
90. 2
91. 2
92. 0
93. 1
94. 3
95. 1
96. 2
97. 0
98. 3
99. 2
100. 2
101. 2
102. 3
103. 3
104. 0
105. 1
106. 3
107. 1
108. 2
109. 2
110. 2
111. 2
112. 1
113. 1
114. 4
115. 1
116. 2
117. 0
118. 2
119. 1
120. 1
121. 3
122. 2
123. 1
124. 2
125. 1
126. 3
127. 2
128. 2
129. 2
130. 1
131. 2
132. 2
133. 1
134. 1
135. 2
136. 2
137. 2
138. 2
139. 2
140. 0
141. 3
142. 3
143. 1
144. 3
145. 3
146. 1
147. 4
148. 3
149. 2
150. 0
151. 1
152. 2
153. 2
154. 4
155. 4
156. 2
157. 1
158. 4
159. 2
160. 2
161. 2
162. 2
163. 1
164. 2
165. 3
166. 2
167. 2
168. 2
169. 1
170. 2
171. 1
172. 2
173. 1
174. 2
175. 2
176. 3
177. 3
178. 3
179. 2
180. 3
181. 2
182. 1
183. 2
184. 1
185. 2
186. 1
187. 2
188. 1
189. 2
190. 3
191. 1
192. 2
193. 2
194. 1
195. 2
196. 1
197. 2
198. 3
199. 2
200. 4