3100.txt
1. 2
2. 3
3. 2
4. 0
5. 3
6. 1
7. 1
8. 4
9. 2
10. 2
11. 1
12. 2
13. 1
14. 1
15. 1
16. 1
17. 2
18. 2
19. 2
20. 2
21. 2
22. 1
23. 3
24. 2
25. 3
26. 2
27. 3
28. 2
29. 2
30. 1
31. 2
32. 2
33. 3
34. 2
35. 2
36. 4
37. 2
38. 2
39. 2
40. 3
41. 2
42. 2
43. 2
44. 3
45. 1
46. 2
47. 3
48. 4
49. 2
50. 2
51. 4
52. 2
53. 2
54. 2
55. 2
56. 2
57. 1
58. 4
59. 1
60. 8
61. 2
62. 2
63. 4
64. 3
65. 3
66. 3
67. 1
68. 2
69. 2
70. 1
71. 1
72. 3
73. 2
74. 2
75. 2
76. 1
77. 4
78. 2
79. 2
80. 2
81. 4
82. 2
83. 2
84. 2
85. 2
86. 1
87. 1
88. 3
89. 3
90. 3
91. 2
92. 2
93. 2
94. 2
95. 3
96. 2
97. 1
98. 1
99. 3
100. 2
101. 4
102. 2
103. 5
104. 2
105. 3
106. 2
107. 2
108. 2
109. 2
110. 2
111. 1
112. 2
113. 1
114. 1
115. 2
116. 2
117. 1
118. 1
119. 3
120. 2
121. 2
122. 3
123. 2
124. 2
125. 2
126. 1
127. 2
128. 2
129. 3
130. 2
131. 2
132. 2
133. 2
134. 2
135. 2
136. 4
137. 2
138. 2
139. 2
140. 4
141. 2
142. 1
143. 3
144. 3
145. 2
146. 3
147. 2
148. 3
149. 2
150. 3
151. 1
152. 2
153. 2
154. 2
155. 2
156. 1
157. 2
158. 2
159. 3
160. 2
161. 2
162. 3
163. 1
164. 2
165. 3
166. 3
167. 2
168. 3
169. 2
170. 2
171. 2
172. 2
173. 3
174. 1
175. 6
176. 2
177. 2
178. 2
179. 3
180. 2
181. 2
182. 2
183. 2
184. 2
185. 2
186. 3
187. 2
188. 2
189. 3
190. 2
191. 2
192. 2
193. 2
194. 2
195. 2
196. 2
197. 2
198. 5
199. 5
200. 4