3107.txt
1. 2
2. 3
3. 1
4. 1
5. 2
6. 1
7. 2
8. 4
9. 2
10. 5
11. 4
12. 1
13. 3
14. 3
15. 4
16. 4
17. 5
18. 2
19. 4
20. 2
21. 3
22. 3
23. 2
24. 3
25. 3
26. 3
27. 2
28. 2
29. 2
30. 4
31. 2
32. 1
33. 4
34. 2
35. 3
36. 2
37. 3
38. 2
39. 3
40. 2
41. 1
42. 3
43. 2
44. 3
45. 3
46. 6
47. 6
48. 3
49. 2
50. 3
51. 2
52. 2
53. 2
54. 1
55. 4
56. 3
57. 2
58. 3
59. 3
60. 2
61. 4
62. 2
63. 2
64. 2
65. 4
66. 3
67. 3
68. 3
69. 2
70. 2
71. 2
72. 4
73. 3
74. 3
75. 2
76. 2
77. 2
78. 3
79. 3
80. 3
81. 4
82. 3
83. 2
84. 2
85. 3
86. 4
87. 2
88. 3
89. 3
90. 8
91. 4
92. 2
93. 4
94. 2
95. 2
96. 2
97. 2
98. 4
99. 3
100. 2
101. 3
102. 2
103. 3
104. 2
105. 2
106. 2
107. 4
108. 1
109. 4
110. 2
111. 1
112. 2
113. 7
114. 3
115. 2
116. 2
117. 4
118. 7
119. 3
120. 1
121. 5
122. 3
123. 3
124. 3
125. 5
126. 2
127. 2
128. 2
129. 2
130. 3
131. 3
132. 3
133. 2
134. 2
135. 1
136. 2
137. 4
138. 2
139. 3
140. 4
141. 5
142. 3
143. 2
144. 2
145. 3
146. 2
147. 3
148. 2
149. 2
150. 2
151. 2
152. 3
153. 2
154. 3
155. 4
156. 2
157. 3
158. 2
159. 2
160. 3
161. 4
162. 2
163. 3
164. 3
165. 2
166. 3
167. 4
168. 2
169. 2
170. 5
171. 2
172. 2
173. 2
174. 3
175. 2
176. 3
177. 4
178. 2
179. 2
180. 4
181. 2
182. 2
183. 3
184. 3
185. 2
186. 5
187. 3
188. 4
189. 3
190. 4
191. 2
192. 2
193. 2
194. 3
195. 4
196. 3
197. 2
198. 4
199. 3
200. 3