3115.txt
1. 0
2. 4
3. 1
4. 0
5. 1
6. 0
7. 2
8. 0
9. 0
10. 0
11. 0
12. 3
13. 4
14. 3
15. 0
16. 2
17. 3
18. 4
19. 0
20. 2
21. 2
22. 2
23. 4
24. 2
25. 3
26. 0
27. 0
28. 0
29. 4
30. 0
31. 1
32. 2
33. 0
34. 0
35. 2
36. 0
37. 3
38. 2
39. 2
40. 0
41. 0
42. 0
43. 0
44. 2
45. 2
46. 2
47. 0
48. 1
49. 2
50. 2
51. 4
52. 0
53. 8
54. 2
55. 0
56. 3
57. 0
58. 0
59. 0
60. 3
61. 0
62. 0
63. 2
64. 0
65. 0
66. 0
67. 0
68. 3
69. 0
70. 2
71. 3
72. 0
73. 0
74. 0
75. 2
76. 3
77. 2
78. 0
79. 0
80. 0
81. 2
82. 0
83. 0
84. 0
85. 2
86. 0
87. 0
88. 3
89. 0
90. 3
91. 0
92. 0
93. 3
94. 2
95. 3
96. 2
97. 3
98. 0
99. 3
100. 3
101. 2
102. 0
103. 0
104. 2
105. 0
106. 0
107. 0
108. 2
109. 0
110. 3
111. 0
112. 3
113. 0
114. 0
115. 0
116. 2
117. 3
118. 2
119. 2
120. 0
121. 2
122. 0
123. 0
124. 0
125. 3
126. 0
127. 0
128. 0
129. 0
130. 0
131. 2
132. 0
133. 2
134. 0
135. 3
136. 0
137. 0
138. 0
139. 2
140. 0
141. 0
142. 2
143. 2
144. 3
145. 2
146. 2
147. 2
148. 2
149. 2
150. 0
151. 0
152. 0
153. 0
154. 2
155. 0
156. 3
157. 0
158. 0
159. 2
160. 2
161. 0
162. 5
163. 0
164. 0
165. 4
166. 2
167. 2
168. 0
169. 0
170. 0
171. 0
172. 0
173. 0
174. 2
175. 0
176. 3
177. 0
178. 0
179. 0
180. 0
181. 2
182. 3
183. 4
184. 0
185. 2
186. 0
187. 4
188. 0
189. 0
190. 3
191. 2
192. 0
193. 0
194. 2
195. 0
196. 0
197. 0
198. 0
199. 0
200. 2