3117.txt
1. 2
2. 1
3. 1
4. 3
5. 2
6. 4
7. 3
8. 2
9. 1
10. 2
11. 1
12. 1
13. 5
14. 2
15. 3
16. 3
17. 2
18. 1
19. 1
20. 3
21. 4
22. 1
23. 2
24. 5
25. 2
26. 2
27. 4
28. 3
29. 6
30. 3
31. 2
32. 2
33. 3
34. 2
35. 1
36. 3
37. 2
38. 2
39. 1
40. 3
41. 3
42. 3
43. 2
44. 2
45. 3
46. 1
47. 2
48. 1
49. 1
50. 3
51. 3
52. 1
53. 2
54. 1
55. 2
56. 1
57. 1
58. 3
59. 2
60. 2
61. 3
62. 3
63. 2
64. 3
65. 2
66. 3
67. 2
68. 4
69. 2
70. 2
71. 3
72. 2
73. 2
74. 2
75. 4
76. 2
77. 4
78. 2
79. 1
80. 3
81. 2
82. 4
83. 2
84. 3
85. 1
86. 1
87. 2
88. 4
89. 2
90. 3
91. 4
92. 4
93. 2
94. 2
95. 3
96. 1
97. 3
98. 3
99. 4
100. 2
101. 3
102. 2
103. 2
104. 2
105. 3
106. 5
107. 2
108. 1
109. 3
110. 2
111. 5
112. 3
113. 3
114. 2
115. 2
116. 2
117. 3
118. 1
119. 2
120. 2
121. 2
122. 2
123. 3
124. 2
125. 1
126. 3
127. 1
128. 2
129. 2
130. 1
131. 2
132. 1
133. 4
134. 2
135. 3
136. 3
137. 4
138. 3
139. 1
140. 1
141. 2
142. 3
143. 2
144. 4
145. 2
146. 3
147. 3
148. 2
149. 2
150. 3
151. 2
152. 3
153. 2
154. 2
155. 2
156. 2
157. 5
158. 2
159. 1
160. 3
161. 5
162. 2
163. 2
164. 4
165. 2
166. 2
167. 6
168. 3
169. 3
170. 4
171. 2
172. 2
173. 4
174. 2
175. 5
176. 1
177. 1
178. 4
179. 2
180. 1
181. 3
182. 2
183. 1
184. 3
185. 2
186. 2
187. 2
188. 2
189. 2
190. 2
191. 2
192. 2
193. 2
194. 4
195. 1
196. 2
197. 2
198. 2
199. 2
200. 3