3129.txt
1. 2
2. 1
3. 1
4. 3
5. 2
6. 1
7. 2
8. 4
9. 2
10. 5
11. 1
12. 0
13. 5
14. 6
15. 0
16. 4
17. 2
18. 4
19. 2
20. 3
21. 4
22. 3
23. 1
24. 1
25. 4
26. 4
27. 2
28. 3
29. 2
30. 1
31. 2
32. 2
33. 1
34. 1
35. 2
36. 2
37. 2
38. 1
39. 3
40. 2
41. 3
42. 3
43. 2
44. 4
45. 2
46. 2
47. 2
48. 1
49. 2
50. 4
51. 1
52. 3
53. 2
54. 2
55. 1
56. 2
57. 3
58. 2
59. 4
60. 2
61. 3
62. 3
63. 1
64. 3
65. 2
66. 2
67. 2
68. 3
69. 4
70. 1
71. 4
72. 2
73. 2
74. 1
75. 3
76. 2
77. 1
78. 2
79. 3
80. 2
81. 1
82. 1
83. 2
84. 2
85. 2
86. 1
87. 2
88. 4
89. 3
90. 2
91. 3
92. 2
93. 2
94. 3
95. 2
96. 1
97. 2
98. 4
99. 4
100. 8
101. 2
102. 1
103. 3
104. 2
105. 2
106. 3
107. 2
108. 3
109. 2
110. 3
111. 3
112. 3
113. 1
114. 3
115. 3
116. 1
117. 3
118. 2
119. 2
120. 1
121. 1
122. 1
123. 3
124. 3
125. 1
126. 2
127. 2
128. 2
129. 5
130. 2
131. 2
132. 2
133. 2
134. 2
135. 1
136. 2
137. 1
138. 2
139. 1
140. 3
141. 2
142. 3
143. 4
144. 2
145. 1
146. 2
147. 3
148. 2
149. 2
150. 1
151. 2
152. 1
153. 1
154. 2
155. 1
156. 2
157. 1
158. 3
159. 2
160. 2
161. 2
162. 1
163. 1
164. 3
165. 1
166. 2
167. 1
168. 1
169. 1
170. 3
171. 2
172. 2
173. 2
174. 3
175. 2
176. 3
177. 3
178. 2
179. 3
180. 3
181. 2
182. 2
183. 2
184. 2
185. 1
186. 3
187. 2
188. 1
189. 3
190. 2
191. 3
192. 3
193. 1
194. 4
195. 2
196. 2
197. 2
198. 2
199. 3
200. 3