3135.txt
1. 4
2. 1
3. 5
4. 3
5. 2
6. 2
7. 3
8. 2
9. 4
10. 4
11. 1
12. 1
13. 1
14. 4
15. 2
16. 3
17. 2
18. 2
19. 2
20. 3
21. 4
22. 3
23. 2
24. 3
25. 4
26. 2
27. 2
28. 2
29. 4
30. 4
31. 1
32. 2
33. 1
34. 2
35. 5
36. 2
37. 3
38. 2
39. 2
40. 4
41. 3
42. 3
43. 1
44. 2
45. 2
46. 1
47. 2
48. 1
49. 2
50. 3
51. 3
52. 2
53. 3
54. 4
55. 2
56. 2
57. 2
58. 2
59. 2
60. 3
61. 2
62. 2
63. 3
64. 1
65. 5
66. 4
67. 1
68. 2
69. 2
70. 3
71. 1
72. 2
73. 3
74. 3
75. 2
76. 3
77. 4
78. 1
79. 2
80. 4
81. 2
82. 1
83. 2
84. 3
85. 3
86. 2
87. 2
88. 3
89. 4
90. 2
91. 7
92. 2
93. 1
94. 3
95. 2
96. 2
97. 1
98. 2
99. 2
100. 1
101. 2
102. 3
103. 4
104. 2
105. 1
106. 1
107. 2
108. 2
109. 3
110. 2
111. 3
112. 4
113. 2
114. 3
115. 2
116. 2
117. 2
118. 4
119. 1
120. 2
121. 2
122. 3
123. 2
124. 3
125. 1
126. 2
127. 1
128. 4
129. 3
130. 4
131. 3
132. 2
133. 1
134. 2
135. 5
136. 2
137. 3
138. 1
139. 2
140. 3
141. 2
142. 1
143. 2
144. 3
145. 1
146. 3
147. 1
148. 2
149. 2
150. 2
151. 5
152. 3
153. 3
154. 1
155. 3
156. 1
157. 2
158. 3
159. 2
160. 2
161. 2
162. 2
163. 2
164. 4
165. 3
166. 2
167. 2
168. 3
169. 3
170. 3
171. 2
172. 2
173. 2
174. 2
175. 2
176. 5
177. 2
178. 2
179. 2
180. 3
181. 4
182. 3
183. 2
184. 1
185. 2
186. 3
187. 2
188. 3
189. 2
190. 2
191. 3
192. 2
193. 2
194. 2
195. 2
196. 3
197. 3
198. 2
199. 2
200. 2