3152.txt
1. 2
2. 1
3. 1
4. 2
5. 3
6. 1
7. 4
8. 5
9. 2
10. 6
11. 1
12. 5
13. 3
14. 3
15. 4
16. 2
17. 1
18. 2
19. 1
20. 1
21. 1
22. 3
23. 2
24. 2
25. 2
26. 3
27. 1
28. 2
29. 1
30. 1
31. 3
32. 6
33. 2
34. 2
35. 1
36. 2
37. 4
38. 3
39. 1
40. 3
41. 2
42. 2
43. 3
44. 2
45. 2
46. 2
47. 3
48. 2
49. 2
50. 2
51. 4
52. 2
53. 3
54. 3
55. 2
56. 1
57. 3
58. 2
59. 3
60. 2
61. 1
62. 2
63. 1
64. 2
65. 3
66. 7
67. 1
68. 4
69. 1
70. 2
71. 2
72. 2
73. 5
74. 3
75. 2
76. 3
77. 4
78. 2
79. 2
80. 3
81. 2
82. 3
83. 3
84. 4
85. 5
86. 3
87. 3
88. 2
89. 3
90. 4
91. 2
92. 3
93. 2
94. 2
95. 1
96. 3
97. 1
98. 3
99. 1
100. 3
101. 3
102. 4
103. 4
104. 3
105. 2
106. 3
107. 3
108. 2
109. 3
110. 3
111. 1
112. 3
113. 2
114. 2
115. 2
116. 2
117. 6
118. 3
119. 2
120. 3
121. 1
122. 1
123. 3
124. 2
125. 3
126. 1
127. 2
128. 5
129. 2
130. 1
131. 2
132. 3
133. 4
134. 2
135. 2
136. 1
137. 3
138. 3
139. 2
140. 2
141. 2
142. 3
143. 2
144. 3
145. 2
146. 2
147. 1
148. 4
149. 3
150. 2
151. 3
152. 2
153. 3
154. 2
155. 4
156. 6
157. 2
158. 4
159. 3
160. 2
161. 1
162. 3
163. 2
164. 3
165. 1
166. 3
167. 2
168. 5
169. 4
170. 2
171. 5
172. 2
173. 1
174. 5
175. 5
176. 2
177. 5
178. 5
179. 5
180. 2
181. 6
182. 3
183. 1
184. 3
185. 1
186. 2
187. 1
188. 1
189. 3
190. 1
191. 2
192. 2
193. 3
194. 4
195. 2
196. 2
197. 1
198. 1
199. 3
200. 2