3155.txt
1. 0
2. 3
3. 2
4. 0
5. 4
6. 1
7. 0
8. 1
9. 1
10. 3
11. 2
12. 3
13. 3
14. 0
15. 2
16. 0
17. 1
18. 1
19. 2
20. 2
21. 1
22. 0
23. 3
24. 3
25. 2
26. 0
27. 1
28. 2
29. 2
30. 0
31. 2
32. 0
33. 2
34. 0
35. 1
36. 0
37. 3
38. 2
39. 2
40. 3
41. 1
42. 3
43. 2
44. 3
45. 4
46. 4
47. 1
48. 0
49. 2
50. 0
51. 2
52. 1
53. 2
54. 2
55. 0
56. 4
57. 3
58. 3
59. 2
60. 4
61. 2
62. 1
63. 2
64. 2
65. 1
66. 2
67. 4
68. 2
69. 1
70. 3
71. 3
72. 1
73. 4
74. 0
75. 0
76. 0
77. 1
78. 1
79. 1
80. 0
81. 2
82. 0
83. 2
84. 2
85. 3
86. 2
87. 3
88. 1
89. 1
90. 0
91. 3
92. 2
93. 2
94. 3
95. 1
96. 1
97. 1
98. 1
99. 0
100. 3
101. 2
102. 0
103. 3
104. 0
105. 2
106. 0
107. 1
108. 0
109. 0
110. 1
111. 2
112. 2
113. 0
114. 2
115. 0
116. 2
117. 7
118. 2
119. 0
120. 2
121. 1
122. 2
123. 1
124. 3
125. 4
126. 2
127. 0
128. 1
129. 1
130. 2
131. 1
132. 1
133. 2
134. 1
135. 0
136. 2
137. 2
138. 0
139. 2
140. 2
141. 0
142. 3
143. 3
144. 1
145. 0
146. 2
147. 1
148. 3
149. 3
150. 3
151. 0
152. 1
153. 0
154. 2
155. 1
156. 0
157. 1
158. 1
159. 1
160. 0
161. 0
162. 1
163. 1
164. 3
165. 0
166. 3
167. 1
168. 3
169. 2
170. 2
171. 1
172. 1
173. 2
174. 5
175. 2
176. 2
177. 1
178. 1
179. 1
180. 2
181. 3
182. 2
183. 4
184. 0
185. 2
186. 0
187. 3
188. 2
189. 1
190. 2
191. 2
192. 1
193. 3
194. 3
195. 2
196. 1
197. 2
198. 2
199. 3
200. 2