3164.txt
1. 6
2. 4
3. 4
4. 1
5. 2
6. 4
7. 3
8. 6
9. 4
10. 3
11. 2
12. 1
13. 6
14. 7
15. 5
16. 3
17. 1
18. 4
19. 4
20. 1
21. 4
22. 7
23. 4
24. 3
25. 3
26. 3
27. 3
28. 8
29. 3
30. 5
31. 2
32. 2
33. 2
34. 3
35. 1
36. 8
37. 2
38. 2
39. 1
40. 4
41. 5
42. 1
43. 5
44. 1
45. 3
46. 2
47. 3
48. 3
49. 2
50. 3
51. 2
52. 2
53. 2
54. 2
55. 7
56. 2
57. 1
58. 2
59. 1
60. 4
61. 2
62. 3
63. 1
64. 2
65. 1
66. 2
67. 1
68. 4
69. 3
70. 6
71. 3
72. 2
73. 2
74. 3
75. 6
76. 5
77. 3
78. 3
79. 2
80. 3
81. 5
82. 2
83. 2
84. 5
85. 1
86. 3
87. 4
88. 3
89. 2
90. 2
91. 2
92. 3
93. 2
94. 2
95. 6
96. 2
97. 2
98. 2
99. 2
100. 3
101. 4
102. 2
103. 3
104. 1
105. 1
106. 2
107. 1
108. 1
109. 4
110. 5
111. 2
112. 1
113. 4
114. 4
115. 2
116. 3
117. 2
118. 1
119. 4
120. 3
121. 2
122. 2
123. 2
124. 1
125. 2
126. 2
127. 2
128. 7
129. 2
130. 3
131. 3
132. 2
133. 3
134. 1
135. 3
136. 2
137. 3
138. 4
139. 2
140. 1
141. 2
142. 2
143. 2
144. 2
145. 3
146. 4
147. 3
148. 4
149. 2
150. 4
151. 2
152. 4
153. 2
154. 5
155. 2
156. 6
157. 2
158. 2
159. 2
160. 5
161. 2
162. 2
163. 5
164. 3
165. 1
166. 2
167. 1
168. 1
169. 2
170. 7
171. 3
172. 2
173. 3
174. 5
175. 2
176. 3
177. 1
178. 6
179. 4
180. 1
181. 2
182. 2
183. 2
184. 2
185. 6
186. 3
187. 2
188. 2
189. 2
190. 2
191. 1
192. 2
193. 4
194. 3
195. 3
196. 1
197. 3
198. 2
199. 5
200. 4