3172.txt
1. 0
2. 3
3. 1
4. 2
5. 1
6. 0
7. 1
8. 0
9. 1
10. 0
11. 2
12. 1
13. 0
14. 1
15. 3
16. 2
17. 1
18. 2
19. 2
20. 0
21. 1
22. 4
23. 1
24. 2
25. 1
26. 2
27. 2
28. 1
29. 0
30. 1
31. 0
32. 2
33. 6
34. 0
35. 0
36. 2
37. 3
38. 4
39. 2
40. 1
41. 1
42. 2
43. 2
44. 1
45. 1
46. 2
47. 2
48. 2
49. 2
50. 0
51. 3
52. 3
53. 1
54. 3
55. 0
56. 1
57. 3
58. 2
59. 0
60. 1
61. 1
62. 2
63. 2
64. 3
65. 2
66. 1
67. 2
68. 0
69. 3
70. 0
71. 2
72. 1
73. 2
74. 1
75. 0
76. 1
77. 1
78. 0
79. 0
80. 1
81. 1
82. 1
83. 1
84. 1
85. 1
86. 0
87. 2
88. 4
89. 3
90. 1
91. 2
92. 1
93. 2
94. 1
95. 2
96. 3
97. 1
98. 2
99. 2
100. 2
101. 5
102. 1
103. 1
104. 0
105. 1
106. 1
107. 2
108. 1
109. 1
110. 0
111. 3
112. 0
113. 1
114. 0
115. 2
116. 1
117. 1
118. 0
119. 1
120. 1
121. 0
122. 0
123. 2
124. 1
125. 1
126. 1
127. 1
128. 2
129. 2
130. 0
131. 1
132. 2
133. 1
134. 1
135. 1
136. 1
137. 1
138. 1
139. 0
140. 2
141. 1
142. 1
143. 2
144. 3
145. 1
146. 1
147. 2
148. 0
149. 1
150. 0
151. 2
152. 1
153. 0
154. 3
155. 0
156. 2
157. 0
158. 1
159. 2
160. 1
161. 2
162. 0
163. 3
164. 1
165. 1
166. 1
167. 2
168. 0
169. 2
170. 1
171. 2
172. 1
173. 2
174. 1
175. 1
176. 1
177. 2
178. 1
179. 2
180. 2
181. 1
182. 2
183. 2
184. 1
185. 3
186. 2
187. 0
188. 0
189. 2
190. 1
191. 0
192. 0
193. 1
194. 2
195. 1
196. 2
197. 0
198. 1
199. 2
200. 2