3175.txt
1. 2
2. 3
3. 6
4. 3
5. 4
6. 1
7. 1
8. 2
9. 1
10. 4
11. 2
12. 1
13. 3
14. 2
15. 1
16. 3
17. 1
18. 2
19. 3
20. 2
21. 1
22. 1
23. 2
24. 3
25. 3
26. 2
27. 1
28. 1
29. 5
30. 2
31. 1
32. 2
33. 4
34. 2
35. 1
36. 2
37. 2
38. 4
39. 2
40. 2
41. 1
42. 2
43. 3
44. 1
45. 3
46. 2
47. 4
48. 1
49. 3
50. 3
51. 1
52. 1
53. 3
54. 2
55. 7
56. 1
57. 2
58. 2
59. 2
60. 2
61. 2
62. 2
63. 3
64. 2
65. 1
66. 2
67. 2
68. 2
69. 3
70. 2
71. 2
72. 4
73. 3
74. 2
75. 2
76. 5
77. 1
78. 1
79. 3
80. 1
81. 1
82. 1
83. 2
84. 1
85. 2
86. 2
87. 3
88. 1
89. 2
90. 2
91. 5
92. 3
93. 4
94. 3
95. 4
96. 1
97. 2
98. 1
99. 2
100. 3
101. 3
102. 4
103. 2
104. 1
105. 2
106. 2
107. 3
108. 2
109. 1
110. 4
111. 2
112. 2
113. 2
114. 3
115. 2
116. 2
117. 3
118. 2
119. 1
120. 2
121. 1
122. 4
123. 7
124. 2
125. 2
126. 2
127. 2
128. 2
129. 4
130. 2
131. 2
132. 4
133. 2
134. 2
135. 2
136. 1
137. 2
138. 2
139. 4
140. 2
141. 2
142. 2
143. 3
144. 2
145. 1
146. 2
147. 2
148. 1
149. 2
150. 3
151. 2
152. 1
153. 2
154. 4
155. 3
156. 2
157. 2
158. 1
159. 1
160. 2
161. 1
162. 3
163. 3
164. 2
165. 2
166. 4
167. 1
168. 2
169. 2
170. 1
171. 3
172. 3
173. 2
174. 4
175. 5
176. 3
177. 1
178. 2
179. 2
180. 2
181. 1
182. 2
183. 4
184. 1
185. 4
186. 2
187. 1
188. 2
189. 2
190. 4
191. 3
192. 2
193. 2
194. 2
195. 3
196. 6
197. 3
198. 2
199. 1
200. 2