3176.txt
1. 0
2. 1
3. 0
4. 2
5. 3
6. 2
7. 1
8. 4
9. 1
10. 1
11. 6
12. 1
13. 1
14. 1
15. 2
16. 3
17. 1
18. 1
19. 1
20. 1
21. 1
22. 1
23. 3
24. 1
25. 2
26. 1
27. 3
28. 3
29. 0
30. 1
31. 7
32. 1
33. 0
34. 1
35. 1
36. 1
37. 3
38. 0
39. 1
40. 1
41. 2
42. 1
43. 2
44. 2
45. 1
46. 1
47. 1
48. 3
49. 6
50. 3
51. 3
52. 1
53. 1
54. 1
55. 2
56. 2
57. 1
58. 0
59. 4
60. 2
61. 0
62. 2
63. 2
64. 3
65. 2
66. 3
67. 4
68. 2
69. 5
70. 2
71. 1
72. 3
73. 4
74. 3
75. 2
76. 1
77. 0
78. 1
79. 2
80. 2
81. 2
82. 1
83. 0
84. 2
85. 2
86. 2
87. 1
88. 2
89. 2
90. 1
91. 0
92. 1
93. 1
94. 1
95. 3
96. 3
97. 2
98. 1
99. 1
100. 2
101. 1
102. 2
103. 1
104. 2
105. 1
106. 2
107. 1
108. 2
109. 2
110. 2
111. 0
112. 2
113. 1
114. 3
115. 1
116. 2
117. 1
118. 2
119. 0
120. 2
121. 2
122. 2
123. 1
124. 3
125. 2
126. 1
127. 1
128. 1
129. 1
130. 3
131. 2
132. 1
133. 2
134. 2
135. 2
136. 2
137. 1
138. 1
139. 1
140. 2
141. 3
142. 1
143. 0
144. 0
145. 1
146. 0
147. 2
148. 1
149. 2
150. 1
151. 2
152. 1
153. 2
154. 1
155. 3
156. 1
157. 1
158. 2
159. 1
160. 2
161. 1
162. 1
163. 1
164. 2
165. 1
166. 2
167. 2
168. 2
169. 2
170. 2
171. 2
172. 3
173. 1
174. 1
175. 2
176. 2
177. 2
178. 2
179. 2
180. 1
181. 1
182. 2
183. 2
184. 1
185. 4
186. 1
187. 2
188. 2
189. 1
190. 1
191. 2
192. 2
193. 1
194. 2
195. 1
196. 2
197. 4
198. 2
199. 1
200. 2