3179.txt
1. 0
2. 3
3. 0
4. 1
5. 2
6. 0
7. 3
8. 2
9. 2
10. 1
11. 2
12. 1
13. 0
14. 7
15. 1
16. 2
17. 2
18. 3
19. 4
20. 3
21. 4
22. 2
23. 1
24. 0
25. 2
26. 1
27. 2
28. 2
29. 3
30. 1
31. 6
32. 3
33. 4
34. 0
35. 3
36. 3
37. 2
38. 2
39. 1
40. 3
41. 2
42. 2
43. 4
44. 1
45. 4
46. 1
47. 3
48. 2
49. 3
50. 5
51. 1
52. 0
53. 3
54. 1
55. 1
56. 2
57. 5
58. 2
59. 2
60. 4
61. 1
62. 2
63. 3
64. 2
65. 2
66. 2
67. 1
68. 2
69. 1
70. 5
71. 1
72. 2
73. 3
74. 2
75. 0
76. 2
77. 2
78. 2
79. 2
80. 2
81. 1
82. 2
83. 3
84. 3
85. 3
86. 2
87. 2
88. 3
89. 3
90. 1
91. 2
92. 2
93. 3
94. 2
95. 1
96. 4
97. 1
98. 2
99. 2
100. 1
101. 2
102. 3
103. 3
104. 2
105. 1
106. 2
107. 3
108. 1
109. 2
110. 2
111. 2
112. 2
113. 5
114. 2
115. 1
116. 3
117. 1
118. 2
119. 3
120. 2
121. 2
122. 2
123. 3
124. 3
125. 0
126. 2
127. 2
128. 2
129. 3
130. 2
131. 1
132. 2
133. 3
134. 2
135. 2
136. 1
137. 1
138. 5
139. 3
140. 2
141. 3
142. 1
143. 3
144. 2
145. 3
146. 2
147. 2
148. 1
149. 2
150. 3
151. 2
152. 2
153. 2
154. 3
155. 4
156. 1
157. 4
158. 3
159. 1
160. 2
161. 3
162. 3
163. 1
164. 4
165. 1
166. 2
167. 4
168. 2
169. 3
170. 0
171. 3
172. 4
173. 4
174. 1
175. 2
176. 2
177. 1
178. 3
179. 6
180. 1
181. 2
182. 1
183. 0
184. 2
185. 2
186. 3
187. 2
188. 3
189. 2
190. 1
191. 1
192. 2
193. 1
194. 2
195. 4
196. 3
197. 2
198. 2
199. 3
200. 3