319.txt
1. 0
2. 2
3. 4
4. 0
5. 1
6. 1
7. 3
8. 3
9. 4
10. 3
11. 1
12. 3
13. 2
14. 2
15. 0
16. 2
17. 2
18. 1
19. 1
20. 4
21. 2
22. 2
23. 1
24. 5
25. 2
26. 1
27. 0
28. 1
29. 2
30. 2
31. 3
32. 5
33. 4
34. 2
35. 1
36. 2
37. 3
38. 1
39. 2
40. 3
41. 1
42. 3
43. 1
44. 2
45. 2
46. 1
47. 1
48. 3
49. 2
50. 2
51. 3
52. 1
53. 2
54. 2
55. 4
56. 0
57. 1
58. 2
59. 3
60. 1
61. 2
62. 2
63. 3
64. 1
65. 2
66. 1
67. 2
68. 1
69. 1
70. 0
71. 2
72. 1
73. 5
74. 1
75. 2
76. 0
77. 2
78. 0
79. 3
80. 0
81. 2
82. 2
83. 2
84. 1
85. 3
86. 1
87. 0
88. 2
89. 2
90. 3
91. 1
92. 1
93. 1
94. 3
95. 3
96. 1
97. 1
98. 1
99. 0
100. 2
101. 2
102. 3
103. 1
104. 3
105. 4
106. 2
107. 1
108. 2
109. 4
110. 3
111. 1
112. 4
113. 1
114. 1
115. 3
116. 1
117. 0
118. 4
119. 1
120. 0
121. 3
122. 2
123. 4
124. 1
125. 1
126. 1
127. 1
128. 1
129. 1
130. 1
131. 2
132. 2
133. 2
134. 1
135. 2
136. 1
137. 1
138. 1
139. 3
140. 1
141. 1
142. 2
143. 2
144. 1
145. 2
146. 1
147. 2
148. 0
149. 2
150. 1
151. 2
152. 0
153. 4
154. 2
155. 4
156. 1
157. 2
158. 2
159. 3
160. 1
161. 2
162. 2
163. 1
164. 4
165. 1
166. 2
167. 3
168. 1
169. 3
170. 2
171. 0
172. 2
173. 2
174. 1
175. 2
176. 2
177. 3
178. 1
179. 1
180. 1
181. 2
182. 1
183. 1
184. 1
185. 3
186. 1
187. 2
188. 2
189. 0
190. 2
191. 0
192. 2
193. 1
194. 0
195. 2
196. 7
197. 1
198. 2
199. 3
200. 3