3193.txt
1. 2
2. 4
3. 0
4. 2
5. 1
6. 0
7. 0
8. 3
9. 1
10. 0
11. 0
12. 2
13. 3
14. 1
15. 0
16. 0
17. 0
18. 4
19. 2
20. 2
21. 0
22. 1
23. 6
24. 3
25. 4
26. 0
27. 0
28. 3
29. 3
30. 0
31. 3
32. 0
33. 0
34. 4
35. 2
36. 0
37. 3
38. 2
39. 4
40. 1
41. 4
42. 0
43. 3
44. 5
45. 0
46. 3
47. 0
48. 2
49. 3
50. 0
51. 5
52. 1
53. 2
54. 0
55. 0
56. 0
57. 0
58. 1
59. 2
60. 3
61. 3
62. 3
63. 2
64. 0
65. 0
66. 2
67. 0
68. 0
69. 2
70. 3
71. 0
72. 3
73. 0
74. 0
75. 2
76. 0
77. 2
78. 0
79. 2
80. 3
81. 0
82. 0
83. 0
84. 2
85. 2
86. 0
87. 0
88. 2
89. 1
90. 0
91. 2
92. 0
93. 1
94. 0
95. 2
96. 0
97. 2
98. 2
99. 0
100. 4
101. 0
102. 0
103. 0
104. 0
105. 0
106. 3
107. 0
108. 0
109. 3
110. 0
111. 0
112. 1
113. 0
114. 0
115. 0
116. 2
117. 2
118. 0
119. 2
120. 2
121. 0
122. 3
123. 0
124. 0
125. 0
126. 2
127. 2
128. 3
129. 0
130. 4
131. 3
132. 0
133. 0
134. 0
135. 4
136. 0
137. 0
138. 0
139. 0
140. 2
141. 3
142. 0
143. 0
144. 3
145. 0
146. 0
147. 3
148. 0
149. 0
150. 3
151. 2
152. 2
153. 5
154. 0
155. 0
156. 0
157. 0
158. 0
159. 0
160. 2
161. 4
162. 3
163. 3
164. 2
165. 0
166. 2
167. 3
168. 0
169. 0
170. 0
171. 0
172. 3
173. 7
174. 4
175. 3
176. 2
177. 0
178. 2
179. 0
180. 3
181. 0
182. 4
183. 4
184. 4
185. 0
186. 2
187. 2
188. 3
189. 0
190. 0
191. 0
192. 0
193. 0
194. 3
195. 2
196. 3
197. 0
198. 3
199. 2
200. 3