3200.txt
1. 2
2. 1
3. 3
4. 2
5. 8
6. 0
7. 3
8. 0
9. 1
10. 3
11. 1
12. 4
13. 2
14. 0
15. 1
16. 1
17. 1
18. 1
19. 3
20. 2
21. 1
22. 1
23. 1
24. 3
25. 0
26. 2
27. 1
28. 2
29. 1
30. 1
31. 2
32. 2
33. 1
34. 2
35. 1
36. 1
37. 2
38. 1
39. 1
40. 3
41. 1
42. 2
43. 2
44. 2
45. 1
46. 2
47. 0
48. 2
49. 2
50. 3
51. 2
52. 3
53. 3
54. 2
55. 4
56. 1
57. 3
58. 2
59. 6
60. 2
61. 1
62. 1
63. 2
64. 1
65. 2
66. 2
67. 3
68. 1
69. 4
70. 1
71. 1
72. 2
73. 1
74. 2
75. 0
76. 4
77. 2
78. 1
79. 1
80. 1
81. 2
82. 1
83. 3
84. 1
85. 4
86. 1
87. 2
88. 1
89. 2
90. 3
91. 2
92. 1
93. 2
94. 5
95. 1
96. 1
97. 1
98. 1
99. 2
100. 3
101. 1
102. 2
103. 1
104. 4
105. 2
106. 1
107. 1
108. 1
109. 1
110. 3
111. 4
112. 0
113. 1
114. 2
115. 4
116. 2
117. 2
118. 1
119. 1
120. 1
121. 1
122. 2
123. 1
124. 1
125. 1
126. 6
127. 2
128. 3
129. 1
130. 2
131. 1
132. 2
133. 3
134. 2
135. 2
136. 1
137. 4
138. 2
139. 4
140. 2
141. 2
142. 2
143. 1
144. 1
145. 2
146. 2
147. 2
148. 2
149. 3
150. 3
151. 2
152. 3
153. 1
154. 1
155. 1
156. 3
157. 2
158. 2
159. 1
160. 3
161. 2
162. 1
163. 1
164. 3
165. 1
166. 1
167. 3
168. 1
169. 1
170. 3
171. 2
172. 6
173. 2
174. 1
175. 1
176. 7
177. 2
178. 1
179. 3
180. 2
181. 1
182. 1
183. 1
184. 2
185. 6
186. 1
187. 1
188. 3
189. 3
190. 1
191. 0
192. 1
193. 2
194. 8
195. 1
196. 1
197. 1
198. 1
199. 2
200. 2