3204.txt
1. 0
2. 2
3. 7
4. 4
5. 3
6. 6
7. 1
8. 1
9. 1
10. 0
11. 4
12. 0
13. 2
14. 1
15. 3
16. 1
17. 1
18. 4
19. 2
20. 6
21. 2
22. 4
23. 2
24. 1
25. 1
26. 2
27. 2
28. 1
29. 0
30. 1
31. 1
32. 0
33. 1
34. 3
35. 2
36. 1
37. 0
38. 1
39. 2
40. 1
41. 0
42. 2
43. 3
44. 1
45. 3
46. 2
47. 1
48. 0
49. 4
50. 3
51. 0
52. 3
53. 2
54. 2
55. 2
56. 0
57. 3
58. 2
59. 2
60. 3
61. 1
62. 2
63. 3
64. 1
65. 4
66. 2
67. 3
68. 2
69. 1
70. 2
71. 2
72. 3
73. 7
74. 2
75. 1
76. 3
77. 2
78. 1
79. 2
80. 1
81. 3
82. 4
83. 1
84. 1
85. 1
86. 1
87. 1
88. 1
89. 2
90. 2
91. 1
92. 3
93. 3
94. 4
95. 5
96. 1
97. 2
98. 2
99. 3
100. 3
101. 4
102. 1
103. 4
104. 4
105. 1
106. 3
107. 1
108. 1
109. 0
110. 3
111. 2
112. 2
113. 1
114. 2
115. 2
116. 2
117. 2
118. 0
119. 1
120. 1
121. 2
122. 1
123. 2
124. 3
125. 1
126. 1
127. 3
128. 1
129. 2
130. 3
131. 1
132. 1
133. 1
134. 2
135. 2
136. 0
137. 3
138. 2
139. 2
140. 1
141. 2
142. 1
143. 4
144. 3
145. 3
146. 2
147. 8
148. 2
149. 1
150. 2
151. 1
152. 1
153. 2
154. 4
155. 1
156. 2
157. 2
158. 1
159. 4
160. 3
161. 2
162. 2
163. 1
164. 1
165. 2
166. 2
167. 1
168. 2
169. 1
170. 2
171. 3
172. 1
173. 2
174. 3
175. 2
176. 2
177. 2
178. 1
179. 2
180. 4
181. 2
182. 1
183. 3
184. 1
185. 2
186. 5
187. 2
188. 2
189. 4
190. 1
191. 2
192. 3
193. 2
194. 3
195. 3
196. 3
197. 3
198. 3
199. 1
200. 3