3209.txt
1. 1
2. 2
3. 1
4. 3
5. 6
6. 8
7. 1
8. 4
9. 5
10. 3
11. 2
12. 4
13. 2
14. 1
15. 2
16. 2
17. 3
18. 4
19. 2
20. 4
21. 1
22. 5
23. 4
24. 3
25. 2
26. 2
27. 2
28. 3
29. 1
30. 2
31. 1
32. 1
33. 1
34. 2
35. 1
36. 2
37. 2
38. 1
39. 2
40. 4
41. 1
42. 1
43. 3
44. 2
45. 1
46. 3
47. 5
48. 3
49. 1
50. 2
51. 4
52. 1
53. 4
54. 2
55. 2
56. 4
57. 3
58. 1
59. 1
60. 4
61. 1
62. 2
63. 1
64. 4
65. 2
66. 2
67. 2
68. 1
69. 1
70. 1
71. 2
72. 1
73. 2
74. 1
75. 2
76. 5
77. 1
78. 2
79. 2
80. 2
81. 1
82. 6
83. 2
84. 3
85. 3
86. 2
87. 2
88. 1
89. 4
90. 2
91. 3
92. 1
93. 1
94. 6
95. 5
96. 2
97. 2
98. 3
99. 2
100. 2
101. 2
102. 3
103. 3
104. 1
105. 2
106. 1
107. 2
108. 1
109. 1
110. 2
111. 2
112. 3
113. 2
114. 2
115. 9
116. 2
117. 4
118. 4
119. 2
120. 3
121. 2
122. 2
123. 4
124. 1
125. 3
126. 2
127. 3
128. 1
129. 3
130. 2
131. 1
132. 2
133. 2
134. 1
135. 2
136. 3
137. 5
138. 2
139. 2
140. 3
141. 2
142. 1
143. 3
144. 2
145. 1
146. 2
147. 2
148. 1
149. 2
150. 2
151. 3
152. 2
153. 2
154. 1
155. 3
156. 1
157. 3
158. 2
159. 2
160. 1
161. 2
162. 4
163. 2
164. 2
165. 2
166. 3
167. 2
168. 3
169. 2
170. 1
171. 4
172. 3
173. 2
174. 2
175. 2
176. 3
177. 2
178. 2
179. 3
180. 6
181. 2
182. 3
183. 1
184. 4
185. 6
186. 3
187. 1
188. 3
189. 2
190. 1
191. 2
192. 4
193. 2
194. 3
195. 2
196. 2
197. 2
198. 2
199. 3
200. 3