3215.txt
1. 3
2. 1
3. 1
4. 1
5. 4
6. 2
7. 2
8. 4
9. 2
10. 4
11. 3
12. 2
13. 1
14. 5
15. 2
16. 2
17. 2
18. 3
19. 3
20. 3
21. 1
22. 2
23. 7
24. 2
25. 3
26. 1
27. 2
28. 3
29. 2
30. 3
31. 2
32. 3
33. 2
34. 4
35. 2
36. 1
37. 2
38. 3
39. 2
40. 3
41. 2
42. 1
43. 2
44. 7
45. 2
46. 2
47. 2
48. 3
49. 3
50. 5
51. 4
52. 2
53. 1
54. 2
55. 2
56. 1
57. 2
58. 3
59. 6
60. 3
61. 1
62. 3
63. 4
64. 1
65. 2
66. 2
67. 3
68. 1
69. 4
70. 4
71. 2
72. 2
73. 4
74. 2
75. 4
76. 1
77. 3
78. 5
79. 2
80. 4
81. 2
82. 2
83. 1
84. 3
85. 1
86. 2
87. 3
88. 2
89. 4
90. 2
91. 2
92. 4
93. 2
94. 3
95. 3
96. 4
97. 3
98. 2
99. 5
100. 2
101. 2
102. 3
103. 4
104. 4
105. 4
106. 3
107. 3
108. 3
109. 2
110. 2
111. 2
112. 3
113. 1
114. 4
115. 6
116. 3
117. 2
118. 3
119. 2
120. 3
121. 2
122. 4
123. 1
124. 2
125. 3
126. 3
127. 3
128. 4
129. 3
130. 2
131. 1
132. 2
133. 2
134. 3
135. 3
136. 1
137. 4
138. 2
139. 2
140. 2
141. 2
142. 3
143. 3
144. 3
145. 2
146. 3
147. 2
148. 3
149. 2
150. 3
151. 3
152. 3
153. 4
154. 3
155. 3
156. 1
157. 3
158. 3
159. 5
160. 3
161. 2
162. 2
163. 3
164. 2
165. 6
166. 2
167. 2
168. 2
169. 3
170. 3
171. 2
172. 2
173. 7
174. 1
175. 2
176. 2
177. 3
178. 2
179. 3
180. 1
181. 2
182. 2
183. 2
184. 2
185. 4
186. 3
187. 3
188. 3
189. 2
190. 1
191. 2
192. 2
193. 2
194. 3
195. 6
196. 2
197. 3
198. 2
199. 4
200. 2