3221.txt
1. 7
2. 2
3. 4
4. 1
5. 3
6. 3
7. 5
8. 2
9. 3
10. 2
11. 5
12. 4
13. 2
14. 3
15. 2
16. 6
17. 2
18. 4
19. 3
20. 2
21. 6
22. 4
23. 4
24. 2
25. 3
26. 4
27. 2
28. 4
29. 3
30. 3
31. 2
32. 2
33. 3
34. 5
35. 2
36. 2
37. 4
38. 1
39. 2
40. 1
41. 1
42. 5
43. 3
44. 2
45. 2
46. 4
47. 3
48. 2
49. 5
50. 2
51. 2
52. 4
53. 5
54. 4
55. 2
56. 3
57. 1
58. 2
59. 3
60. 1
61. 3
62. 2
63. 3
64. 1
65. 5
66. 5
67. 3
68. 9
69. 4
70. 3
71. 3
72. 4
73. 1
74. 4
75. 2
76. 3
77. 2
78. 3
79. 1
80. 4
81. 2
82. 2
83. 3
84. 4
85. 5
86. 3
87. 3
88. 4
89. 2
90. 4
91. 2
92. 3
93. 3
94. 3
95. 3
96. 3
97. 2
98. 2
99. 3
100. 4
101. 2
102. 5
103. 2
104. 4
105. 2
106. 5
107. 3
108. 2
109. 4
110. 2
111. 3
112. 4
113. 5
114. 3
115. 2
116. 3
117. 2
118. 4
119. 4
120. 6
121. 1
122. 5
123. 3
124. 3
125. 4
126. 3
127. 2
128. 3
129. 6
130. 2
131. 2
132. 3
133. 2
134. 3
135. 3
136. 3
137. 2
138. 2
139. 2
140. 5
141. 5
142. 3
143. 2
144. 2
145. 2
146. 3
147. 3
148. 3
149. 3
150. 2
151. 3
152. 4
153. 5
154. 2
155. 4
156. 4
157. 2
158. 3
159. 1
160. 2
161. 5
162. 3
163. 4
164. 3
165. 2
166. 3
167. 3
168. 2
169. 2
170. 3
171. 4
172. 2
173. 3
174. 2
175. 2
176. 3
177. 3
178. 4
179. 4
180. 3
181. 6
182. 4
183. 2
184. 2
185. 3
186. 6
187. 2
188. 1
189. 3
190. 2
191. 2
192. 4
193. 2
194. 4
195. 3
196. 3
197. 4
198. 3
199. 2
200. 4