3222.txt
1. 7
2. 3
3. 2
4. 2
5. 1
6. 3
7. 2
8. 5
9. 3
10. 3
11. 4
12. 2
13. 1
14. 2
15. 2
16. 2
17. 3
18. 2
19. 3
20. 3
21. 2
22. 2
23. 1
24. 2
25. 2
26. 2
27. 3
28. 2
29. 3
30. 3
31. 3
32. 2
33. 3
34. 2
35. 2
36. 2
37. 3
38. 2
39. 3
40. 2
41. 2
42. 1
43. 5
44. 4
45. 4
46. 1
47. 2
48. 4
49. 3
50. 1
51. 2
52. 2
53. 3
54. 2
55. 3
56. 3
57. 1
58. 4
59. 3
60. 3
61. 2
62. 3
63. 2
64. 2
65. 2
66. 3
67. 1
68. 2
69. 3
70. 2
71. 2
72. 2
73. 1
74. 2
75. 2
76. 2
77. 3
78. 2
79. 2
80. 3
81. 3
82. 2
83. 1
84. 2
85. 3
86. 2
87. 2
88. 2
89. 4
90. 3
91. 3
92. 4
93. 3
94. 3
95. 2
96. 5
97. 2
98. 3
99. 2
100. 3
101. 3
102. 2
103. 1
104. 5
105. 3
106. 3
107. 2
108. 1
109. 3
110. 3
111. 2
112. 3
113. 2
114. 2
115. 2
116. 2
117. 1
118. 4
119. 1
120. 2
121. 7
122. 2
123. 3
124. 5
125. 2
126. 2
127. 2
128. 2
129. 3
130. 4
131. 2
132. 3
133. 2
134. 2
135. 3
136. 2
137. 1
138. 2
139. 4
140. 2
141. 3
142. 2
143. 3
144. 6
145. 3
146. 7
147. 3
148. 2
149. 3
150. 2
151. 2
152. 3
153. 2
154. 4
155. 2
156. 4
157. 2
158. 2
159. 3
160. 3
161. 2
162. 5
163. 2
164. 5
165. 1
166. 1
167. 2
168. 4
169. 4
170. 3
171. 2
172. 1
173. 3
174. 2
175. 2
176. 3
177. 2
178. 3
179. 2
180. 1
181. 5
182. 2
183. 2
184. 2
185. 2
186. 6
187. 3
188. 2
189. 2
190. 3
191. 3
192. 5
193. 2
194. 4
195. 2
196. 2
197. 4
198. 2
199. 3
200. 2