3224.txt
1. 3
2. 0
3. 1
4. 2
5. 2
6. 2
7. 4
8. 2
9. 4
10. 2
11. 2
12. 2
13. 2
14. 1
15. 0
16. 3
17. 0
18. 0
19. 3
20. 2
21. 3
22. 1
23. 2
24. 1
25. 1
26. 1
27. 1
28. 2
29. 1
30. 3
31. 2
32. 2
33. 3
34. 1
35. 1
36. 1
37. 3
38. 1
39. 1
40. 3
41. 0
42. 3
43. 1
44. 1
45. 3
46. 2
47. 4
48. 3
49. 1
50. 2
51. 1
52. 2
53. 4
54. 2
55. 0
56. 2
57. 1
58. 2
59. 1
60. 2
61. 2
62. 2
63. 1
64. 1
65. 2
66. 0
67. 1
68. 2
69. 2
70. 3
71. 1
72. 1
73. 0
74. 1
75. 1
76. 1
77. 1
78. 2
79. 2
80. 3
81. 1
82. 1
83. 6
84. 8
85. 1
86. 2
87. 1
88. 2
89. 1
90. 1
91. 1
92. 3
93. 2
94. 2
95. 3
96. 1
97. 1
98. 4
99. 2
100. 1
101. 1
102. 1
103. 1
104. 1
105. 2
106. 0
107. 1
108. 2
109. 3
110. 1
111. 2
112. 2
113. 2
114. 1
115. 2
116. 2
117. 1
118. 2
119. 3
120. 3
121. 1
122. 2
123. 1
124. 2
125. 1
126. 1
127. 2
128. 2
129. 2
130. 3
131. 2
132. 1
133. 2
134. 2
135. 1
136. 1
137. 2
138. 1
139. 7
140. 3
141. 3
142. 3
143. 2
144. 3
145. 2
146. 2
147. 2
148. 3
149. 3
150. 3
151. 1
152. 3
153. 0
154. 3
155. 1
156. 3
157. 2
158. 1
159. 2
160. 1
161. 1
162. 1
163. 4
164. 9
165. 2
166. 2
167. 2
168. 1
169. 1
170. 2
171. 2
172. 3
173. 1
174. 1
175. 8
176. 1
177. 1
178. 3
179. 1
180. 2
181. 4
182. 1
183. 2
184. 1
185. 1
186. 1
187. 1
188. 3
189. 1
190. 2
191. 2
192. 1
193. 1
194. 4
195. 1
196. 1
197. 1
198. 1
199. 2
200. 1