3226.txt
1. 0
2. 1
3. 0
4. 2
5. 4
6. 3
7. 2
8. 1
9. 0
10. 1
11. 3
12. 1
13. 1
14. 1
15. 5
16. 0
17. 2
18. 2
19. 2
20. 2
21. 4
22. 2
23. 2
24. 3
25. 1
26. 0
27. 3
28. 2
29. 3
30. 2
31. 1
32. 3
33. 3
34. 2
35. 1
36. 2
37. 1
38. 1
39. 3
40. 2
41. 1
42. 1
43. 2
44. 1
45. 4
46. 0
47. 3
48. 1
49. 2
50. 2
51. 5
52. 3
53. 3
54. 3
55. 1
56. 2
57. 2
58. 3
59. 3
60. 3
61. 1
62. 1
63. 2
64. 0
65. 2
66. 2
67. 0
68. 2
69. 1
70. 2
71. 2
72. 3
73. 1
74. 0
75. 2
76. 3
77. 3
78. 2
79. 2
80. 1
81. 2
82. 2
83. 0
84. 3
85. 2
86. 1
87. 1
88. 2
89. 1
90. 3
91. 0
92. 3
93. 2
94. 3
95. 3
96. 2
97. 1
98. 2
99. 2
100. 3
101. 3
102. 2
103. 1
104. 1
105. 1
106. 3
107. 2
108. 2
109. 1
110. 3
111. 2
112. 1
113. 4
114. 2
115. 2
116. 2
117. 1
118. 2
119. 2
120. 3
121. 2
122. 1
123. 0
124. 3
125. 3
126. 1
127. 1
128. 1
129. 2
130. 2
131. 1
132. 2
133. 2
134. 3
135. 1
136. 2
137. 2
138. 3
139. 2
140. 3
141. 1
142. 2
143. 2
144. 2
145. 5
146. 2
147. 3
148. 2
149. 2
150. 3
151. 0
152. 2
153. 3
154. 1
155. 2
156. 2
157. 2
158. 2
159. 3
160. 1
161. 2
162. 3
163. 2
164. 2
165. 3
166. 1
167. 4
168. 3
169. 2
170. 1
171. 2
172. 3
173. 2
174. 1
175. 2
176. 3
177. 2
178. 1
179. 3
180. 3
181. 2
182. 2
183. 2
184. 1
185. 1
186. 2
187. 3
188. 2
189. 2
190. 1
191. 2
192. 2
193. 1
194. 4
195. 2
196. 3
197. 4
198. 1
199. 2
200. 3