3231.txt
1. 3
2. 4
3. 0
4. 6
5. 2
6. 3
7. 2
8. 3
9. 4
10. 7
11. 2
12. 3
13. 1
14. 2
15. 1
16. 4
17. 2
18. 0
19. 4
20. 3
21. 1
22. 2
23. 1
24. 5
25. 3
26. 4
27. 3
28. 3
29. 2
30. 8
31. 4
32. 2
33. 5
34. 2
35. 3
36. 3
37. 1
38. 2
39. 2
40. 0
41. 4
42. 1
43. 0
44. 4
45. 3
46. 2
47. 3
48. 3
49. 4
50. 2
51. 2
52. 1
53. 2
54. 2
55. 1
56. 4
57. 1
58. 3
59. 7
60. 1
61. 3
62. 2
63. 3
64. 2
65. 1
66. 3
67. 3
68. 1
69. 5
70. 3
71. 3
72. 1
73. 2
74. 2
75. 2
76. 2
77. 1
78. 2
79. 3
80. 3
81. 3
82. 2
83. 1
84. 1
85. 1
86. 2
87. 3
88. 4
89. 3
90. 2
91. 1
92. 2
93. 2
94. 1
95. 3
96. 3
97. 1
98. 4
99. 2
100. 4
101. 2
102. 3
103. 2
104. 2
105. 4
106. 3
107. 3
108. 2
109. 3
110. 5
111. 7
112. 2
113. 3
114. 2
115. 2
116. 1
117. 5
118. 3
119. 2
120. 2
121. 1
122. 1
123. 2
124. 1
125. 3
126. 1
127. 4
128. 2
129. 2
130. 2
131. 2
132. 1
133. 3
134. 1
135. 2
136. 1
137. 3
138. 4
139. 2
140. 4
141. 3
142. 2
143. 5
144. 2
145. 3
146. 2
147. 2
148. 3
149. 1
150. 3
151. 1
152. 2
153. 3
154. 2
155. 2
156. 2
157. 2
158. 4
159. 4
160. 4
161. 5
162. 4
163. 2
164. 1
165. 4
166. 4
167. 2
168. 3
169. 2
170. 4
171. 3
172. 3
173. 1
174. 4
175. 2
176. 2
177. 2
178. 1
179. 3
180. 3
181. 1
182. 1
183. 1
184. 3
185. 3
186. 4
187. 2
188. 3
189. 5
190. 3
191. 2
192. 2
193. 3
194. 4
195. 3
196. 4
197. 4
198. 3
199. 6
200. 1