3242.txt
1. 2
2. 4
3. 1
4. 1
5. 0
6. 2
7. 1
8. 3
9. 2
10. 6
11. 7
12. 2
13. 4
14. 2
15. 5
16. 3
17. 2
18. 0
19. 4
20. 1
21. 5
22. 3
23. 2
24. 4
25. 1
26. 2
27. 2
28. 2
29. 1
30. 1
31. 3
32. 2
33. 4
34. 2
35. 2
36. 3
37. 3
38. 3
39. 1
40. 1
41. 3
42. 2
43. 2
44. 5
45. 4
46. 3
47. 1
48. 2
49. 5
50. 1
51. 2
52. 2
53. 2
54. 2
55. 3
56. 2
57. 2
58. 2
59. 3
60. 4
61. 1
62. 2
63. 1
64. 3
65. 3
66. 3
67. 1
68. 1
69. 2
70. 2
71. 1
72. 1
73. 3
74. 2
75. 1
76. 1
77. 1
78. 4
79. 4
80. 2
81. 1
82. 2
83. 2
84. 3
85. 3
86. 7
87. 2
88. 1
89. 3
90. 1
91. 1
92. 1
93. 3
94. 4
95. 2
96. 1
97. 2
98. 1
99. 2
100. 1
101. 2
102. 3
103. 2
104. 1
105. 3
106. 2
107. 2
108. 1
109. 2
110. 2
111. 2
112. 8
113. 1
114. 2
115. 2
116. 3
117. 2
118. 2
119. 2
120. 4
121. 2
122. 2
123. 1
124. 2
125. 2
126. 4
127. 2
128. 2
129. 1
130. 3
131. 1
132. 6
133. 2
134. 2
135. 5
136. 1
137. 2
138. 3
139. 2
140. 3
141. 2
142. 1
143. 1
144. 1
145. 4
146. 3
147. 1
148. 1
149. 1
150. 5
151. 3
152. 4
153. 2
154. 4
155. 2
156. 1
157. 2
158. 1
159. 2
160. 2
161. 5
162. 2
163. 2
164. 2
165. 1
166. 2
167. 2
168. 5
169. 2
170. 2
171. 1
172. 2
173. 4
174. 1
175. 1
176. 2
177. 4
178. 2
179. 5
180. 1
181. 2
182. 2
183. 3
184. 3
185. 4
186. 2
187. 2
188. 1
189. 2
190. 3
191. 1
192. 7
193. 0
194. 1
195. 1
196. 2
197. 2
198. 3
199. 3
200. 3