3250.txt
1. 0
2. 4
3. 0
4. 3
5. 1
6. 1
7. 0
8. 2
9. 0
10. 1
11. 2
12. 3
13. 1
14. 1
15. 0
16. 2
17. 0
18. 0
19. 2
20. 0
21. 1
22. 2
23. 2
24. 2
25. 0
26. 2
27. 5
28. 2
29. 2
30. 0
31. 3
32. 0
33. 4
34. 1
35. 3
36. 3
37. 1
38. 4
39. 1
40. 0
41. 2
42. 1
43. 2
44. 2
45. 1
46. 3
47. 2
48. 0
49. 0
50. 1
51. 2
52. 0
53. 2
54. 0
55. 2
56. 0
57. 0
58. 2
59. 0
60. 1
61. 1
62. 1
63. 2
64. 4
65. 1
66. 1
67. 0
68. 1
69. 0
70. 2
71. 3
72. 0
73. 0
74. 2
75. 1
76. 3
77. 0
78. 0
79. 2
80. 3
81. 2
82. 2
83. 0
84. 2
85. 3
86. 0
87. 2
88. 3
89. 1
90. 1
91. 2
92. 1
93. 0
94. 2
95. 0
96. 1
97. 0
98. 2
99. 3
100. 0
101. 1
102. 2
103. 4
104. 2
105. 0
106. 3
107. 0
108. 2
109. 0
110. 3
111. 1
112. 0
113. 1
114. 0
115. 2
116. 0
117. 2
118. 0
119. 2
120. 0
121. 0
122. 0
123. 1
124. 1
125. 7
126. 0
127. 0
128. 2
129. 2
130. 4
131. 1
132. 10
133. 0
134. 0
135. 2
136. 2
137. 0
138. 6
139. 1
140. 0
141. 2
142. 0
143. 1
144. 0
145. 3
146. 0
147. 0
148. 0
149. 3
150. 2
151. 2
152. 2
153. 1
154. 2
155. 2
156. 3
157. 0
158. 0
159. 0
160. 1
161. 1
162. 1
163. 1
164. 0
165. 0
166. 4
167. 0
168. 0
169. 2
170. 0
171. 3
172. 2
173. 1
174. 2
175. 2
176. 1
177. 0
178. 1
179. 0
180. 0
181. 2
182. 3
183. 0
184. 1
185. 0
186. 2
187. 1
188. 2
189. 4
190. 0
191. 3
192. 1
193. 2
194. 0
195. 1
196. 0
197. 1
198. 1
199. 0
200. 1