3257.txt
1. 0
2. 4
3. 1
4. 1
5. 3
6. 2
7. 1
8. 3
9. 4
10. 1
11. 2
12. 1
13. 1
14. 1
15. 2
16. 2
17. 2
18. 6
19. 7
20. 0
21. 2
22. 3
23. 1
24. 0
25. 2
26. 3
27. 1
28. 0
29. 1
30. 2
31. 1
32. 2
33. 2
34. 2
35. 1
36. 3
37. 2
38. 2
39. 3
40. 1
41. 1
42. 1
43. 2
44. 2
45. 1
46. 1
47. 1
48. 2
49. 0
50. 3
51. 1
52. 3
53. 2
54. 2
55. 1
56. 1
57. 1
58. 2
59. 1
60. 1
61. 2
62. 1
63. 8
64. 2
65. 1
66. 2
67. 0
68. 2
69. 2
70. 3
71. 0
72. 2
73. 3
74. 1
75. 2
76. 1
77. 1
78. 1
79. 1
80. 1
81. 1
82. 2
83. 1
84. 3
85. 2
86. 1
87. 2
88. 1
89. 2
90. 0
91. 1
92. 2
93. 0
94. 1
95. 2
96. 3
97. 3
98. 2
99. 2
100. 2
101. 1
102. 1
103. 2
104. 3
105. 3
106. 2
107. 2
108. 1
109. 1
110. 2
111. 2
112. 2
113. 1
114. 2
115. 1
116. 1
117. 2
118. 2
119. 2
120. 2
121. 0
122. 2
123. 2
124. 5
125. 1
126. 2
127. 2
128. 3
129. 2
130. 2
131. 2
132. 2
133. 2
134. 1
135. 0
136. 2
137. 2
138. 1
139. 2
140. 1
141. 7
142. 2
143. 1
144. 1
145. 2
146. 0
147. 2
148. 1
149. 0
150. 0
151. 1
152. 0
153. 0
154. 2
155. 4
156. 2
157. 4
158. 1
159. 1
160. 3
161. 1
162. 1
163. 1
164. 2
165. 1
166. 3
167. 1
168. 2
169. 2
170. 3
171. 2
172. 1
173. 2
174. 1
175. 3
176. 1
177. 1
178. 2
179. 2
180. 2
181. 1
182. 1
183. 2
184. 2
185. 0
186. 2
187. 1
188. 3
189. 2
190. 2
191. 0
192. 3
193. 3
194. 3
195. 1
196. 2
197. 2
198. 2
199. 1
200. 2