3267.txt
1. 6
2. 2
3. 1
4. 4
5. 2
6. 1
7. 2
8. 2
9. 3
10. 1
11. 7
12. 2
13. 8
14. 2
15. 1
16. 2
17. 7
18. 1
19. 3
20. 3
21. 3
22. 3
23. 1
24. 2
25. 3
26. 6
27. 1
28. 4
29. 1
30. 2
31. 4
32. 1
33. 1
34. 3
35. 2
36. 3
37. 2
38. 4
39. 3
40. 3
41. 2
42. 5
43. 1
44. 4
45. 2
46. 5
47. 3
48. 3
49. 4
50. 3
51. 4
52. 3
53. 3
54. 3
55. 2
56. 3
57. 3
58. 2
59. 2
60. 3
61. 4
62. 2
63. 3
64. 2
65. 2
66. 3
67. 2
68. 3
69. 2
70. 2
71. 2
72. 2
73. 1
74. 2
75. 3
76. 3
77. 1
78. 6
79. 2
80. 2
81. 3
82. 1
83. 2
84. 2
85. 1
86. 2
87. 2
88. 2
89. 3
90. 2
91. 3
92. 3
93. 5
94. 2
95. 3
96. 2
97. 4
98. 2
99. 5
100. 3
101. 3
102. 3
103. 5
104. 2
105. 2
106. 3
107. 2
108. 3
109. 3
110. 1
111. 2
112. 3
113. 2
114. 2
115. 2
116. 2
117. 2
118. 5
119. 3
120. 1
121. 3
122. 3
123. 2
124. 2
125. 1
126. 2
127. 4
128. 2
129. 2
130. 2
131. 2
132. 3
133. 3
134. 2
135. 2
136. 3
137. 3
138. 2
139. 3
140. 1
141. 4
142. 2
143. 2
144. 2
145. 1
146. 3
147. 8
148. 2
149. 3
150. 3
151. 2
152. 3
153. 3
154. 2
155. 2
156. 2
157. 2
158. 2
159. 2
160. 2
161. 1
162. 2
163. 2
164. 7
165. 2
166. 2
167. 3
168. 2
169. 2
170. 2
171. 2
172. 3
173. 3
174. 2
175. 2
176. 2
177. 6
178. 4
179. 2
180. 5
181. 2
182. 3
183. 2
184. 3
185. 3
186. 2
187. 3
188. 3
189. 1
190. 2
191. 1
192. 1
193. 3
194. 1
195. 2
196. 3
197. 2
198. 4
199. 2
200. 2