3269.txt
1. 8
2. 2
3. 5
4. 2
5. 2
6. 1
7. 0
8. 4
9. 1
10. 1
11. 2
12. 1
13. 1
14. 1
15. 6
16. 3
17. 3
18. 1
19. 2
20. 1
21. 4
22. 3
23. 2
24. 2
25. 4
26. 2
27. 1
28. 2
29. 4
30. 2
31. 1
32. 3
33. 1
34. 2
35. 3
36. 3
37. 3
38. 4
39. 1
40. 4
41. 2
42. 1
43. 2
44. 1
45. 3
46. 4
47. 2
48. 2
49. 3
50. 1
51. 2
52. 1
53. 3
54. 3
55. 3
56. 2
57. 5
58. 3
59. 2
60. 4
61. 1
62. 2
63. 2
64. 4
65. 3
66. 1
67. 2
68. 2
69. 2
70. 2
71. 2
72. 3
73. 2
74. 3
75. 3
76. 1
77. 2
78. 1
79. 1
80. 4
81. 2
82. 3
83. 3
84. 2
85. 3
86. 3
87. 1
88. 2
89. 2
90. 3
91. 2
92. 2
93. 2
94. 5
95. 1
96. 2
97. 1
98. 2
99. 4
100. 3
101. 4
102. 4
103. 2
104. 2
105. 1
106. 2
107. 2
108. 1
109. 2
110. 2
111. 3
112. 2
113. 1
114. 2
115. 2
116. 2
117. 2
118. 2
119. 3
120. 5
121. 2
122. 2
123. 2
124. 2
125. 1
126. 2
127. 3
128. 2
129. 1
130. 2
131. 2
132. 3
133. 2
134. 3
135. 1
136. 3
137. 1
138. 2
139. 2
140. 2
141. 2
142. 1
143. 1
144. 1
145. 2
146. 3
147. 2
148. 1
149. 2
150. 1
151. 1
152. 5
153. 2
154. 3
155. 6
156. 2
157. 2
158. 2
159. 3
160. 4
161. 3
162. 2
163. 3
164. 3
165. 3
166. 2
167. 1
168. 2
169. 2
170. 1
171. 2
172. 2
173. 5
174. 3
175. 2
176. 2
177. 2
178. 3
179. 1
180. 2
181. 4
182. 3
183. 2
184. 2
185. 1
186. 2
187. 7
188. 4
189. 2
190. 1
191. 3
192. 2
193. 1
194. 2
195. 3
196. 3
197. 2
198. 1
199. 5
200. 3