3276.txt
1. 2
2. 1
3. 2
4. 5
5. 1
6. 6
7. 3
8. 2
9. 2
10. 3
11. 1
12. 1
13. 4
14. 1
15. 4
16. 3
17. 2
18. 6
19. 4
20. 3
21. 2
22. 4
23. 4
24. 2
25. 3
26. 2
27. 1
28. 4
29. 4
30. 3
31. 2
32. 3
33. 2
34. 6
35. 4
36. 1
37. 2
38. 1
39. 2
40. 2
41. 1
42. 1
43. 1
44. 4
45. 3
46. 2
47. 1
48. 2
49. 3
50. 2
51. 2
52. 4
53. 3
54. 2
55. 3
56. 1
57. 3
58. 2
59. 2
60. 1
61. 5
62. 2
63. 2
64. 3
65. 5
66. 4
67. 2
68. 1
69. 4
70. 3
71. 3
72. 3
73. 3
74. 2
75. 2
76. 3
77. 4
78. 3
79. 1
80. 3
81. 2
82. 2
83. 3
84. 1
85. 4
86. 1
87. 3
88. 2
89. 2
90. 3
91. 2
92. 3
93. 2
94. 3
95. 4
96. 5
97. 1
98. 2
99. 3
100. 1
101. 3
102. 1
103. 1
104. 1
105. 3
106. 1
107. 2
108. 3
109. 4
110. 3
111. 3
112. 3
113. 2
114. 1
115. 5
116. 2
117. 3
118. 4
119. 1
120. 2
121. 1
122. 3
123. 2
124. 1
125. 2
126. 2
127. 1
128. 2
129. 2
130. 3
131. 5
132. 3
133. 2
134. 2
135. 4
136. 3
137. 2
138. 3
139. 4
140. 6
141. 2
142. 4
143. 2
144. 2
145. 2
146. 3
147. 1
148. 2
149. 1
150. 2
151. 4
152. 2
153. 2
154. 4
155. 2
156. 2
157. 3
158. 2
159. 2
160. 3
161. 1
162. 3
163. 2
164. 1
165. 2
166. 4
167. 2
168. 3
169. 2
170. 4
171. 1
172. 3
173. 2
174. 3
175. 2
176. 3
177. 2
178. 2
179. 2
180. 2
181. 2
182. 1
183. 2
184. 1
185. 2
186. 2
187. 1
188. 3
189. 3
190. 2
191. 4
192. 3
193. 2
194. 1
195. 2
196. 1
197. 3
198. 2
199. 3
200. 2