3277.txt
1. 2
2. 3
3. 1
4. 4
5. 2
6. 1
7. 2
8. 2
9. 3
10. 1
11. 2
12. 1
13. 4
14. 6
15. 2
16. 2
17. 3
18. 2
19. 3
20. 9
21. 3
22. 2
23. 5
24. 2
25. 3
26. 1
27. 2
28. 6
29. 2
30. 2
31. 2
32. 4
33. 2
34. 2
35. 1
36. 1
37. 2
38. 4
39. 2
40. 2
41. 1
42. 1
43. 2
44. 1
45. 3
46. 3
47. 2
48. 2
49. 1
50. 1
51. 2
52. 2
53. 1
54. 3
55. 3
56. 5
57. 2
58. 2
59. 2
60. 1
61. 7
62. 2
63. 2
64. 1
65. 3
66. 2
67. 2
68. 3
69. 1
70. 2
71. 2
72. 3
73. 3
74. 3
75. 1
76. 1
77. 2
78. 4
79. 1
80. 2
81. 1
82. 2
83. 3
84. 3
85. 2
86. 2
87. 3
88. 6
89. 4
90. 2
91. 2
92. 7
93. 3
94. 4
95. 2
96. 4
97. 2
98. 5
99. 2
100. 3
101. 5
102. 3
103. 2
104. 4
105. 2
106. 3
107. 2
108. 2
109. 3
110. 2
111. 1
112. 2
113. 4
114. 1
115. 1
116. 7
117. 2
118. 2
119. 3
120. 5
121. 4
122. 2
123. 3
124. 2
125. 7
126. 3
127. 2
128. 2
129. 2
130. 2
131. 2
132. 4
133. 2
134. 2
135. 2
136. 6
137. 1
138. 2
139. 3
140. 2
141. 4
142. 2
143. 2
144. 2
145. 2
146. 3
147. 2
148. 3
149. 2
150. 2
151. 1
152. 3
153. 5
154. 2
155. 2
156. 3
157. 2
158. 2
159. 2
160. 2
161. 3
162. 2
163. 3
164. 2
165. 6
166. 2
167. 3
168. 3
169. 2
170. 1
171. 3
172. 2
173. 3
174. 2
175. 3
176. 3
177. 7
178. 2
179. 3
180. 3
181. 3
182. 2
183. 4
184. 2
185. 2
186. 1
187. 2
188. 3
189. 3
190. 2
191. 3
192. 2
193. 3
194. 5
195. 2
196. 6
197. 2
198. 2
199. 2
200. 3