3286.txt
1. 0
2. 1
3. 0
4. 2
5. 2
6. 0
7. 3
8. 3
9. 3
10. 0
11. 2
12. 0
13. 1
14. 4
15. 0
16. 2
17. 0
18. 2
19. 7
20. 2
21. 4
22. 1
23. 0
24. 4
25. 2
26. 1
27. 0
28. 3
29. 2
30. 0
31. 6
32. 1
33. 3
34. 1
35. 0
36. 4
37. 0
38. 0
39. 1
40. 3
41. 0
42. 0
43. 3
44. 1
45. 1
46. 5
47. 0
48. 2
49. 0
50. 3
51. 2
52. 2
53. 3
54. 0
55. 2
56. 1
57. 1
58. 0
59. 1
60. 1
61. 3
62. 0
63. 2
64. 1
65. 0
66. 1
67. 2
68. 0
69. 0
70. 2
71. 1
72. 0
73. 4
74. 0
75. 1
76. 2
77. 4
78. 0
79. 1
80. 1
81. 0
82. 1
83. 1
84. 2
85. 0
86. 1
87. 1
88. 2
89. 1
90. 3
91. 0
92. 7
93. 1
94. 0
95. 0
96. 1
97. 2
98. 2
99. 3
100. 2
101. 2
102. 2
103. 3
104. 2
105. 0
106. 2
107. 0
108. 3
109. 2
110. 1
111. 1
112. 0
113. 3
114. 0
115. 1
116. 0
117. 1
118. 1
119. 5
120. 4
121. 1
122. 1
123. 4
124. 0
125. 1
126. 3
127. 2
128. 0
129. 2
130. 6
131. 1
132. 3
133. 6
134. 2
135. 0
136. 3
137. 0
138. 0
139. 1
140. 0
141. 0
142. 1
143. 2
144. 1
145. 3
146. 4
147. 0
148. 4
149. 6
150. 3
151. 0
152. 1
153. 1
154. 4
155. 2
156. 2
157. 0
158. 1
159. 3
160. 4
161. 1
162. 1
163. 1
164. 1
165. 4
166. 4
167. 0
168. 0
169. 3
170. 1
171. 1
172. 0
173. 3
174. 2
175. 2
176. 1
177. 2
178. 1
179. 0
180. 2
181. 4
182. 1
183. 3
184. 2
185. 4
186. 1
187. 3
188. 5
189. 3
190. 2
191. 3
192. 1
193. 2
194. 0
195. 2
196. 0
197. 3
198. 3
199. 1
200. 2