3287.txt
1. 2
2. 1
3. 0
4. 3
5. 1
6. 2
7. 1
8. 2
9. 4
10. 3
11. 1
12. 4
13. 2
14. 0
15. 7
16. 2
17. 2
18. 2
19. 3
20. 1
21. 3
22. 1
23. 3
24. 2
25. 3
26. 3
27. 2
28. 1
29. 4
30. 1
31. 2
32. 1
33. 2
34. 1
35. 1
36. 1
37. 1
38. 4
39. 5
40. 3
41. 3
42. 2
43. 1
44. 3
45. 2
46. 3
47. 2
48. 3
49. 1
50. 3
51. 3
52. 2
53. 1
54. 6
55. 3
56. 2
57. 1
58. 2
59. 1
60. 2
61. 3
62. 1
63. 2
64. 1
65. 4
66. 3
67. 2
68. 2
69. 0
70. 2
71. 2
72. 2
73. 2
74. 1
75. 2
76. 2
77. 6
78. 4
79. 1
80. 7
81. 2
82. 2
83. 2
84. 4
85. 2
86. 2
87. 1
88. 6
89. 1
90. 2
91. 2
92. 4
93. 2
94. 2
95. 2
96. 4
97. 1
98. 2
99. 5
100. 3
101. 0
102. 3
103. 3
104. 2
105. 4
106. 3
107. 1
108. 2
109. 3
110. 1
111. 3
112. 2
113. 3
114. 1
115. 4
116. 2
117. 2
118. 4
119. 2
120. 2
121. 1
122. 7
123. 3
124. 3
125. 2
126. 2
127. 2
128. 2
129. 2
130. 4
131. 1
132. 1
133. 2
134. 3
135. 2
136. 2
137. 5
138. 2
139. 2
140. 2
141. 2
142. 1
143. 3
144. 4
145. 2
146. 3
147. 1
148. 2
149. 3
150. 2
151. 3
152. 3
153. 2
154. 2
155. 3
156. 3
157. 2
158. 2
159. 2
160. 2
161. 2
162. 3
163. 2
164. 3
165. 1
166. 3
167. 1
168. 3
169. 2
170. 3
171. 4
172. 2
173. 2
174. 2
175. 1
176. 2
177. 1
178. 2
179. 3
180. 4
181. 2
182. 3
183. 3
184. 3
185. 2
186. 1
187. 2
188. 1
189. 2
190. 3
191. 3
192. 1
193. 3
194. 2
195. 4
196. 2
197. 6
198. 2
199. 2
200. 4