3300.txt
1. 2
2. 1
3. 2
4. 0
5. 1
6. 1
7. 3
8. 3
9. 0
10. 1
11. 0
12. 2
13. 1
14. 3
15. 1
16. 2
17. 1
18. 3
19. 1
20. 2
21. 4
22. 1
23. 3
24. 2
25. 4
26. 3
27. 1
28. 1
29. 4
30. 2
31. 2
32. 4
33. 6
34. 7
35. 2
36. 2
37. 3
38. 1
39. 2
40. 2
41. 2
42. 2
43. 2
44. 1
45. 1
46. 2
47. 3
48. 3
49. 2
50. 3
51. 7
52. 1
53. 2
54. 3
55. 2
56. 1
57. 3
58. 4
59. 1
60. 5
61. 1
62. 1
63. 3
64. 3
65. 1
66. 3
67. 1
68. 4
69. 2
70. 1
71. 2
72. 3
73. 2
74. 2
75. 2
76. 2
77. 2
78. 2
79. 2
80. 4
81. 2
82. 2
83. 1
84. 4
85. 1
86. 1
87. 2
88. 2
89. 2
90. 2
91. 2
92. 7
93. 2
94. 1
95. 1
96. 1
97. 2
98. 3
99. 3
100. 1
101. 2
102. 3
103. 2
104. 4
105. 1
106. 1
107. 2
108. 1
109. 2
110. 2
111. 5
112. 3
113. 5
114. 1
115. 3
116. 5
117. 2
118. 2
119. 3
120. 1
121. 1
122. 1
123. 6
124. 2
125. 2
126. 2
127. 2
128. 2
129. 1
130. 1
131. 1
132. 1
133. 2
134. 3
135. 6
136. 4
137. 2
138. 2
139. 1
140. 2
141. 3
142. 4
143. 1
144. 2
145. 3
146. 1
147. 4
148. 2
149. 2
150. 2
151. 1
152. 2
153. 2
154. 2
155. 3
156. 2
157. 1
158. 5
159. 1
160. 2
161. 1
162. 1
163. 5
164. 1
165. 2
166. 1
167. 4
168. 1
169. 1
170. 1
171. 1
172. 3
173. 4
174. 1
175. 3
176. 2
177. 3
178. 2
179. 2
180. 1
181. 3
182. 1
183. 2
184. 2
185. 3
186. 4
187. 1
188. 1
189. 1
190. 1
191. 3
192. 2
193. 1
194. 3
195. 2
196. 3
197. 1
198. 2
199. 4
200. 5