3301.txt
1. 0
2. 2
3. 0
4. 0
5. 3
6. 1
7. 4
8. 0
9. 7
10. 1
11. 0
12. 2
13. 1
14. 1
15. 2
16. 2
17. 1
18. 1
19. 1
20. 6
21. 3
22. 2
23. 1
24. 2
25. 1
26. 2
27. 1
28. 0
29. 2
30. 1
31. 0
32. 1
33. 0
34. 0
35. 2
36. 1
37. 4
38. 3
39. 0
40. 2
41. 2
42. 1
43. 0
44. 2
45. 2
46. 0
47. 0
48. 0
49. 0
50. 1
51. 0
52. 0
53. 1
54. 2
55. 0
56. 1
57. 3
58. 1
59. 2
60. 1
61. 2
62. 2
63. 0
64. 2
65. 0
66. 1
67. 2
68. 0
69. 2
70. 2
71. 1
72. 2
73. 3
74. 1
75. 3
76. 0
77. 1
78. 4
79. 0
80. 0
81. 0
82. 1
83. 2
84. 0
85. 0
86. 1
87. 0
88. 1
89. 3
90. 1
91. 3
92. 4
93. 2
94. 2
95. 4
96. 0
97. 3
98. 0
99. 0
100. 2
101. 3
102. 0
103. 0
104. 2
105. 4
106. 1
107. 0
108. 0
109. 0
110. 3
111. 0
112. 0
113. 0
114. 0
115. 2
116. 3
117. 2
118. 2
119. 1
120. 0
121. 0
122. 1
123. 1
124. 0
125. 0
126. 0
127. 3
128. 0
129. 0
130. 0
131. 2
132. 0
133. 2
134. 0
135. 2
136. 0
137. 0
138. 1
139. 4
140. 0
141. 0
142. 0
143. 5
144. 2
145. 0
146. 1
147. 2
148. 1
149. 0
150. 0
151. 3
152. 0
153. 1
154. 1
155. 0
156. 3
157. 2
158. 0
159. 3
160. 4
161. 0
162. 0
163. 0
164. 1
165. 3
166. 3
167. 2
168. 1
169. 2
170. 0
171. 1
172. 0
173. 2
174. 1
175. 0
176. 1
177. 3
178. 0
179. 1
180. 0
181. 2
182. 0
183. 3
184. 0
185. 2
186. 2
187. 2
188. 1
189. 1
190. 0
191. 2
192. 3
193. 1
194. 4
195. 1
196. 0
197. 1
198. 0
199. 2
200. 2