3302.txt
1. 2
2. 1
3. 3
4. 2
5. 4
6. 1
7. 1
8. 0
9. 3
10. 1
11. 2
12. 3
13. 1
14. 1
15. 2
16. 1
17. 3
18. 1
19. 4
20. 2
21. 2
22. 4
23. 2
24. 1
25. 4
26. 1
27. 1
28. 1
29. 1
30. 2
31. 1
32. 3
33. 2
34. 2
35. 7
36. 2
37. 5
38. 1
39. 2
40. 2
41. 1
42. 1
43. 2
44. 3
45. 2
46. 2
47. 2
48. 1
49. 3
50. 3
51. 2
52. 3
53. 2
54. 3
55. 2
56. 4
57. 3
58. 3
59. 2
60. 3
61. 1
62. 3
63. 2
64. 3
65. 2
66. 2
67. 1
68. 1
69. 3
70. 2
71. 1
72. 2
73. 2
74. 2
75. 2
76. 3
77. 1
78. 2
79. 2
80. 1
81. 3
82. 3
83. 1
84. 2
85. 1
86. 1
87. 2
88. 1
89. 1
90. 3
91. 2
92. 6
93. 2
94. 3
95. 1
96. 2
97. 2
98. 1
99. 2
100. 2
101. 2
102. 1
103. 2
104. 2
105. 2
106. 2
107. 3
108. 2
109. 2
110. 2
111. 2
112. 2
113. 2
114. 3
115. 3
116. 2
117. 2
118. 2
119. 1
120. 1
121. 2
122. 2
123. 3
124. 3
125. 1
126. 1
127. 2
128. 3
129. 2
130. 2
131. 3
132. 2
133. 1
134. 2
135. 2
136. 3
137. 1
138. 2
139. 4
140. 3
141. 2
142. 3
143. 2
144. 1
145. 2
146. 2
147. 2
148. 2
149. 1
150. 2
151. 2
152. 1
153. 2
154. 1
155. 2
156. 2
157. 1
158. 3
159. 3
160. 2
161. 2
162. 2
163. 3
164. 2
165. 3
166. 1
167. 2
168. 2
169. 3
170. 3
171. 3
172. 2
173. 1
174. 3
175. 2
176. 2
177. 2
178. 2
179. 2
180. 4
181. 1
182. 2
183. 1
184. 1
185. 1
186. 1
187. 3
188. 2
189. 1
190. 3
191. 1
192. 2
193. 1
194. 3
195. 2
196. 1
197. 1
198. 1
199. 2
200. 3