3313.txt
1. 0
2. 2
3. 4
4. 0
5. 0
6. 0
7. 4
8. 2
9. 0
10. 6
11. 0
12. 0
13. 0
14. 0
15. 0
16. 0
17. 5
18. 0
19. 0
20. 0
21. 3
22. 0
23. 0
24. 2
25. 0
26. 4
27. 0
28. 3
29. 0
30. 4
31. 3
32. 8
33. 0
34. 3
35. 0
36. 0
37. 0
38. 0
39. 0
40. 2
41. 2
42. 0
43. 3
44. 2
45. 4
46. 0
47. 0
48. 0
49. 2
50. 0
51. 0
52. 3
53. 0
54. 2
55. 0
56. 0
57. 0
58. 3
59. 0
60. 2
61. 3
62. 0
63. 2
64. 0
65. 0
66. 0
67. 2
68. 2
69. 0
70. 3
71. 0
72. 3
73. 0
74. 0
75. 0
76. 0
77. 0
78. 0
79. 0
80. 0
81. 0
82. 3
83. 0
84. 3
85. 2
86. 0
87. 0
88. 3
89. 0
90. 0
91. 0
92. 0
93. 0
94. 0
95. 2
96. 2
97. 4
98. 0
99. 0
100. 2
101. 0
102. 0
103. 3
104. 2
105. 0
106. 0
107. 0
108. 2
109. 0
110. 0
111. 0
112. 0
113. 0
114. 0
115. 0
116. 2
117. 3
118. 0
119. 2
120. 0
121. 0
122. 0
123. 3
124. 3
125. 2
126. 0
127. 0
128. 0
129. 0
130. 2
131. 3
132. 0
133. 0
134. 2
135. 0
136. 0
137. 0
138. 0
139. 0
140. 7
141. 0
142. 0
143. 0
144. 0
145. 2
146. 0
147. 0
148. 0
149. 0
150. 0
151. 2
152. 0
153. 0
154. 0
155. 2
156. 0
157. 3
158. 2
159. 0
160. 0
161. 2
162. 0
163. 2
164. 2
165. 0
166. 2
167. 3
168. 0
169. 3
170. 0
171. 2
172. 3
173. 0
174. 0
175. 2
176. 3
177. 0
178. 3
179. 0
180. 0
181. 0
182. 0
183. 2
184. 4
185. 2
186. 0
187. 0
188. 3
189. 3
190. 0
191. 0
192. 0
193. 0
194. 0
195. 0
196. 0
197. 3
198. 2
199. 3
200. 0