3325.txt
1. 2
2. 1
3. 3
4. 4
5. 1
6. 6
7. 1
8. 1
9. 2
10. 1
11. 3
12. 2
13. 3
14. 2
15. 2
16. 2
17. 2
18. 1
19. 5
20. 1
21. 1
22. 1
23. 6
24. 5
25. 3
26. 2
27. 2
28. 4
29. 2
30. 4
31. 1
32. 2
33. 1
34. 2
35. 7
36. 3
37. 2
38. 1
39. 1
40. 2
41. 4
42. 2
43. 2
44. 5
45. 4
46. 1
47. 3
48. 2
49. 3
50. 3
51. 2
52. 2
53. 3
54. 1
55. 3
56. 3
57. 2
58. 2
59. 2
60. 3
61. 2
62. 2
63. 3
64. 1
65. 8
66. 3
67. 1
68. 2
69. 3
70. 3
71. 2
72. 3
73. 2
74. 1
75. 2
76. 2
77. 4
78. 2
79. 5
80. 2
81. 1
82. 3
83. 2
84. 1
85. 2
86. 2
87. 3
88. 1
89. 2
90. 2
91. 1
92. 2
93. 2
94. 2
95. 2
96. 1
97. 1
98. 3
99. 4
100. 3
101. 2
102. 2
103. 1
104. 3
105. 2
106. 1
107. 1
108. 1
109. 6
110. 1
111. 2
112. 3
113. 3
114. 2
115. 1
116. 2
117. 2
118. 2
119. 2
120. 2
121. 1
122. 3
123. 2
124. 2
125. 2
126. 1
127. 1
128. 2
129. 2
130. 1
131. 2
132. 1
133. 2
134. 2
135. 2
136. 1
137. 3
138. 2
139. 1
140. 2
141. 3
142. 2
143. 2
144. 4
145. 2
146. 2
147. 2
148. 2
149. 3
150. 1
151. 2
152. 4
153. 2
154. 3
155. 4
156. 2
157. 1
158. 1
159. 2
160. 2
161. 2
162. 3
163. 2
164. 2
165. 3
166. 2
167. 1
168. 3
169. 2
170. 2
171. 4
172. 3
173. 2
174. 2
175. 3
176. 2
177. 2
178. 2
179. 2
180. 2
181. 3
182. 3
183. 2
184. 2
185. 3
186. 1
187. 2
188. 3
189. 4
190. 2
191. 3
192. 1
193. 4
194. 2
195. 2
196. 1
197. 2
198. 2
199. 2
200. 2