3327.txt
1. 7
2. 1
3. 0
4. 3
5. 2
6. 4
7. 5
8. 4
9. 1
10. 2
11. 1
12. 0
13. 1
14. 9
15. 2
16. 3
17. 2
18. 1
19. 3
20. 2
21. 2
22. 3
23. 2
24. 0
25. 2
26. 1
27. 3
28. 1
29. 3
30. 2
31. 1
32. 2
33. 3
34. 2
35. 4
36. 4
37. 2
38. 0
39. 3
40. 1
41. 3
42. 2
43. 8
44. 4
45. 7
46. 1
47. 3
48. 3
49. 2
50. 4
51. 3
52. 3
53. 3
54. 2
55. 9
56. 2
57. 1
58. 3
59. 2
60. 3
61. 5
62. 0
63. 2
64. 1
65. 5
66. 1
67. 2
68. 1
69. 2
70. 3
71. 1
72. 4
73. 2
74. 2
75. 1
76. 3
77. 1
78. 3
79. 2
80. 3
81. 2
82. 3
83. 2
84. 1
85. 2
86. 2
87. 2
88. 3
89. 4
90. 2
91. 2
92. 2
93. 2
94. 2
95. 2
96. 0
97. 3
98. 2
99. 2
100. 1
101. 4
102. 3
103. 1
104. 2
105. 2
106. 3
107. 1
108. 3
109. 3
110. 3
111. 2
112. 2
113. 4
114. 2
115. 2
116. 3
117. 2
118. 3
119. 2
120. 1
121. 2
122. 3
123. 4
124. 2
125. 1
126. 1
127. 2
128. 2
129. 3
130. 1
131. 1
132. 2
133. 3
134. 2
135. 0
136. 4
137. 4
138. 2
139. 2
140. 3
141. 2
142. 2
143. 1
144. 2
145. 3
146. 2
147. 2
148. 3
149. 1
150. 2
151. 3
152. 2
153. 2
154. 2
155. 2
156. 3
157. 1
158. 2
159. 2
160. 2
161. 2
162. 2
163. 3
164. 2
165. 1
166. 5
167. 2
168. 2
169. 3
170. 2
171. 1
172. 1
173. 2
174. 2
175. 1
176. 1
177. 3
178. 1
179. 2
180. 2
181. 3
182. 2
183. 2
184. 1
185. 1
186. 6
187. 3
188. 3
189. 2
190. 2
191. 2
192. 1
193. 3
194. 3
195. 2
196. 2
197. 2
198. 2
199. 1
200. 3