3331.txt
1. 0
2. 0
3. 7
4. 0
5. 2
6. 1
7. 0
8. 1
9. 0
10. 2
11. 2
12. 1
13. 2
14. 0
15. 3
16. 1
17. 4
18. 6
19. 1
20. 0
21. 0
22. 4
23. 2
24. 1
25. 3
26. 2
27. 1
28. 1
29. 0
30. 2
31. 4
32. 1
33. 3
34. 2
35. 2
36. 2
37. 3
38. 0
39. 0
40. 1
41. 1
42. 0
43. 2
44. 2
45. 4
46. 3
47. 0
48. 0
49. 1
50. 4
51. 2
52. 0
53. 3
54. 0
55. 1
56. 2
57. 2
58. 1
59. 2
60. 2
61. 3
62. 1
63. 3
64. 1
65. 0
66. 1
67. 1
68. 3
69. 3
70. 0
71. 3
72. 1
73. 2
74. 1
75. 3
76. 4
77. 2
78. 1
79. 5
80. 0
81. 4
82. 0
83. 2
84. 2
85. 3
86. 2
87. 1
88. 0
89. 1
90. 2
91. 1
92. 1
93. 3
94. 2
95. 4
96. 5
97. 2
98. 1
99. 3
100. 0
101. 0
102. 2
103. 3
104. 2
105. 1
106. 1
107. 2
108. 3
109. 1
110. 2
111. 3
112. 2
113. 2
114. 0
115. 0
116. 3
117. 1
118. 2
119. 2
120. 1
121. 1
122. 2
123. 0
124. 1
125. 0
126. 2
127. 1
128. 5
129. 1
130. 2
131. 2
132. 2
133. 3
134. 3
135. 2
136. 0
137. 2
138. 6
139. 1
140. 2
141. 3
142. 1
143. 1
144. 0
145. 1
146. 0
147. 3
148. 0
149. 2
150. 3
151. 2
152. 3
153. 1
154. 5
155. 0
156. 0
157. 1
158. 1
159. 4
160. 0
161. 1
162. 2
163. 2
164. 3
165. 3
166. 3
167. 1
168. 1
169. 0
170. 1
171. 1
172. 2
173. 4
174. 2
175. 2
176. 3
177. 0
178. 2
179. 4
180. 2
181. 2
182. 3
183. 1
184. 2
185. 4
186. 2
187. 0
188. 2
189. 3
190. 1
191. 3
192. 1
193. 1
194. 2
195. 1
196. 0
197. 5
198. 2
199. 1
200. 4