3332.txt
1. 2
2. 3
3. 2
4. 4
5. 8
6. 2
7. 6
8. 2
9. 3
10. 2
11. 1
12. 4
13. 1
14. 5
15. 1
16. 4
17. 6
18. 1
19. 1
20. 2
21. 2
22. 1
23. 4
24. 3
25. 3
26. 1
27. 2
28. 3
29. 4
30. 2
31. 3
32. 3
33. 2
34. 3
35. 2
36. 2
37. 2
38. 3
39. 4
40. 2
41. 7
42. 2
43. 2
44. 2
45. 1
46. 2
47. 3
48. 4
49. 2
50. 3
51. 4
52. 2
53. 1
54. 3
55. 3
56. 2
57. 2
58. 2
59. 2
60. 5
61. 2
62. 2
63. 2
64. 2
65. 4
66. 3
67. 2
68. 3
69. 1
70. 4
71. 1
72. 2
73. 3
74. 3
75. 4
76. 2
77. 2
78. 3
79. 3
80. 3
81. 3
82. 2
83. 2
84. 3
85. 3
86. 3
87. 2
88. 2
89. 4
90. 4
91. 1
92. 2
93. 3
94. 2
95. 2
96. 3
97. 2
98. 2
99. 2
100. 3
101. 2
102. 3
103. 3
104. 2
105. 2
106. 2
107. 2
108. 1
109. 3
110. 3
111. 2
112. 2
113. 3
114. 4
115. 7
116. 2
117. 2
118. 3
119. 4
120. 3
121. 2
122. 3
123. 3
124. 2
125. 3
126. 2
127. 2
128. 2
129. 4
130. 3
131. 3
132. 3
133. 2
134. 3
135. 3
136. 2
137. 2
138. 2
139. 2
140. 4
141. 2
142. 4
143. 3
144. 3
145. 4
146. 3
147. 2
148. 3
149. 3
150. 4
151. 3
152. 2
153. 3
154. 2
155. 2
156. 4
157. 4
158. 2
159. 3
160. 2
161. 2
162. 4
163. 6
164. 2
165. 5
166. 2
167. 3
168. 2
169. 5
170. 2
171. 3
172. 5
173. 3
174. 2
175. 2
176. 3
177. 2
178. 3
179. 3
180. 2
181. 2
182. 5
183. 3
184. 2
185. 6
186. 2
187. 4
188. 2
189. 4
190. 3
191. 2
192. 2
193. 3
194. 4
195. 4
196. 2
197. 3
198. 3
199. 4
200. 3