3336.txt
1. 2
2. 8
3. 4
4. 1
5. 2
6. 4
7. 3
8. 2
9. 2
10. 2
11. 2
12. 3
13. 3
14. 2
15. 5
16. 5
17. 4
18. 4
19. 2
20. 5
21. 1
22. 3
23. 5
24. 3
25. 2
26. 3
27. 3
28. 2
29. 4
30. 2
31. 1
32. 3
33. 2
34. 2
35. 3
36. 1
37. 2
38. 2
39. 3
40. 1
41. 3
42. 2
43. 2
44. 2
45. 3
46. 2
47. 3
48. 3
49. 2
50. 2
51. 3
52. 4
53. 2
54. 3
55. 3
56. 3
57. 2
58. 4
59. 3
60. 2
61. 3
62. 3
63. 1
64. 4
65. 3
66. 2
67. 2
68. 3
69. 4
70. 3
71. 2
72. 2
73. 2
74. 2
75. 2
76. 3
77. 2
78. 3
79. 3
80. 3
81. 2
82. 2
83. 2
84. 3
85. 3
86. 4
87. 3
88. 4
89. 1
90. 4
91. 6
92. 3
93. 2
94. 3
95. 2
96. 2
97. 4
98. 3
99. 3
100. 2
101. 2
102. 2
103. 3
104. 3
105. 7
106. 3
107. 2
108. 2
109. 2
110. 3
111. 2
112. 2
113. 4
114. 2
115. 2
116. 1
117. 3
118. 1
119. 2
120. 3
121. 2
122. 3
123. 4
124. 3
125. 2
126. 3
127. 2
128. 2
129. 2
130. 4
131. 2
132. 2
133. 2
134. 4
135. 2
136. 1
137. 3
138. 4
139. 3
140. 2
141. 2
142. 3
143. 3
144. 2
145. 2
146. 1
147. 2
148. 3
149. 4
150. 4
151. 3
152. 3
153. 4
154. 2
155. 2
156. 3
157. 3
158. 2
159. 2
160. 3
161. 5
162. 3
163. 2
164. 3
165. 2
166. 4
167. 2
168. 3
169. 2
170. 2
171. 5
172. 2
173. 2
174. 3
175. 2
176. 2
177. 2
178. 2
179. 4
180. 2
181. 2
182. 3
183. 2
184. 3
185. 2
186. 3
187. 2
188. 4
189. 3
190. 2
191. 2
192. 3
193. 2
194. 5
195. 2
196. 3
197. 2
198. 2
199. 4
200. 3