3339.txt
1. 0
2. 2
3. 0
4. 0
5. 0
6. 0
7. 8
8. 0
9. 4
10. 3
11. 0
12. 2
13. 2
14. 6
15. 2
16. 2
17. 0
18. 0
19. 0
20. 2
21. 3
22. 3
23. 0
24. 0
25. 5
26. 3
27. 7
28. 4
29. 2
30. 0
31. 0
32. 2
33. 0
34. 0
35. 0
36. 0
37. 2
38. 2
39. 3
40. 2
41. 0
42. 0
43. 2
44. 2
45. 2
46. 0
47. 2
48. 2
49. 6
50. 2
51. 2
52. 4
53. 2
54. 0
55. 0
56. 2
57. 6
58. 0
59. 2
60. 0
61. 2
62. 3
63. 3
64. 0
65. 2
66. 5
67. 7
68. 2
69. 2
70. 2
71. 0
72. 2
73. 0
74. 0
75. 4
76. 0
77. 5
78. 0
79. 2
80. 0
81. 3
82. 0
83. 2
84. 3
85. 3
86. 0
87. 0
88. 0
89. 0
90. 4
91. 0
92. 0
93. 0
94. 0
95. 0
96. 0
97. 2
98. 2
99. 2
100. 0
101. 0
102. 0
103. 0
104. 0
105. 2
106. 2
107. 0
108. 0
109. 0
110. 2
111. 0
112. 2
113. 0
114. 2
115. 2
116. 0
117. 0
118. 0
119. 3
120. 0
121. 0
122. 0
123. 4
124. 2
125. 2
126. 2
127. 3
128. 4
129. 3
130. 5
131. 0
132. 0
133. 0
134. 2
135. 0
136. 0
137. 2
138. 0
139. 0
140. 2
141. 3
142. 0
143. 0
144. 2
145. 0
146. 0
147. 2
148. 3
149. 2
150. 2
151. 0
152. 3
153. 0
154. 0
155. 0
156. 0
157. 2
158. 3
159. 4
160. 0
161. 0
162. 3
163. 0
164. 0
165. 2
166. 2
167. 2
168. 0
169. 3
170. 3
171. 2
172. 0
173. 2
174. 3
175. 4
176. 0
177. 0
178. 0
179. 0
180. 4
181. 0
182. 0
183. 2
184. 3
185. 2
186. 0
187. 0
188. 0
189. 2
190. 2
191. 0
192. 2
193. 0
194. 2
195. 0
196. 2
197. 0
198. 0
199. 2
200. 2