3354.txt
1. 2
2. 3
3. 2
4. 4
5. 1
6. 3
7. 3
8. 2
9. 2
10. 4
11. 4
12. 1
13. 2
14. 2
15. 3
16. 2
17. 1
18. 1
19. 3
20. 2
21. 2
22. 5
23. 4
24. 3
25. 4
26. 3
27. 2
28. 4
29. 3
30. 2
31. 2
32. 1
33. 4
34. 3
35. 2
36. 5
37. 3
38. 2
39. 2
40. 3
41. 3
42. 4
43. 4
44. 2
45. 4
46. 3
47. 4
48. 4
49. 1
50. 2
51. 2
52. 1
53. 4
54. 4
55. 3
56. 3
57. 2
58. 4
59. 4
60. 4
61. 5
62. 4
63. 2
64. 4
65. 2
66. 2
67. 2
68. 3
69. 2
70. 2
71. 3
72. 2
73. 1
74. 2
75. 4
76. 4
77. 2
78. 3
79. 4
80. 2
81. 2
82. 1
83. 2
84. 1
85. 3
86. 2
87. 1
88. 1
89. 1
90. 2
91. 3
92. 2
93. 4
94. 2
95. 3
96. 2
97. 4
98. 2
99. 5
100. 4
101. 3
102. 3
103. 4
104. 4
105. 3
106. 3
107. 3
108. 1
109. 4
110. 3
111. 2
112. 3
113. 2
114. 3
115. 3
116. 2
117. 2
118. 3
119. 2
120. 4
121. 3
122. 2
123. 3
124. 3
125. 4
126. 2
127. 3
128. 4
129. 4
130. 3
131. 3
132. 5
133. 2
134. 1
135. 4
136. 1
137. 2
138. 3
139. 2
140. 3
141. 3
142. 2
143. 6
144. 2
145. 3
146. 2
147. 3
148. 2
149. 7
150. 3
151. 1
152. 4
153. 3
154. 2
155. 2
156. 2
157. 3
158. 3
159. 2
160. 3
161. 2
162. 2
163. 2
164. 2
165. 3
166. 2
167. 3
168. 3
169. 3
170. 3
171. 4
172. 2
173. 2
174. 3
175. 2
176. 3
177. 3
178. 3
179. 2
180. 2
181. 3
182. 3
183. 4
184. 4
185. 5
186. 2
187. 3
188. 3
189. 2
190. 4
191. 2
192. 2
193. 3
194. 4
195. 3
196. 3
197. 4
198. 3
199. 4
200. 3