3361.txt
1. 2
2. 1
3. 7
4. 0
5. 3
6. 1
7. 1
8. 1
9. 5
10. 1
11. 4
12. 2
13. 1
14. 4
15. 0
16. 4
17. 7
18. 0
19. 1
20. 2
21. 1
22. 2
23. 2
24. 3
25. 3
26. 2
27. 1
28. 1
29. 0
30. 1
31. 3
32. 1
33. 3
34. 2
35. 1
36. 1
37. 3
38. 5
39. 1
40. 4
41. 1
42. 1
43. 1
44. 3
45. 3
46. 2
47. 2
48. 2
49. 2
50. 2
51. 2
52. 5
53. 2
54. 1
55. 1
56. 4
57. 2
58. 1
59. 2
60. 2
61. 1
62. 1
63. 0
64. 2
65. 2
66. 2
67. 0
68. 2
69. 2
70. 1
71. 4
72. 3
73. 3
74. 2
75. 2
76. 1
77. 1
78. 1
79. 3
80. 2
81. 2
82. 1
83. 2
84. 5
85. 1
86. 2
87. 2
88. 3
89. 3
90. 2
91. 1
92. 1
93. 1
94. 2
95. 2
96. 2
97. 4
98. 2
99. 3
100. 1
101. 6
102. 1
103. 3
104. 1
105. 2
106. 3
107. 1
108. 2
109. 3
110. 1
111. 2
112. 1
113. 1
114. 3
115. 2
116. 2
117. 3
118. 2
119. 2
120. 3
121. 1
122. 1
123. 2
124. 2
125. 2
126. 2
127. 2
128. 4
129. 2
130. 1
131. 3
132. 3
133. 0
134. 2
135. 2
136. 3
137. 2
138. 3
139. 2
140. 2
141. 2
142. 1
143. 2
144. 2
145. 7
146. 2
147. 3
148. 3
149. 3
150. 2
151. 2
152. 2
153. 2
154. 3
155. 2
156. 2
157. 1
158. 2
159. 3
160. 1
161. 2
162. 2
163. 2
164. 3
165. 2
166. 1
167. 2
168. 3
169. 1
170. 1
171. 2
172. 4
173. 1
174. 3
175. 2
176. 2
177. 2
178. 3
179. 1
180. 2
181. 1
182. 2
183. 2
184. 2
185. 2
186. 2
187. 2
188. 1
189. 2
190. 3
191. 2
192. 2
193. 3
194. 1
195. 4
196. 1
197. 2
198. 5
199. 1
200. 2