3366.txt
1. 2
2. 0
3. 3
4. 1
5. 3
6. 4
7. 3
8. 4
9. 2
10. 3
11. 2
12. 2
13. 3
14. 4
15. 1
16. 2
17. 1
18. 2
19. 4
20. 3
21. 1
22. 1
23. 2
24. 3
25. 2
26. 3
27. 1
28. 3
29. 4
30. 1
31. 4
32. 1
33. 3
34. 1
35. 5
36. 2
37. 3
38. 2
39. 1
40. 5
41. 1
42. 2
43. 1
44. 1
45. 2
46. 2
47. 4
48. 1
49. 2
50. 3
51. 4
52. 3
53. 3
54. 2
55. 1
56. 3
57. 1
58. 2
59. 4
60. 2
61. 4
62. 3
63. 3
64. 3
65. 1
66. 2
67. 1
68. 2
69. 3
70. 2
71. 2
72. 3
73. 4
74. 2
75. 1
76. 1
77. 1
78. 2
79. 3
80. 1
81. 2
82. 2
83. 1
84. 3
85. 2
86. 2
87. 7
88. 3
89. 1
90. 3
91. 2
92. 2
93. 3
94. 3
95. 3
96. 4
97. 4
98. 1
99. 2
100. 2
101. 2
102. 1
103. 2
104. 2
105. 4
106. 3
107. 3
108. 2
109. 2
110. 3
111. 3
112. 1
113. 1
114. 1
115. 2
116. 2
117. 1
118. 2
119. 1
120. 2
121. 2
122. 3
123. 2
124. 1
125. 2
126. 3
127. 4
128. 2
129. 2
130. 3
131. 1
132. 3
133. 2
134. 3
135. 2
136. 3
137. 1
138. 3
139. 1
140. 4
141. 3
142. 2
143. 1
144. 1
145. 2
146. 3
147. 4
148. 2
149. 2
150. 1
151. 4
152. 2
153. 2
154. 2
155. 2
156. 2
157. 3
158. 2
159. 3
160. 2
161. 5
162. 3
163. 1
164. 2
165. 1
166. 1
167. 1
168. 4
169. 3
170. 1
171. 3
172. 1
173. 1
174. 2
175. 2
176. 1
177. 3
178. 3
179. 1
180. 3
181. 1
182. 3
183. 2
184. 1
185. 3
186. 1
187. 2
188. 2
189. 1
190. 2
191. 2
192. 2
193. 2
194. 1
195. 4
196. 1
197. 2
198. 1
199. 2
200. 2