3374.txt
1. 2
2. 3
3. 2
4. 3
5. 1
6. 5
7. 4
8. 2
9. 2
10. 3
11. 3
12. 1
13. 1
14. 1
15. 4
16. 8
17. 1
18. 2
19. 2
20. 4
21. 3
22. 2
23. 3
24. 1
25. 4
26. 2
27. 1
28. 3
29. 3
30. 2
31. 1
32. 2
33. 3
34. 3
35. 2
36. 3
37. 4
38. 1
39. 3
40. 3
41. 2
42. 2
43. 3
44. 2
45. 3
46. 4
47. 2
48. 4
49. 2
50. 1
51. 2
52. 4
53. 4
54. 2
55. 2
56. 2
57. 3
58. 2
59. 2
60. 4
61. 4
62. 3
63. 1
64. 3
65. 1
66. 2
67. 3
68. 2
69. 1
70. 2
71. 1
72. 2
73. 2
74. 2
75. 3
76. 2
77. 2
78. 4
79. 3
80. 2
81. 2
82. 2
83. 2
84. 3
85. 3
86. 3
87. 3
88. 4
89. 2
90. 1
91. 1
92. 1
93. 2
94. 2
95. 4
96. 3
97. 3
98. 2
99. 2
100. 3
101. 3
102. 3
103. 5
104. 2
105. 1
106. 3
107. 2
108. 1
109. 4
110. 2
111. 1
112. 2
113. 3
114. 3
115. 4
116. 3
117. 2
118. 3
119. 2
120. 2
121. 4
122. 1
123. 1
124. 2
125. 1
126. 2
127. 2
128. 3
129. 3
130. 3
131. 2
132. 2
133. 2
134. 2
135. 3
136. 2
137. 2
138. 2
139. 2
140. 3
141. 2
142. 3
143. 1
144. 3
145. 2
146. 3
147. 2
148. 2
149. 1
150. 2
151. 2
152. 3
153. 2
154. 3
155. 2
156. 2
157. 3
158. 2
159. 3
160. 7
161. 3
162. 2
163. 2
164. 1
165. 3
166. 1
167. 3
168. 2
169. 2
170. 6
171. 3
172. 2
173. 2
174. 3
175. 2
176. 2
177. 1
178. 2
179. 3
180. 3
181. 1
182. 1
183. 4
184. 2
185. 2
186. 2
187. 2
188. 1
189. 2
190. 1
191. 3
192. 1
193. 2
194. 6
195. 1
196. 2
197. 3
198. 3
199. 1
200. 3