3387.txt
1. 0
2. 2
3. 0
4. 4
5. 0
6. 3
7. 2
8. 3
9. 0
10. 6
11. 1
12. 2
13. 1
14. 2
15. 0
16. 2
17. 0
18. 1
19. 2
20. 3
21. 1
22. 1
23. 0
24. 1
25. 1
26. 4
27. 0
28. 2
29. 3
30. 1
31. 2
32. 2
33. 3
34. 2
35. 2
36. 4
37. 2
38. 3
39. 1
40. 2
41. 1
42. 2
43. 1
44. 2
45. 1
46. 1
47. 1
48. 1
49. 2
50. 1
51. 1
52. 0
53. 3
54. 0
55. 1
56. 4
57. 1
58. 2
59. 1
60. 0
61. 2
62. 2
63. 1
64. 2
65. 3
66. 2
67. 3
68. 1
69. 1
70. 2
71. 1
72. 1
73. 2
74. 3
75. 2
76. 2
77. 2
78. 2
79. 3
80. 4
81. 1
82. 1
83. 2
84. 1
85. 1
86. 1
87. 3
88. 2
89. 2
90. 1
91. 3
92. 2
93. 1
94. 2
95. 3
96. 0
97. 2
98. 0
99. 2
100. 3
101. 2
102. 1
103. 3
104. 1
105. 2
106. 0
107. 1
108. 2
109. 2
110. 2
111. 2
112. 2
113. 1
114. 1
115. 4
116. 2
117. 2
118. 2
119. 1
120. 7
121. 3
122. 1
123. 4
124. 1
125. 2
126. 2
127. 2
128. 1
129. 3
130. 2
131. 2
132. 2
133. 3
134. 2
135. 2
136. 0
137. 2
138. 1
139. 1
140. 1
141. 3
142. 1
143. 1
144. 1
145. 3
146. 1
147. 1
148. 2
149. 3
150. 1
151. 0
152. 2
153. 0
154. 1
155. 0
156. 1
157. 1
158. 2
159. 3
160. 2
161. 2
162. 2
163. 1
164. 2
165. 1
166. 2
167. 3
168. 1
169. 1
170. 1
171. 3
172. 3
173. 0
174. 3
175. 1
176. 2
177. 5
178. 2
179. 2
180. 3
181. 2
182. 0
183. 6
184. 2
185. 3
186. 1
187. 1
188. 2
189. 2
190. 2
191. 3
192. 4
193. 1
194. 2
195. 2
196. 3
197. 4
198. 1
199. 0
200. 4