3390.txt
1. 2
2. 3
3. 2
4. 1
5. 4
6. 6
7. 1
8. 4
9. 3
10. 4
11. 1
12. 2
13. 2
14. 2
15. 6
16. 3
17. 1
18. 2
19. 7
20. 1
21. 8
22. 1
23. 3
24. 2
25. 2
26. 1
27. 6
28. 4
29. 3
30. 2
31. 3
32. 2
33. 3
34. 3
35. 1
36. 4
37. 3
38. 1
39. 3
40. 4
41. 3
42. 3
43. 2
44. 3
45. 1
46. 2
47. 3
48. 2
49. 2
50. 4
51. 1
52. 2
53. 2
54. 4
55. 4
56. 1
57. 2
58. 2
59. 3
60. 4
61. 4
62. 3
63. 2
64. 3
65. 2
66. 3
67. 4
68. 5
69. 4
70. 3
71. 1
72. 2
73. 2
74. 1
75. 2
76. 2
77. 3
78. 2
79. 1
80. 1
81. 4
82. 2
83. 1
84. 5
85. 2
86. 3
87. 2
88. 4
89. 3
90. 3
91. 1
92. 3
93. 2
94. 4
95. 3
96. 4
97. 3
98. 2
99. 3
100. 4
101. 1
102. 4
103. 4
104. 2
105. 2
106. 3
107. 2
108. 1
109. 1
110. 3
111. 2
112. 3
113. 2
114. 5
115. 1
116. 2
117. 1
118. 2
119. 4
120. 2
121. 2
122. 1
123. 2
124. 3
125. 1
126. 2
127. 2
128. 3
129. 1
130. 4
131. 3
132. 3
133. 1
134. 4
135. 5
136. 2
137. 2
138. 4
139. 1
140. 1
141. 3
142. 2
143. 5
144. 1
145. 3
146. 2
147. 3
148. 2
149. 3
150. 3
151. 2
152. 6
153. 3
154. 2
155. 2
156. 2
157. 4
158. 3
159. 2
160. 2
161. 3
162. 3
163. 3
164. 3
165. 2
166. 7
167. 2
168. 3
169. 3
170. 1
171. 2
172. 3
173. 3
174. 4
175. 3
176. 2
177. 2
178. 2
179. 5
180. 3
181. 3
182. 4
183. 2
184. 2
185. 4
186. 2
187. 1
188. 3
189. 3
190. 2
191. 2
192. 3
193. 1
194. 1
195. 3
196. 3
197. 2
198. 3
199. 3
200. 1