3395.txt
1. 0
2. 2
3. 1
4. 4
5. 1
6. 5
7. 2
8. 3
9. 2
10. 1
11. 2
12. 1
13. 4
14. 1
15. 2
16. 0
17. 3
18. 3
19. 2
20. 1
21. 6
22. 1
23. 2
24. 4
25. 2
26. 1
27. 2
28. 2
29. 2
30. 1
31. 4
32. 3
33. 2
34. 1
35. 3
36. 5
37. 2
38. 4
39. 1
40. 1
41. 3
42. 1
43. 2
44. 2
45. 2
46. 3
47. 1
48. 1
49. 3
50. 3
51. 2
52. 4
53. 1
54. 2
55. 1
56. 2
57. 1
58. 2
59. 1
60. 8
61. 1
62. 2
63. 3
64. 1
65. 2
66. 2
67. 1
68. 5
69. 1
70. 1
71. 1
72. 2
73. 2
74. 4
75. 2
76. 3
77. 1
78. 2
79. 2
80. 2
81. 1
82. 2
83. 1
84. 1
85. 4
86. 3
87. 1
88. 1
89. 3
90. 1
91. 2
92. 3
93. 5
94. 1
95. 2
96. 2
97. 2
98. 2
99. 2
100. 2
101. 2
102. 2
103. 2
104. 2
105. 3
106. 5
107. 1
108. 2
109. 4
110. 1
111. 1
112. 2
113. 4
114. 2
115. 2
116. 3
117. 4
118. 2
119. 2
120. 2
121. 3
122. 2
123. 3
124. 2
125. 2
126. 2
127. 5
128. 2
129. 2
130. 1
131. 3
132. 2
133. 2
134. 1
135. 2
136. 2
137. 2
138. 2
139. 2
140. 1
141. 1
142. 2
143. 1
144. 2
145. 1
146. 1
147. 3
148. 2
149. 2
150. 4
151. 2
152. 5
153. 2
154. 3
155. 2
156. 2
157. 4
158. 3
159. 1
160. 2
161. 2
162. 2
163. 1
164. 3
165. 3
166. 1
167. 3
168. 4
169. 1
170. 2
171. 2
172. 3
173. 4
174. 2
175. 2
176. 2
177. 2
178. 4
179. 3
180. 1
181. 2
182. 1
183. 1
184. 2
185. 4
186. 1
187. 1
188. 1
189. 5
190. 1
191. 2
192. 3
193. 2
194. 1
195. 2
196. 2
197. 4
198. 1
199. 2
200. 2