3397.txt
1. 7
2. 0
3. 0
4. 0
5. 4
6. 0
7. 7
8. 2
9. 0
10. 0
11. 2
12. 4
13. 0
14. 3
15. 0
16. 1
17. 2
18. 1
19. 0
20. 0
21. 3
22. 0
23. 3
24. 3
25. 2
26. 3
27. 0
28. 2
29. 3
30. 0
31. 0
32. 0
33. 2
34. 2
35. 0
36. 2
37. 0
38. 3
39. 2
40. 3
41. 2
42. 2
43. 2
44. 2
45. 4
46. 0
47. 0
48. 2
49. 4
50. 3
51. 3
52. 2
53. 1
54. 2
55. 3
56. 2
57. 2
58. 2
59. 3
60. 2
61. 0
62. 2
63. 0
64. 2
65. 0
66. 3
67. 2
68. 4
69. 3
70. 2
71. 3
72. 0
73. 2
74. 0
75. 0
76. 0
77. 0
78. 0
79. 3
80. 0
81. 3
82. 2
83. 3
84. 3
85. 0
86. 0
87. 0
88. 2
89. 0
90. 0
91. 2
92. 2
93. 2
94. 0
95. 2
96. 2
97. 3
98. 3
99. 0
100. 2
101. 0
102. 0
103. 2
104. 2
105. 2
106. 0
107. 4
108. 3
109. 0
110. 5
111. 2
112. 0
113. 3
114. 0
115. 0
116. 2
117. 2
118. 2
119. 3
120. 3
121. 2
122. 0
123. 4
124. 2
125. 3
126. 0
127. 0
128. 3
129. 2
130. 2
131. 0
132. 0
133. 0
134. 0
135. 2
136. 2
137. 0
138. 2
139. 2
140. 0
141. 0
142. 2
143. 3
144. 4
145. 3
146. 0
147. 4
148. 0
149. 3
150. 2
151. 2
152. 0
153. 0
154. 3
155. 2
156. 0
157. 3
158. 4
159. 2
160. 2
161. 4
162. 2
163. 5
164. 2
165. 3
166. 0
167. 0
168. 0
169. 3
170. 2
171. 3
172. 2
173. 2
174. 3
175. 2
176. 0
177. 3
178. 0
179. 0
180. 5
181. 4
182. 0
183. 2
184. 3
185. 2
186. 2
187. 0
188. 0
189. 0
190. 5
191. 0
192. 2
193. 4
194. 0
195. 0
196. 3
197. 0
198. 4
199. 0
200. 3