3406.txt
1. 2
2. 1
3. 2
4. 7
5. 1
6. 1
7. 0
8. 3
9. 2
10. 4
11. 1
12. 1
13. 0
14. 2
15. 1
16. 2
17. 3
18. 4
19. 5
20. 6
21. 2
22. 1
23. 0
24. 0
25. 2
26. 3
27. 2
28. 1
29. 2
30. 1
31. 1
32. 1
33. 5
34. 2
35. 0
36. 3
37. 2
38. 2
39. 3
40. 1
41. 1
42. 2
43. 4
44. 1
45. 0
46. 2
47. 2
48. 1
49. 3
50. 2
51. 1
52. 2
53. 1
54. 1
55. 2
56. 2
57. 1
58. 1
59. 4
60. 3
61. 2
62. 1
63. 3
64. 4
65. 3
66. 1
67. 1
68. 3
69. 2
70. 3
71. 2
72. 3
73. 3
74. 3
75. 2
76. 0
77. 2
78. 1
79. 1
80. 1
81. 7
82. 3
83. 2
84. 2
85. 2
86. 2
87. 0
88. 2
89. 1
90. 2
91. 1
92. 0
93. 5
94. 2
95. 1
96. 2
97. 6
98. 1
99. 1
100. 3
101. 1
102. 1
103. 2
104. 2
105. 3
106. 1
107. 1
108. 3
109. 2
110. 3
111. 2
112. 2
113. 1
114. 3
115. 3
116. 3
117. 1
118. 1
119. 1
120. 2
121. 3
122. 2
123. 1
124. 2
125. 1
126. 3
127. 1
128. 3
129. 6
130. 2
131. 2
132. 1
133. 2
134. 2
135. 1
136. 1
137. 2
138. 3
139. 2
140. 3
141. 3
142. 1
143. 3
144. 3
145. 2
146. 1
147. 2
148. 1
149. 4
150. 2
151. 1
152. 1
153. 2
154. 2
155. 1
156. 1
157. 3
158. 3
159. 2
160. 1
161. 2
162. 3
163. 2
164. 2
165. 2
166. 1
167. 2
168. 2
169. 1
170. 1
171. 1
172. 2
173. 2
174. 3
175. 4
176. 2
177. 2
178. 1
179. 2
180. 2
181. 3
182. 1
183. 4
184. 3
185. 1
186. 1
187. 1
188. 2
189. 1
190. 2
191. 3
192. 2
193. 2
194. 2
195. 2
196. 2
197. 3
198. 3
199. 2
200. 3