3408.txt
1. 0
2. 2
3. 6
4. 7
5. 1
6. 7
7. 0
8. 2
9. 2
10. 3
11. 2
12. 1
13. 2
14. 0
15. 1
16. 3
17. 1
18. 2
19. 1
20. 1
21. 2
22. 5
23. 4
24. 0
25. 2
26. 2
27. 1
28. 2
29. 2
30. 1
31. 2
32. 1
33. 1
34. 1
35. 1
36. 0
37. 3
38. 2
39. 4
40. 0
41. 1
42. 3
43. 1
44. 2
45. 2
46. 1
47. 3
48. 2
49. 2
50. 4
51. 6
52. 1
53. 1
54. 1
55. 3
56. 2
57. 1
58. 1
59. 0
60. 4
61. 4
62. 4
63. 0
64. 3
65. 1
66. 0
67. 2
68. 1
69. 1
70. 2
71. 3
72. 1
73. 3
74. 1
75. 3
76. 1
77. 5
78. 1
79. 2
80. 1
81. 2
82. 2
83. 2
84. 3
85. 2
86. 1
87. 2
88. 7
89. 4
90. 3
91. 1
92. 4
93. 1
94. 2
95. 2
96. 4
97. 2
98. 4
99. 2
100. 3
101. 1
102. 2
103. 1
104. 2
105. 1
106. 1
107. 1
108. 0
109. 2
110. 2
111. 2
112. 3
113. 2
114. 5
115. 2
116. 4
117. 2
118. 2
119. 1
120. 2
121. 0
122. 2
123. 0
124. 2
125. 2
126. 3
127. 4
128. 2
129. 2
130. 2
131. 1
132. 3
133. 4
134. 1
135. 3
136. 2
137. 4
138. 1
139. 2
140. 4
141. 2
142. 3
143. 2
144. 2
145. 1
146. 1
147. 1
148. 1
149. 3
150. 4
151. 2
152. 2
153. 2
154. 2
155. 5
156. 2
157. 4
158. 2
159. 2
160. 2
161. 0
162. 4
163. 2
164. 5
165. 1
166. 2
167. 3
168. 2
169. 1
170. 5
171. 0
172. 1
173. 3
174. 1
175. 3
176. 1
177. 1
178. 4
179. 1
180. 2
181. 3
182. 3
183. 4
184. 3
185. 3
186. 2
187. 2
188. 3
189. 3
190. 3
191. 4
192. 2
193. 2
194. 3
195. 1
196. 2
197. 3
198. 0
199. 3
200. 1