3412.txt
1. 0
2. 4
3. 4
4. 2
5. 1
6. 0
7. 0
8. 3
9. 0
10. 0
11. 1
12. 0
13. 1
14. 4
15. 2
16. 5
17. 2
18. 1
19. 0
20. 3
21. 2
22. 2
23. 1
24. 1
25. 3
26. 4
27. 1
28. 0
29. 2
30. 2
31. 1
32. 1
33. 0
34. 3
35. 2
36. 3
37. 5
38. 1
39. 1
40. 1
41. 2
42. 0
43. 1
44. 1
45. 0
46. 3
47. 0
48. 1
49. 2
50. 2
51. 0
52. 1
53. 0
54. 3
55. 1
56. 1
57. 0
58. 0
59. 3
60. 0
61. 2
62. 3
63. 2
64. 1
65. 2
66. 0
67. 0
68. 2
69. 1
70. 3
71. 0
72. 0
73. 2
74. 1
75. 2
76. 1
77. 0
78. 1
79. 2
80. 0
81. 2
82. 1
83. 3
84. 2
85. 4
86. 1
87. 2
88. 1
89. 1
90. 2
91. 3
92. 1
93. 3
94. 2
95. 6
96. 2
97. 2
98. 1
99. 0
100. 3
101. 1
102. 0
103. 0
104. 1
105. 3
106. 1
107. 0
108. 0
109. 1
110. 0
111. 2
112. 2
113. 1
114. 1
115. 3
116. 3
117. 1
118. 0
119. 2
120. 4
121. 3
122. 3
123. 0
124. 3
125. 2
126. 0
127. 4
128. 2
129. 0
130. 3
131. 3
132. 1
133. 1
134. 1
135. 1
136. 1
137. 2
138. 2
139. 1
140. 0
141. 3
142. 1
143. 2
144. 2
145. 1
146. 0
147. 1
148. 2
149. 2
150. 0
151. 3
152. 1
153. 2
154. 4
155. 1
156. 1
157. 0
158. 2
159. 1
160. 2
161. 4
162. 2
163. 3
164. 2
165. 6
166. 1
167. 4
168. 2
169. 2
170. 2
171. 2
172. 0
173. 2
174. 4
175. 3
176. 2
177. 3
178. 2
179. 1
180. 2
181. 1
182. 1
183. 1
184. 1
185. 2
186. 1
187. 1
188. 2
189. 1
190. 0
191. 1
192. 1
193. 3
194. 2
195. 1
196. 3
197. 1
198. 2
199. 2
200. 4