3426.txt
1. 0
2. 3
3. 1
4. 1
5. 2
6. 2
7. 2
8. 2
9. 1
10. 1
11. 1
12. 1
13. 1
14. 2
15. 1
16. 0
17. 2
18. 1
19. 0
20. 2
21. 0
22. 0
23. 0
24. 0
25. 1
26. 3
27. 1
28. 2
29. 2
30. 1
31. 2
32. 1
33. 2
34. 1
35. 3
36. 1
37. 1
38. 2
39. 1
40. 2
41. 2
42. 1
43. 3
44. 1
45. 1
46. 2
47. 1
48. 1
49. 2
50. 2
51. 0
52. 1
53. 4
54. 3
55. 0
56. 1
57. 2
58. 2
59. 1
60. 0
61. 1
62. 0
63. 1
64. 2
65. 2
66. 2
67. 1
68. 0
69. 1
70. 2
71. 2
72. 1
73. 1
74. 1
75. 2
76. 0
77. 0
78. 1
79. 2
80. 2
81. 1
82. 2
83. 1
84. 3
85. 1
86. 0
87. 1
88. 1
89. 1
90. 2
91. 1
92. 1
93. 1
94. 1
95. 1
96. 1
97. 2
98. 2
99. 2
100. 0
101. 1
102. 1
103. 1
104. 2
105. 2
106. 1
107. 4
108. 1
109. 0
110. 1
111. 1
112. 2
113. 4
114. 1
115. 1
116. 2
117. 2
118. 2
119. 1
120. 1
121. 1
122. 1
123. 1
124. 3
125. 0
126. 1
127. 0
128. 1
129. 2
130. 1
131. 0
132. 3
133. 1
134. 2
135. 2
136. 1
137. 1
138. 2
139. 2
140. 0
141. 1
142. 2
143. 1
144. 1
145. 1
146. 2
147. 2
148. 0
149. 2
150. 2
151. 3
152. 1
153. 2
154. 2
155. 1
156. 1
157. 1
158. 0
159. 1
160. 1
161. 2
162. 1
163. 2
164. 1
165. 2
166. 2
167. 2
168. 0
169. 2
170. 2
171. 1
172. 1
173. 2
174. 1
175. 0
176. 1
177. 0
178. 1
179. 2
180. 1
181. 0
182. 2
183. 1
184. 1
185. 2
186. 1
187. 1
188. 1
189. 1
190. 2
191. 2
192. 2
193. 1
194. 2
195. 2
196. 2
197. 1
198. 2
199. 2
200. 1