3439.txt
1. 0
2. 0
3. 0
4. 0
5. 2
6. 3
7. 2
8. 2
9. 2
10. 7
11. 2
12. 0
13. 3
14. 3
15. 0
16. 0
17. 2
18. 2
19. 2
20. 0
21. 0
22. 3
23. 2
24. 0
25. 3
26. 0
27. 0
28. 2
29. 2
30. 0
31. 2
32. 2
33. 2
34. 2
35. 0
36. 3
37. 4
38. 0
39. 2
40. 3
41. 2
42. 4
43. 2
44. 0
45. 0
46. 0
47. 3
48. 3
49. 0
50. 2
51. 2
52. 0
53. 3
54. 0
55. 2
56. 2
57. 2
58. 0
59. 2
60. 0
61. 2
62. 0
63. 3
64. 0
65. 0
66. 0
67. 2
68. 3
69. 3
70. 2
71. 0
72. 2
73. 7
74. 2
75. 4
76. 3
77. 2
78. 0
79. 3
80. 3
81. 2
82. 0
83. 0
84. 2
85. 4
86. 6
87. 0
88. 2
89. 3
90. 0
91. 0
92. 0
93. 0
94. 0
95. 3
96. 0
97. 3
98. 4
99. 2
100. 3
101. 2
102. 0
103. 3
104. 2
105. 0
106. 0
107. 0
108. 0
109. 2
110. 5
111. 0
112. 3
113. 0
114. 3
115. 0
116. 0
117. 0
118. 4
119. 3
120. 0
121. 2
122. 0
123. 0
124. 0
125. 5
126. 0
127. 0
128. 0
129. 2
130. 0
131. 3
132. 0
133. 5
134. 0
135. 2
136. 0
137. 2
138. 0
139. 0
140. 3
141. 0
142. 0
143. 0
144. 3
145. 3
146. 4
147. 2
148. 2
149. 0
150. 4
151. 0
152. 3
153. 0
154. 3
155. 3
156. 0
157. 3
158. 0
159. 2
160. 0
161. 4
162. 0
163. 3
164. 0
165. 0
166. 2
167. 2
168. 0
169. 0
170. 0
171. 5
172. 0
173. 0
174. 3
175. 2
176. 0
177. 2
178. 3
179. 0
180. 0
181. 2
182. 2
183. 0
184. 3
185. 2
186. 2
187. 0
188. 0
189. 5
190. 4
191. 0
192. 3
193. 0
194. 0
195. 3
196. 0
197. 2
198. 0
199. 2
200. 2