3448.txt
1. 7
2. 3
3. 5
4. 2
5. 2
6. 6
7. 3
8. 1
9. 2
10. 3
11. 2
12. 7
13. 7
14. 4
15. 2
16. 4
17. 1
18. 2
19. 1
20. 4
21. 6
22. 3
23. 2
24. 3
25. 2
26. 4
27. 3
28. 1
29. 2
30. 3
31. 2
32. 4
33. 1
34. 3
35. 2
36. 4
37. 2
38. 2
39. 2
40. 2
41. 5
42. 2
43. 3
44. 2
45. 4
46. 5
47. 3
48. 3
49. 3
50. 5
51. 2
52. 4
53. 2
54. 6
55. 4
56. 3
57. 4
58. 2
59. 3
60. 2
61. 2
62. 2
63. 2
64. 3
65. 2
66. 3
67. 3
68. 3
69. 2
70. 2
71. 3
72. 4
73. 3
74. 2
75. 5
76. 2
77. 1
78. 3
79. 3
80. 1
81. 2
82. 5
83. 3
84. 3
85. 2
86. 1
87. 4
88. 2
89. 2
90. 4
91. 3
92. 3
93. 2
94. 4
95. 1
96. 3
97. 3
98. 3
99. 8
100. 1
101. 3
102. 5
103. 5
104. 2
105. 3
106. 2
107. 3
108. 3
109. 2
110. 2
111. 2
112. 4
113. 2
114. 3
115. 2
116. 3
117. 2
118. 2
119. 6
120. 2
121. 2
122. 3
123. 3
124. 5
125. 7
126. 2
127. 5
128. 3
129. 2
130. 3
131. 2
132. 2
133. 2
134. 2
135. 1
136. 2
137. 2
138. 3
139. 2
140. 2
141. 1
142. 1
143. 2
144. 5
145. 2
146. 1
147. 3
148. 3
149. 3
150. 4
151. 2
152. 2
153. 2
154. 3
155. 1
156. 3
157. 4
158. 2
159. 2
160. 1
161. 2
162. 4
163. 2
164. 2
165. 2
166. 4
167. 1
168. 3
169. 2
170. 3
171. 4
172. 2
173. 3
174. 3
175. 4
176. 1
177. 3
178. 5
179. 3
180. 2
181. 5
182. 2
183. 3
184. 4
185. 2
186. 3
187. 2
188. 2
189. 5
190. 4
191. 5
192. 3
193. 3
194. 4
195. 2
196. 4
197. 6
198. 4
199. 3
200. 3