3450.txt
1. 2
2. 1
3. 2
4. 1
5. 2
6. 3
7. 3
8. 3
9. 1
10. 1
11. 2
12. 2
13. 2
14. 2
15. 2
16. 4
17. 1
18. 1
19. 2
20. 2
21. 2
22. 2
23. 3
24. 3
25. 5
26. 2
27. 2
28. 2
29. 1
30. 4
31. 2
32. 2
33. 1
34. 3
35. 2
36. 1
37. 2
38. 3
39. 3
40. 2
41. 2
42. 2
43. 2
44. 3
45. 2
46. 2
47. 3
48. 3
49. 2
50. 3
51. 2
52. 2
53. 4
54. 3
55. 2
56. 3
57. 5
58. 1
59. 2
60. 3
61. 1
62. 3
63. 2
64. 3
65. 3
66. 2
67. 2
68. 2
69. 2
70. 2
71. 4
72. 2
73. 2
74. 2
75. 1
76. 1
77. 2
78. 3
79. 2
80. 4
81. 2
82. 3
83. 4
84. 2
85. 1
86. 3
87. 2
88. 3
89. 2
90. 2
91. 2
92. 2
93. 2
94. 2
95. 1
96. 2
97. 2
98. 2
99. 3
100. 1
101. 5
102. 1
103. 1
104. 2
105. 2
106. 1
107. 2
108. 1
109. 1
110. 3
111. 2
112. 2
113. 5
114. 2
115. 1
116. 3
117. 2
118. 2
119. 2
120. 2
121. 3
122. 2
123. 1
124. 2
125. 2
126. 2
127. 2
128. 2
129. 3
130. 4
131. 1
132. 2
133. 2
134. 2
135. 3
136. 2
137. 3
138. 2
139. 2
140. 2
141. 3
142. 2
143. 2
144. 1
145. 2
146. 3
147. 2
148. 2
149. 1
150. 3
151. 3
152. 2
153. 3
154. 2
155. 3
156. 2
157. 3
158. 2
159. 2
160. 3
161. 2
162. 2
163. 1
164. 3
165. 3
166. 2
167. 3
168. 2
169. 3
170. 9
171. 2
172. 2
173. 2
174. 4
175. 3
176. 1
177. 2
178. 3
179. 1
180. 2
181. 2
182. 2
183. 2
184. 2
185. 3
186. 1
187. 2
188. 3
189. 1
190. 2
191. 1
192. 2
193. 3
194. 2
195. 1
196. 1
197. 1
198. 2
199. 3
200. 2