3451.txt
1. 3
2. 0
3. 2
4. 3
5. 0
6. 6
7. 1
8. 1
9. 2
10. 1
11. 3
12. 8
13. 1
14. 2
15. 1
16. 0
17. 2
18. 1
19. 3
20. 2
21. 4
22. 3
23. 2
24. 1
25. 1
26. 2
27. 0
28. 2
29. 2
30. 3
31. 1
32. 1
33. 2
34. 1
35. 3
36. 2
37. 2
38. 3
39. 1
40. 1
41. 2
42. 3
43. 3
44. 2
45. 2
46. 1
47. 1
48. 2
49. 2
50. 1
51. 2
52. 2
53. 2
54. 1
55. 2
56. 3
57. 2
58. 5
59. 2
60. 1
61. 4
62. 2
63. 3
64. 4
65. 1
66. 2
67. 1
68. 1
69. 2
70. 2
71. 2
72. 2
73. 3
74. 3
75. 2
76. 1
77. 1
78. 2
79. 1
80. 1
81. 2
82. 3
83. 2
84. 2
85. 1
86. 2
87. 2
88. 1
89. 1
90. 1
91. 2
92. 3
93. 2
94. 3
95. 2
96. 1
97. 1
98. 2
99. 3
100. 3
101. 2
102. 2
103. 1
104. 3
105. 3
106. 5
107. 3
108. 3
109. 2
110. 3
111. 2
112. 2
113. 2
114. 1
115. 2
116. 3
117. 1
118. 2
119. 3
120. 5
121. 2
122. 2
123. 2
124. 2
125. 1
126. 1
127. 2
128. 2
129. 3
130. 2
131. 1
132. 1
133. 1
134. 2
135. 1
136. 1
137. 2
138. 2
139. 3
140. 2
141. 2
142. 1
143. 3
144. 2
145. 1
146. 2
147. 2
148. 2
149. 2
150. 3
151. 2
152. 3
153. 1
154. 2
155. 5
156. 1
157. 2
158. 1
159. 2
160. 2
161. 1
162. 3
163. 7
164. 1
165. 2
166. 1
167. 3
168. 2
169. 2
170. 6
171. 2
172. 2
173. 3
174. 3
175. 4
176. 1
177. 1
178. 2
179. 1
180. 2
181. 1
182. 1
183. 2
184. 2
185. 2
186. 2
187. 2
188. 2
189. 2
190. 2
191. 3
192. 2
193. 3
194. 1
195. 1
196. 1
197. 3
198. 2
199. 2
200. 3