346.txt
1. 0
2. 7
3. 2
4. 2
5. 3
6. 3
7. 2
8. 3
9. 1
10. 4
11. 4
12. 2
13. 3
14. 2
15. 2
16. 0
17. 2
18. 7
19. 1
20. 3
21. 2
22. 3
23. 3
24. 0
25. 2
26. 4
27. 2
28. 4
29. 4
30. 1
31. 3
32. 2
33. 4
34. 1
35. 2
36. 1
37. 2
38. 2
39. 1
40. 2
41. 1
42. 2
43. 4
44. 2
45. 3
46. 1
47. 2
48. 2
49. 2
50. 1
51. 4
52. 2
53. 2
54. 3
55. 6
56. 4
57. 3
58. 3
59. 7
60. 5
61. 3
62. 2
63. 4
64. 2
65. 1
66. 3
67. 3
68. 3
69. 1
70. 2
71. 2
72. 5
73. 1
74. 2
75. 4
76. 2
77. 2
78. 5
79. 2
80. 3
81. 1
82. 1
83. 1
84. 0
85. 1
86. 2
87. 1
88. 2
89. 2
90. 2
91. 2
92. 4
93. 3
94. 1
95. 2
96. 2
97. 1
98. 4
99. 2
100. 2
101. 0
102. 1
103. 3
104. 3
105. 2
106. 2
107. 2
108. 3
109. 1
110. 2
111. 1
112. 1
113. 2
114. 3
115. 3
116. 2
117. 0
118. 1
119. 1
120. 2
121. 1
122. 6
123. 1
124. 2
125. 1
126. 4
127. 3
128. 1
129. 2
130. 1
131. 0
132. 2
133. 5
134. 3
135. 1
136. 2
137. 3
138. 2
139. 2
140. 1
141. 2
142. 1
143. 0
144. 1
145. 2
146. 1
147. 1
148. 2
149. 2
150. 1
151. 2
152. 2
153. 1
154. 2
155. 2
156. 4
157. 1
158. 2
159. 2
160. 3
161. 1
162. 4
163. 2
164. 6
165. 2
166. 2
167. 1
168. 1
169. 2
170. 1
171. 1
172. 1
173. 3
174. 2
175. 2
176. 2
177. 1
178. 2
179. 1
180. 1
181. 2
182. 2
183. 3
184. 2
185. 3
186. 2
187. 2
188. 2
189. 5
190. 2
191. 3
192. 2
193. 0
194. 4
195. 2
196. 2
197. 1
198. 2
199. 2
200. 4