3464.txt
1. 0
2. 0
3. 0
4. 0
5. 2
6. 0
7. 7
8. 0
9. 0
10. 0
11. 1
12. 0
13. 3
14. 0
15. 0
16. 2
17. 3
18. 0
19. 2
20. 2
21. 0
22. 0
23. 2
24. 4
25. 0
26. 2
27. 2
28. 1
29. 0
30. 1
31. 2
32. 0
33. 0
34. 3
35. 2
36. 0
37. 0
38. 0
39. 6
40. 2
41. 0
42. 2
43. 3
44. 1
45. 5
46. 2
47. 1
48. 0
49. 0
50. 0
51. 2
52. 1
53. 3
54. 3
55. 2
56. 2
57. 1
58. 1
59. 0
60. 3
61. 0
62. 0
63. 0
64. 2
65. 0
66. 2
67. 0
68. 4
69. 3
70. 0
71. 0
72. 3
73. 2
74. 0
75. 2
76. 2
77. 0
78. 1
79. 2
80. 2
81. 0
82. 0
83. 0
84. 0
85. 2
86. 1
87. 4
88. 0
89. 0
90. 1
91. 0
92. 2
93. 3
94. 4
95. 0
96. 3
97. 0
98. 0
99. 0
100. 0
101. 0
102. 0
103. 3
104. 0
105. 2
106. 0
107. 0
108. 3
109. 2
110. 0
111. 2
112. 0
113. 2
114. 3
115. 0
116. 2
117. 5
118. 2
119. 0
120. 0
121. 0
122. 1
123. 0
124. 4
125. 0
126. 1
127. 7
128. 0
129. 0
130. 1
131. 0
132. 0
133. 3
134. 0
135. 5
136. 0
137. 3
138. 3
139. 0
140. 3
141. 0
142. 0
143. 0
144. 3
145. 0
146. 2
147. 0
148. 2
149. 0
150. 3
151. 2
152. 0
153. 4
154. 0
155. 0
156. 2
157. 0
158. 0
159. 0
160. 1
161. 0
162. 0
163. 1
164. 2
165. 0
166. 0
167. 3
168. 0
169. 0
170. 0
171. 3
172. 0
173. 0
174. 2
175. 0
176. 2
177. 0
178. 3
179. 3
180. 0
181. 0
182. 3
183. 3
184. 2
185. 2
186. 0
187. 0
188. 0
189. 0
190. 0
191. 2
192. 3
193. 10
194. 3
195. 0
196. 2
197. 0
198. 0
199. 3
200. 2