3468.txt
1. 2
2. 4
3. 2
4. 1
5. 2
6. 3
7. 4
8. 5
9. 3
10. 1
11. 2
12. 1
13. 2
14. 2
15. 2
16. 3
17. 1
18. 3
19. 1
20. 6
21. 3
22. 2
23. 2
24. 1
25. 4
26. 5
27. 2
28. 2
29. 3
30. 2
31. 2
32. 2
33. 4
34. 3
35. 2
36. 2
37. 4
38. 2
39. 1
40. 5
41. 2
42. 4
43. 1
44. 1
45. 3
46. 3
47. 4
48. 3
49. 5
50. 5
51. 1
52. 2
53. 3
54. 3
55. 2
56. 1
57. 3
58. 3
59. 2
60. 2
61. 2
62. 3
63. 4
64. 2
65. 6
66. 2
67. 2
68. 2
69. 2
70. 3
71. 2
72. 2
73. 7
74. 2
75. 1
76. 2
77. 2
78. 3
79. 4
80. 3
81. 2
82. 4
83. 2
84. 2
85. 4
86. 2
87. 2
88. 3
89. 3
90. 2
91. 3
92. 2
93. 3
94. 2
95. 1
96. 1
97. 1
98. 3
99. 3
100. 2
101. 3
102. 2
103. 3
104. 6
105. 2
106. 4
107. 2
108. 2
109. 4
110. 2
111. 3
112. 1
113. 2
114. 3
115. 2
116. 2
117. 3
118. 3
119. 2
120. 3
121. 2
122. 2
123. 2
124. 4
125. 2
126. 2
127. 1
128. 3
129. 2
130. 4
131. 2
132. 3
133. 2
134. 3
135. 2
136. 5
137. 3
138. 3
139. 1
140. 1
141. 2
142. 2
143. 2
144. 2
145. 5
146. 1
147. 2
148. 3
149. 4
150. 5
151. 2
152. 2
153. 4
154. 5
155. 2
156. 2
157. 1
158. 3
159. 2
160. 5
161. 3
162. 3
163. 2
164. 2
165. 6
166. 2
167. 2
168. 1
169. 2
170. 2
171. 3
172. 3
173. 4
174. 2
175. 5
176. 2
177. 2
178. 3
179. 3
180. 2
181. 2
182. 2
183. 3
184. 4
185. 3
186. 3
187. 1
188. 2
189. 2
190. 2
191. 3
192. 4
193. 2
194. 5
195. 2
196. 2
197. 3
198. 2
199. 4
200. 5