3473.txt
1. 0
2. 3
3. 0
4. 0
5. 2
6. 6
7. 0
8. 4
9. 0
10. 0
11. 4
12. 0
13. 0
14. 0
15. 0
16. 3
17. 0
18. 0
19. 0
20. 2
21. 0
22. 0
23. 0
24. 0
25. 0
26. 0
27. 0
28. 0
29. 0
30. 0
31. 2
32. 3
33. 0
34. 5
35. 4
36. 0
37. 2
38. 3
39. 0
40. 0
41. 0
42. 0
43. 0
44. 0
45. 2
46. 0
47. 0
48. 3
49. 3
50. 0
51. 0
52. 0
53. 2
54. 2
55. 0
56. 2
57. 0
58. 0
59. 3
60. 2
61. 0
62. 0
63. 0
64. 2
65. 0
66. 0
67. 0
68. 0
69. 0
70. 0
71. 0
72. 2
73. 3
74. 0
75. 3
76. 0
77. 0
78. 0
79. 2
80. 4
81. 2
82. 0
83. 2
84. 0
85. 0
86. 0
87. 2
88. 3
89. 2
90. 0
91. 3
92. 3
93. 2
94. 3
95. 2
96. 0
97. 4
98. 0
99. 0
100. 0
101. 0
102. 2
103. 3
104. 0
105. 0
106. 0
107. 3
108. 2
109. 2
110. 3
111. 2
112. 2
113. 0
114. 3
115. 0
116. 0
117. 2
118. 0
119. 0
120. 2
121. 3
122. 2
123. 0
124. 2
125. 0
126. 3
127. 0
128. 3
129. 3
130. 0
131. 0
132. 2
133. 2
134. 3
135. 0
136. 0
137. 4
138. 4
139. 3
140. 0
141. 2
142. 2
143. 2
144. 0
145. 0
146. 2
147. 3
148. 0
149. 3
150. 2
151. 0
152. 0
153. 2
154. 2
155. 3
156. 0
157. 0
158. 2
159. 0
160. 2
161. 3
162. 2
163. 2
164. 2
165. 0
166. 0
167. 0
168. 0
169. 0
170. 2
171. 0
172. 2
173. 4
174. 2
175. 0
176. 2
177. 3
178. 0
179. 0
180. 4
181. 3
182. 2
183. 2
184. 3
185. 0
186. 3
187. 2
188. 0
189. 2
190. 2
191. 0
192. 0
193. 3
194. 4
195. 0
196. 4
197. 0
198. 4
199. 2
200. 2