3476.txt
1. 0
2. 0
3. 1
4. 4
5. 2
6. 0
7. 1
8. 3
9. 7
10. 2
11. 3
12. 0
13. 2
14. 2
15. 1
16. 1
17. 0
18. 3
19. 2
20. 2
21. 3
22. 4
23. 1
24. 2
25. 3
26. 5
27. 0
28. 1
29. 2
30. 2
31. 1
32. 0
33. 0
34. 2
35. 1
36. 0
37. 0
38. 3
39. 2
40. 4
41. 1
42. 1
43. 2
44. 2
45. 5
46. 2
47. 0
48. 2
49. 1
50. 1
51. 2
52. 2
53. 0
54. 2
55. 1
56. 2
57. 0
58. 2
59. 4
60. 1
61. 3
62. 1
63. 2
64. 6
65. 3
66. 2
67. 0
68. 3
69. 1
70. 2
71. 0
72. 3
73. 2
74. 1
75. 0
76. 3
77. 0
78. 2
79. 3
80. 0
81. 2
82. 0
83. 1
84. 2
85. 0
86. 2
87. 4
88. 1
89. 1
90. 2
91. 2
92. 3
93. 4
94. 1
95. 2
96. 2
97. 2
98. 1
99. 2
100. 0
101. 2
102. 0
103. 2
104. 3
105. 2
106. 1
107. 1
108. 1
109. 1
110. 2
111. 2
112. 2
113. 0
114. 6
115. 4
116. 2
117. 2
118. 1
119. 4
120. 1
121. 0
122. 1
123. 0
124. 1
125. 2
126. 0
127. 1
128. 3
129. 2
130. 4
131. 1
132. 3
133. 2
134. 3
135. 1
136. 1
137. 1
138. 3
139. 3
140. 1
141. 2
142. 4
143. 3
144. 1
145. 1
146. 2
147. 1
148. 2
149. 2
150. 2
151. 3
152. 3
153. 1
154. 3
155. 1
156. 2
157. 1
158. 2
159. 2
160. 1
161. 0
162. 0
163. 1
164. 1
165. 1
166. 1
167. 3
168. 1
169. 1
170. 2
171. 2
172. 2
173. 1
174. 3
175. 3
176. 2
177. 1
178. 1
179. 2
180. 3
181. 0
182. 3
183. 1
184. 3
185. 0
186. 3
187. 3
188. 0
189. 2
190. 3
191. 1
192. 2
193. 2
194. 1
195. 2
196. 3
197. 4
198. 2
199. 2
200. 2