3477.txt
1. 0
2. 4
3. 3
4. 3
5. 2
6. 1
7. 0
8. 4
9. 1
10. 2
11. 2
12. 3
13. 2
14. 2
15. 1
16. 3
17. 1
18. 2
19. 1
20. 3
21. 1
22. 3
23. 0
24. 2
25. 3
26. 2
27. 4
28. 2
29. 1
30. 3
31. 1
32. 1
33. 1
34. 2
35. 1
36. 4
37. 2
38. 1
39. 2
40. 2
41. 3
42. 1
43. 2
44. 3
45. 1
46. 2
47. 1
48. 3
49. 1
50. 2
51. 7
52. 1
53. 3
54. 3
55. 2
56. 1
57. 2
58. 2
59. 4
60. 3
61. 2
62. 2
63. 2
64. 4
65. 1
66. 2
67. 3
68. 2
69. 1
70. 3
71. 1
72. 2
73. 2
74. 1
75. 3
76. 2
77. 3
78. 2
79. 1
80. 1
81. 1
82. 1
83. 1
84. 1
85. 1
86. 6
87. 1
88. 1
89. 2
90. 4
91. 1
92. 3
93. 1
94. 2
95. 2
96. 1
97. 1
98. 1
99. 2
100. 3
101. 1
102. 2
103. 5
104. 3
105. 1
106. 3
107. 1
108. 4
109. 2
110. 2
111. 1
112. 2
113. 1
114. 3
115. 1
116. 2
117. 3
118. 2
119. 2
120. 4
121. 6
122. 3
123. 1
124. 3
125. 2
126. 4
127. 2
128. 2
129. 2
130. 1
131. 2
132. 1
133. 1
134. 2
135. 1
136. 4
137. 2
138. 5
139. 2
140. 1
141. 4
142. 2
143. 4
144. 2
145. 2
146. 1
147. 2
148. 4
149. 1
150. 2
151. 1
152. 1
153. 1
154. 3
155. 2
156. 2
157. 1
158. 2
159. 2
160. 2
161. 3
162. 2
163. 2
164. 5
165. 1
166. 3
167. 2
168. 2
169. 3
170. 2
171. 2
172. 3
173. 2
174. 2
175. 4
176. 3
177. 1
178. 1
179. 3
180. 1
181. 1
182. 1
183. 1
184. 1
185. 1
186. 2
187. 1
188. 3
189. 1
190. 5
191. 1
192. 2
193. 1
194. 2
195. 1
196. 2
197. 2
198. 2
199. 2
200. 3