3479.txt
1. 2
2. 1
3. 2
4. 3
5. 2
6. 3
7. 1
8. 3
9. 5
10. 1
11. 4
12. 1
13. 2
14. 2
15. 1
16. 4
17. 3
18. 4
19. 1
20. 3
21. 3
22. 2
23. 2
24. 2
25. 4
26. 2
27. 1
28. 2
29. 3
30. 2
31. 2
32. 3
33. 1
34. 2
35. 1
36. 3
37. 2
38. 2
39. 3
40. 2
41. 4
42. 2
43. 3
44. 1
45. 3
46. 3
47. 2
48. 2
49. 1
50. 3
51. 3
52. 1
53. 1
54. 1
55. 1
56. 3
57. 2
58. 3
59. 2
60. 3
61. 2
62. 2
63. 2
64. 2
65. 3
66. 2
67. 4
68. 3
69. 1
70. 2
71. 2
72. 1
73. 2
74. 2
75. 2
76. 2
77. 3
78. 4
79. 2
80. 2
81. 2
82. 3
83. 1
84. 2
85. 1
86. 3
87. 2
88. 1
89. 2
90. 3
91. 4
92. 2
93. 2
94. 1
95. 3
96. 3
97. 1
98. 3
99. 4
100. 1
101. 2
102. 2
103. 3
104. 1
105. 2
106. 2
107. 3
108. 3
109. 2
110. 2
111. 2
112. 2
113. 2
114. 2
115. 2
116. 4
117. 2
118. 3
119. 3
120. 2
121. 3
122. 2
123. 3
124. 4
125. 2
126. 4
127. 2
128. 3
129. 3
130. 2
131. 2
132. 2
133. 3
134. 1
135. 3
136. 3
137. 3
138. 3
139. 3
140. 2
141. 2
142. 2
143. 2
144. 4
145. 2
146. 2
147. 2
148. 2
149. 2
150. 2
151. 1
152. 1
153. 2
154. 2
155. 3
156. 2
157. 1
158. 2
159. 1
160. 4
161. 1
162. 3
163. 3
164. 2
165. 2
166. 3
167. 2
168. 2
169. 1
170. 2
171. 2
172. 1
173. 2
174. 3
175. 2
176. 3
177. 2
178. 2
179. 2
180. 3
181. 3
182. 3
183. 2
184. 2
185. 4
186. 2
187. 3
188. 2
189. 2
190. 2
191. 2
192. 6
193. 2
194. 2
195. 2
196. 2
197. 3
198. 2
199. 2
200. 2