3486.txt
1. 3
2. 4
3. 2
4. 6
5. 1
6. 2
7. 4
8. 1
9. 1
10. 2
11. 1
12. 2
13. 1
14. 3
15. 2
16. 1
17. 3
18. 4
19. 2
20. 1
21. 1
22. 4
23. 4
24. 4
25. 1
26. 5
27. 3
28. 3
29. 2
30. 3
31. 1
32. 2
33. 1
34. 1
35. 2
36. 1
37. 7
38. 1
39. 1
40. 3
41. 4
42. 3
43. 1
44. 1
45. 3
46. 3
47. 1
48. 4
49. 1
50. 2
51. 2
52. 1
53. 4
54. 1
55. 2
56. 1
57. 3
58. 5
59. 2
60. 3
61. 1
62. 2
63. 3
64. 1
65. 3
66. 3
67. 1
68. 2
69. 2
70. 2
71. 3
72. 1
73. 2
74. 3
75. 2
76. 1
77. 4
78. 1
79. 2
80. 3
81. 2
82. 3
83. 2
84. 2
85. 3
86. 1
87. 3
88. 4
89. 3
90. 1
91. 3
92. 1
93. 4
94. 3
95. 1
96. 4
97. 4
98. 2
99. 1
100. 3
101. 2
102. 6
103. 2
104. 2
105. 4
106. 1
107. 2
108. 5
109. 1
110. 4
111. 1
112. 1
113. 1
114. 1
115. 2
116. 3
117. 3
118. 3
119. 4
120. 1
121. 1
122. 2
123. 1
124. 1
125. 2
126. 1
127. 2
128. 2
129. 2
130. 2
131. 3
132. 4
133. 1
134. 2
135. 1
136. 3
137. 1
138. 2
139. 1
140. 3
141. 2
142. 1
143. 3
144. 2
145. 3
146. 2
147. 2
148. 5
149. 2
150. 2
151. 2
152. 2
153. 2
154. 3
155. 6
156. 1
157. 1
158. 3
159. 4
160. 2
161. 2
162. 2
163. 2
164. 3
165. 2
166. 1
167. 3
168. 3
169. 2
170. 2
171. 2
172. 2
173. 3
174. 2
175. 3
176. 2
177. 2
178. 3
179. 3
180. 2
181. 1
182. 2
183. 2
184. 2
185. 6
186. 1
187. 2
188. 4
189. 5
190. 2
191. 3
192. 1
193. 3
194. 3
195. 1
196. 2
197. 2
198. 3
199. 1
200. 1