350.txt
1. 3
2. 4
3. 4
4. 0
5. 1
6. 1
7. 3
8. 2
9. 5
10. 0
11. 2
12. 2
13. 1
14. 3
15. 2
16. 1
17. 0
18. 0
19. 1
20. 3
21. 3
22. 2
23. 2
24. 3
25. 3
26. 6
27. 1
28. 2
29. 4
30. 2
31. 3
32. 1
33. 5
34. 2
35. 4
36. 3
37. 1
38. 2
39. 1
40. 3
41. 3
42. 4
43. 1
44. 1
45. 3
46. 1
47. 2
48. 1
49. 1
50. 2
51. 2
52. 4
53. 7
54. 2
55. 2
56. 2
57. 2
58. 6
59. 2
60. 2
61. 2
62. 2
63. 3
64. 5
65. 2
66. 2
67. 1
68. 1
69. 2
70. 1
71. 1
72. 1
73. 2
74. 2
75. 3
76. 2
77. 1
78. 2
79. 3
80. 1
81. 2
82. 3
83. 2
84. 1
85. 1
86. 2
87. 1
88. 1
89. 2
90. 2
91. 1
92. 1
93. 2
94. 2
95. 2
96. 2
97. 1
98. 2
99. 3
100. 3
101. 1
102. 5
103. 1
104. 4
105. 2
106. 3
107. 2
108. 2
109. 4
110. 4
111. 2
112. 3
113. 2
114. 2
115. 1
116. 3
117. 2
118. 2
119. 2
120. 3
121. 1
122. 3
123. 2
124. 1
125. 3
126. 4
127. 2
128. 0
129. 2
130. 2
131. 1
132. 2
133. 2
134. 3
135. 2
136. 5
137. 1
138. 2
139. 4
140. 2
141. 2
142. 2
143. 1
144. 2
145. 2
146. 2
147. 3
148. 2
149. 3
150. 2
151. 2
152. 1
153. 1
154. 5
155. 4
156. 3
157. 1
158. 2
159. 4
160. 1
161. 3
162. 2
163. 1
164. 4
165. 1
166. 3
167. 1
168. 1
169. 1
170. 2
171. 2
172. 1
173. 3
174. 2
175. 2
176. 2
177. 4
178. 2
179. 2
180. 2
181. 2
182. 2
183. 2
184. 2
185. 1
186. 2
187. 2
188. 4
189. 3
190. 2
191. 4
192. 4
193. 3
194. 2
195. 1
196. 2
197. 2
198. 3
199. 2
200. 4