3503.txt
1. 0
2. 0
3. 2
4. 0
5. 3
6. 1
7. 0
8. 7
9. 0
10. 0
11. 4
12. 1
13. 0
14. 0
15. 3
16. 2
17. 6
18. 1
19. 2
20. 1
21. 2
22. 4
23. 2
24. 0
25. 0
26. 0
27. 0
28. 0
29. 1
30. 2
31. 0
32. 4
33. 3
34. 1
35. 3
36. 0
37. 2
38. 3
39. 2
40. 0
41. 0
42. 2
43. 0
44. 0
45. 2
46. 0
47. 1
48. 2
49. 8
50. 2
51. 2
52. 2
53. 0
54. 1
55. 1
56. 2
57. 5
58. 2
59. 1
60. 4
61. 0
62. 0
63. 0
64. 2
65. 0
66. 1
67. 2
68. 2
69. 0
70. 3
71. 0
72. 4
73. 3
74. 2
75. 3
76. 2
77. 0
78. 2
79. 3
80. 0
81. 1
82. 7
83. 2
84. 0
85. 0
86. 0
87. 2
88. 3
89. 0
90. 1
91. 1
92. 3
93. 0
94. 0
95. 1
96. 3
97. 4
98. 0
99. 2
100. 3
101. 0
102. 0
103. 1
104. 1
105. 0
106. 3
107. 4
108. 2
109. 1
110. 0
111. 1
112. 1
113. 1
114. 0
115. 0
116. 1
117. 2
118. 0
119. 1
120. 2
121. 0
122. 2
123. 0
124. 1
125. 0
126. 2
127. 2
128. 1
129. 0
130. 1
131. 0
132. 2
133. 0
134. 2
135. 0
136. 0
137. 6
138. 0
139. 0
140. 1
141. 0
142. 0
143. 3
144. 1
145. 2
146. 0
147. 3
148. 1
149. 0
150. 3
151. 0
152. 1
153. 2
154. 2
155. 3
156. 0
157. 3
158. 0
159. 2
160. 0
161. 1
162. 2
163. 2
164. 1
165. 2
166. 1
167. 0
168. 4
169. 1
170. 4
171. 2
172. 2
173. 2
174. 0
175. 4
176. 2
177. 0
178. 0
179. 0
180. 3
181. 1
182. 0
183. 2
184. 2
185. 0
186. 1
187. 0
188. 0
189. 0
190. 1
191. 0
192. 2
193. 2
194. 2
195. 1
196. 0
197. 3
198. 4
199. 0
200. 2