3508.txt
1. 2
2. 4
3. 1
4. 3
5. 2
6. 3
7. 1
8. 2
9. 6
10. 1
11. 2
12. 4
13. 2
14. 3
15. 2
16. 2
17. 4
18. 3
19. 5
20. 1
21. 5
22. 2
23. 2
24. 4
25. 5
26. 1
27. 1
28. 2
29. 2
30. 3
31. 2
32. 3
33. 2
34. 4
35. 2
36. 2
37. 1
38. 3
39. 3
40. 6
41. 1
42. 2
43. 1
44. 2
45. 2
46. 5
47. 1
48. 2
49. 2
50. 1
51. 6
52. 3
53. 5
54. 2
55. 2
56. 2
57. 4
58. 3
59. 3
60. 3
61. 2
62. 2
63. 3
64. 1
65. 2
66. 1
67. 2
68. 2
69. 4
70. 3
71. 1
72. 3
73. 4
74. 2
75. 1
76. 2
77. 4
78. 3
79. 1
80. 3
81. 1
82. 2
83. 1
84. 4
85. 4
86. 3
87. 2
88. 1
89. 2
90. 5
91. 4
92. 4
93. 2
94. 2
95. 2
96. 3
97. 3
98. 3
99. 3
100. 2
101. 3
102. 2
103. 3
104. 3
105. 3
106. 2
107. 4
108. 2
109. 2
110. 2
111. 1
112. 3
113. 3
114. 2
115. 2
116. 3
117. 3
118. 2
119. 1
120. 2
121. 1
122. 3
123. 1
124. 5
125. 2
126. 3
127. 2
128. 5
129. 3
130. 2
131. 1
132. 2
133. 2
134. 3
135. 4
136. 2
137. 1
138. 2
139. 2
140. 3
141. 1
142. 2
143. 2
144. 2
145. 3
146. 2
147. 2
148. 2
149. 3
150. 3
151. 3
152. 3
153. 2
154. 3
155. 3
156. 3
157. 2
158. 2
159. 4
160. 4
161. 2
162. 2
163. 3
164. 2
165. 2
166. 7
167. 3
168. 2
169. 3
170. 3
171. 5
172. 3
173. 2
174. 3
175. 1
176. 4
177. 3
178. 3
179. 2
180. 3
181. 3
182. 4
183. 5
184. 2
185. 4
186. 3
187. 3
188. 3
189. 3
190. 4
191. 3
192. 2
193. 3
194. 3
195. 2
196. 3
197. 4
198. 4
199. 2
200. 2