3515.txt
1. 0
2. 1
3. 2
4. 0
5. 3
6. 4
7. 1
8. 1
9. 4
10. 1
11. 1
12. 5
13. 4
14. 8
15. 1
16. 2
17. 1
18. 3
19. 1
20. 1
21. 1
22. 0
23. 1
24. 3
25. 4
26. 1
27. 1
28. 3
29. 0
30. 6
31. 3
32. 1
33. 1
34. 2
35. 3
36. 3
37. 0
38. 3
39. 0
40. 3
41. 0
42. 1
43. 1
44. 4
45. 2
46. 2
47. 2
48. 2
49. 1
50. 1
51. 2
52. 1
53. 6
54. 1
55. 4
56. 1
57. 3
58. 0
59. 2
60. 0
61. 1
62. 2
63. 1
64. 1
65. 2
66. 3
67. 1
68. 1
69. 3
70. 1
71. 2
72. 1
73. 5
74. 1
75. 2
76. 1
77. 4
78. 1
79. 3
80. 2
81. 3
82. 2
83. 2
84. 0
85. 1
86. 1
87. 2
88. 1
89. 2
90. 2
91. 1
92. 3
93. 2
94. 3
95. 3
96. 3
97. 0
98. 1
99. 2
100. 1
101. 2
102. 2
103. 2
104. 2
105. 2
106. 3
107. 1
108. 1
109. 1
110. 3
111. 1
112. 2
113. 4
114. 4
115. 1
116. 1
117. 3
118. 1
119. 3
120. 0
121. 0
122. 2
123. 3
124. 1
125. 1
126. 1
127. 1
128. 2
129. 1
130. 2
131. 7
132. 1
133. 0
134. 1
135. 1
136. 4
137. 0
138. 1
139. 1
140. 5
141. 1
142. 2
143. 2
144. 2
145. 3
146. 2
147. 2
148. 0
149. 1
150. 1
151. 1
152. 1
153. 1
154. 1
155. 1
156. 2
157. 1
158. 2
159. 2
160. 1
161. 3
162. 0
163. 4
164. 2
165. 0
166. 0
167. 3
168. 2
169. 3
170. 1
171. 3
172. 1
173. 5
174. 2
175. 0
176. 2
177. 3
178. 0
179. 3
180. 1
181. 3
182. 2
183. 0
184. 2
185. 1
186. 3
187. 1
188. 3
189. 2
190. 2
191. 2
192. 0
193. 1
194. 4
195. 2
196. 1
197. 0
198. 2
199. 1
200. 3