352.txt
1. 0
2. 3
3. 1
4. 2
5. 2
6. 2
7. 4
8. 1
9. 2
10. 2
11. 1
12. 3
13. 2
14. 1
15. 2
16. 2
17. 2
18. 1
19. 2
20. 1
21. 4
22. 3
23. 1
24. 2
25. 1
26. 0
27. 0
28. 1
29. 2
30. 2
31. 2
32. 1
33. 1
34. 3
35. 3
36. 3
37. 3
38. 4
39. 3
40. 4
41. 5
42. 2
43. 2
44. 4
45. 2
46. 1
47. 2
48. 2
49. 1
50. 4
51. 2
52. 1
53. 1
54. 2
55. 5
56. 4
57. 1
58. 2
59. 2
60. 2
61. 6
62. 4
63. 3
64. 2
65. 1
66. 2
67. 3
68. 2
69. 2
70. 1
71. 4
72. 2
73. 3
74. 3
75. 2
76. 1
77. 3
78. 3
79. 1
80. 4
81. 2
82. 2
83. 1
84. 2
85. 4
86. 2
87. 2
88. 2
89. 2
90. 3
91. 2
92. 3
93. 1
94. 2
95. 5
96. 1
97. 3
98. 1
99. 3
100. 1
101. 2
102. 1
103. 4
104. 3
105. 1
106. 3
107. 2
108. 1
109. 1
110. 1
111. 2
112. 3
113. 2
114. 3
115. 1
116. 1
117. 3
118. 2
119. 1
120. 3
121. 3
122. 2
123. 3
124. 3
125. 2
126. 1
127. 3
128. 2
129. 2
130. 2
131. 1
132. 1
133. 2
134. 2
135. 2
136. 3
137. 2
138. 3
139. 4
140. 2
141. 2
142. 2
143. 2
144. 3
145. 2
146. 2
147. 2
148. 2
149. 3
150. 2
151. 2
152. 2
153. 3
154. 1
155. 2
156. 2
157. 2
158. 1
159. 3
160. 2
161. 1
162. 2
163. 2
164. 2
165. 1
166. 2
167. 4
168. 3
169. 2
170. 2
171. 3
172. 2
173. 1
174. 4
175. 3
176. 1
177. 2
178. 2
179. 1
180. 2
181. 2
182. 2
183. 3
184. 3
185. 1
186. 2
187. 2
188. 3
189. 3
190. 3
191. 2
192. 1
193. 3
194. 2
195. 1
196. 2
197. 2
198. 2
199. 2
200. 2