3543.txt
1. 0
2. 0
3. 4
4. 0
5. 6
6. 2
7. 0
8. 1
9. 3
10. 1
11. 0
12. 0
13. 3
14. 0
15. 0
16. 2
17. 0
18. 3
19. 3
20. 2
21. 1
22. 3
23. 2
24. 2
25. 1
26. 1
27. 0
28. 2
29. 3
30. 1
31. 2
32. 1
33. 3
34. 2
35. 1
36. 4
37. 1
38. 2
39. 0
40. 1
41. 0
42. 0
43. 2
44. 1
45. 2
46. 0
47. 3
48. 2
49. 2
50. 2
51. 1
52. 0
53. 1
54. 1
55. 2
56. 1
57. 7
58. 4
59. 1
60. 2
61. 4
62. 3
63. 1
64. 2
65. 1
66. 1
67. 3
68. 6
69. 2
70. 2
71. 0
72. 2
73. 4
74. 4
75. 1
76. 4
77. 3
78. 0
79. 0
80. 1
81. 5
82. 0
83. 2
84. 4
85. 2
86. 1
87. 2
88. 2
89. 1
90. 3
91. 5
92. 2
93. 2
94. 1
95. 2
96. 2
97. 3
98. 1
99. 2
100. 2
101. 1
102. 2
103. 3
104. 2
105. 1
106. 1
107. 2
108. 2
109. 1
110. 2
111. 3
112. 0
113. 1
114. 1
115. 2
116. 1
117. 3
118. 2
119. 0
120. 2
121. 0
122. 2
123. 3
124. 1
125. 1
126. 3
127. 3
128. 2
129. 1
130. 2
131. 2
132. 1
133. 3
134. 1
135. 3
136. 2
137. 3
138. 1
139. 3
140. 2
141. 2
142. 2
143. 2
144. 2
145. 3
146. 2
147. 2
148. 3
149. 3
150. 3
151. 1
152. 1
153. 2
154. 5
155. 3
156. 0
157. 4
158. 2
159. 1
160. 3
161. 0
162. 2
163. 1
164. 2
165. 2
166. 3
167. 1
168. 3
169. 0
170. 2
171. 2
172. 0
173. 2
174. 1
175. 1
176. 3
177. 3
178. 2
179. 2
180. 2
181. 0
182. 3
183. 4
184. 1
185. 1
186. 2
187. 2
188. 3
189. 4
190. 0
191. 1
192. 1
193. 2
194. 3
195. 1
196. 2
197. 2
198. 2
199. 2
200. 1