3544.txt
1. 8
2. 3
3. 1
4. 2
5. 4
6. 1
7. 4
8. 1
9. 1
10. 2
11. 3
12. 3
13. 7
14. 3
15. 2
16. 2
17. 3
18. 2
19. 5
20. 2
21. 3
22. 2
23. 2
24. 4
25. 1
26. 1
27. 2
28. 2
29. 2
30. 1
31. 1
32. 1
33. 4
34. 7
35. 2
36. 3
37. 4
38. 2
39. 2
40. 2
41. 1
42. 2
43. 3
44. 1
45. 1
46. 2
47. 1
48. 2
49. 3
50. 2
51. 4
52. 5
53. 2
54. 7
55. 6
56. 6
57. 3
58. 3
59. 2
60. 2
61. 1
62. 7
63. 4
64. 2
65. 2
66. 2
67. 1
68. 1
69. 2
70. 3
71. 1
72. 5
73. 2
74. 4
75. 2
76. 2
77. 3
78. 3
79. 3
80. 1
81. 3
82. 2
83. 4
84. 1
85. 3
86. 1
87. 2
88. 2
89. 2
90. 3
91. 1
92. 2
93. 2
94. 1
95. 2
96. 2
97. 2
98. 2
99. 2
100. 3
101. 2
102. 1
103. 4
104. 3
105. 2
106. 3
107. 2
108. 2
109. 3
110. 2
111. 2
112. 2
113. 2
114. 1
115. 2
116. 1
117. 1
118. 1
119. 6
120. 2
121. 5
122. 2
123. 2
124. 1
125. 2
126. 2
127. 2
128. 1
129. 1
130. 1
131. 2
132. 3
133. 3
134. 1
135. 1
136. 2
137. 2
138. 2
139. 1
140. 7
141. 5
142. 2
143. 1
144. 3
145. 1
146. 2
147. 3
148. 2
149. 3
150. 3
151. 4
152. 2
153. 3
154. 5
155. 1
156. 2
157. 6
158. 2
159. 2
160. 3
161. 1
162. 1
163. 1
164. 1
165. 1
166. 2
167. 4
168. 4
169. 1
170. 3
171. 2
172. 3
173. 2
174. 3
175. 2
176. 3
177. 3
178. 2
179. 1
180. 4
181. 2
182. 2
183. 1
184. 3
185. 2
186. 4
187. 2
188. 1
189. 1
190. 1
191. 1
192. 3
193. 3
194. 2
195. 2
196. 2
197. 4
198. 4
199. 2
200. 4