3546.txt
1. 2
2. 1
3. 2
4. 2
5. 1
6. 4
7. 2
8. 1
9. 3
10. 3
11. 5
12. 2
13. 4
14. 3
15. 2
16. 3
17. 2
18. 2
19. 3
20. 1
21. 3
22. 1
23. 2
24. 2
25. 1
26. 1
27. 5
28. 3
29. 2
30. 1
31. 3
32. 2
33. 2
34. 2
35. 5
36. 2
37. 3
38. 3
39. 2
40. 3
41. 2
42. 2
43. 2
44. 3
45. 2
46. 2
47. 3
48. 4
49. 1
50. 2
51. 3
52. 5
53. 3
54. 3
55. 1
56. 6
57. 4
58. 3
59. 7
60. 2
61. 5
62. 1
63. 2
64. 3
65. 2
66. 5
67. 4
68. 3
69. 1
70. 4
71. 4
72. 2
73. 2
74. 4
75. 2
76. 3
77. 2
78. 2
79. 2
80. 2
81. 3
82. 2
83. 1
84. 2
85. 1
86. 4
87. 2
88. 3
89. 2
90. 3
91. 3
92. 8
93. 2
94. 2
95. 4
96. 2
97. 2
98. 1
99. 4
100. 2
101. 1
102. 1
103. 4
104. 2
105. 2
106. 4
107. 1
108. 4
109. 2
110. 3
111. 1
112. 4
113. 5
114. 5
115. 2
116. 7
117. 3
118. 4
119. 1
120. 5
121. 3
122. 3
123. 1
124. 7
125. 2
126. 2
127. 2
128. 2
129. 3
130. 3
131. 2
132. 1
133. 3
134. 2
135. 2
136. 3
137. 1
138. 3
139. 2
140. 2
141. 2
142. 2
143. 2
144. 3
145. 3
146. 3
147. 2
148. 2
149. 2
150. 3
151. 6
152. 2
153. 2
154. 2
155. 2
156. 2
157. 3
158. 2
159. 3
160. 4
161. 6
162. 2
163. 2
164. 2
165. 3
166. 2
167. 2
168. 3
169. 2
170. 3
171. 2
172. 2
173. 3
174. 3
175. 3
176. 2
177. 3
178. 5
179. 2
180. 3
181. 3
182. 2
183. 3
184. 2
185. 2
186. 2
187. 3
188. 6
189. 3
190. 2
191. 3
192. 4
193. 2
194. 3
195. 1
196. 4
197. 2
198. 3
199. 3
200. 2