3550.txt
1. 2
2. 1
3. 3
4. 2
5. 3
6. 3
7. 4
8. 4
9. 5
10. 4
11. 1
12. 5
13. 2
14. 2
15. 2
16. 6
17. 3
18. 1
19. 1
20. 2
21. 3
22. 6
23. 2
24. 2
25. 4
26. 7
27. 3
28. 4
29. 6
30. 4
31. 4
32. 4
33. 2
34. 1
35. 5
36. 2
37. 2
38. 3
39. 7
40. 3
41. 2
42. 1
43. 1
44. 1
45. 2
46. 3
47. 5
48. 2
49. 5
50. 2
51. 1
52. 2
53. 4
54. 2
55. 2
56. 1
57. 2
58. 4
59. 3
60. 2
61. 9
62. 2
63. 3
64. 2
65. 4
66. 7
67. 2
68. 4
69. 3
70. 4
71. 1
72. 3
73. 3
74. 2
75. 4
76. 2
77. 3
78. 2
79. 2
80. 4
81. 2
82. 1
83. 3
84. 2
85. 2
86. 3
87. 2
88. 4
89. 2
90. 2
91. 2
92. 2
93. 2
94. 2
95. 2
96. 3
97. 3
98. 2
99. 2
100. 3
101. 4
102. 2
103. 2
104. 2
105. 2
106. 3
107. 4
108. 2
109. 3
110. 2
111. 2
112. 3
113. 2
114. 2
115. 2
116. 2
117. 4
118. 4
119. 2
120. 4
121. 5
122. 2
123. 3
124. 4
125. 2
126. 3
127. 3
128. 3
129. 5
130. 5
131. 2
132. 3
133. 2
134. 2
135. 2
136. 3
137. 2
138. 2
139. 6
140. 2
141. 2
142. 2
143. 3
144. 3
145. 4
146. 2
147. 3
148. 5
149. 2
150. 2
151. 6
152. 3
153. 5
154. 2
155. 3
156. 2
157. 2
158. 1
159. 3
160. 2
161. 3
162. 3
163. 1
164. 6
165. 2
166. 2
167. 2
168. 4
169. 2
170. 2
171. 4
172. 7
173. 2
174. 4
175. 7
176. 3
177. 2
178. 2
179. 3
180. 3
181. 2
182. 2
183. 4
184. 2
185. 7
186. 2
187. 4
188. 2
189. 2
190. 2
191. 2
192. 4
193. 3
194. 3
195. 2
196. 2
197. 3
198. 2
199. 4
200. 2