3552.txt
1. 0
2. 4
3. 2
4. 3
5. 0
6. 2
7. 1
8. 0
9. 3
10. 3
11. 2
12. 1
13. 4
14. 1
15. 2
16. 0
17. 2
18. 1
19. 3
20. 4
21. 1
22. 1
23. 2
24. 5
25. 2
26. 1
27. 1
28. 1
29. 5
30. 0
31. 2
32. 1
33. 1
34. 4
35. 0
36. 1
37. 2
38. 3
39. 4
40. 3
41. 0
42. 1
43. 2
44. 2
45. 1
46. 2
47. 2
48. 3
49. 2
50. 2
51. 2
52. 0
53. 3
54. 2
55. 1
56. 2
57. 1
58. 2
59. 3
60. 2
61. 2
62. 1
63. 1
64. 1
65. 2
66. 2
67. 1
68. 3
69. 1
70. 3
71. 1
72. 3
73. 2
74. 0
75. 3
76. 1
77. 1
78. 1
79. 1
80. 4
81. 0
82. 1
83. 3
84. 0
85. 3
86. 1
87. 2
88. 3
89. 2
90. 0
91. 2
92. 2
93. 3
94. 1
95. 6
96. 1
97. 0
98. 1
99. 0
100. 2
101. 3
102. 1
103. 3
104. 2
105. 2
106. 3
107. 3
108. 2
109. 1
110. 2
111. 1
112. 1
113. 2
114. 1
115. 2
116. 0
117. 2
118. 2
119. 1
120. 2
121. 1
122. 2
123. 1
124. 3
125. 5
126. 3
127. 1
128. 1
129. 4
130. 2
131. 2
132. 1
133. 2
134. 2
135. 3
136. 1
137. 2
138. 1
139. 2
140. 1
141. 2
142. 1
143. 4
144. 3
145. 1
146. 2
147. 0
148. 1
149. 4
150. 3
151. 1
152. 1
153. 4
154. 2
155. 4
156. 1
157. 3
158. 2
159. 1
160. 5
161. 1
162. 3
163. 2
164. 1
165. 2
166. 4
167. 3
168. 2
169. 1
170. 2
171. 2
172. 2
173. 2
174. 1
175. 3
176. 2
177. 1
178. 2
179. 1
180. 4
181. 1
182. 2
183. 2
184. 3
185. 2
186. 1
187. 0
188. 2
189. 2
190. 2
191. 1
192. 1
193. 2
194. 4
195. 1
196. 1
197. 3
198. 2
199. 2
200. 3