3559.txt
1. 2
2. 4
3. 1
4. 2
5. 2
6. 1
7. 2
8. 2
9. 3
10. 1
11. 3
12. 2
13. 1
14. 3
15. 1
16. 4
17. 3
18. 2
19. 2
20. 1
21. 2
22. 1
23. 3
24. 3
25. 2
26. 3
27. 2
28. 1
29. 4
30. 2
31. 3
32. 2
33. 1
34. 2
35. 3
36. 1
37. 5
38. 2
39. 4
40. 3
41. 3
42. 1
43. 2
44. 1
45. 2
46. 3
47. 2
48. 1
49. 2
50. 1
51. 2
52. 2
53. 3
54. 2
55. 1
56. 2
57. 1
58. 1
59. 3
60. 2
61. 3
62. 3
63. 4
64. 1
65. 2
66. 4
67. 2
68. 2
69. 3
70. 4
71. 2
72. 1
73. 3
74. 4
75. 1
76. 3
77. 2
78. 3
79. 2
80. 1
81. 3
82. 1
83. 4
84. 1
85. 3
86. 2
87. 1
88. 3
89. 4
90. 1
91. 2
92. 1
93. 3
94. 1
95. 2
96. 1
97. 3
98. 2
99. 3
100. 1
101. 1
102. 2
103. 3
104. 4
105. 2
106. 2
107. 3
108. 2
109. 4
110. 4
111. 2
112. 2
113. 2
114. 3
115. 2
116. 4
117. 2
118. 3
119. 2
120. 3
121. 3
122. 2
123. 2
124. 1
125. 4
126. 2
127. 1
128. 2
129. 3
130. 2
131. 3
132. 2
133. 1
134. 2
135. 2
136. 3
137. 3
138. 2
139. 4
140. 3
141. 2
142. 3
143. 2
144. 4
145. 3
146. 4
147. 1
148. 4
149. 1
150. 2
151. 2
152. 2
153. 3
154. 1
155. 2
156. 2
157. 4
158. 1
159. 3
160. 2
161. 2
162. 3
163. 2
164. 1
165. 1
166. 5
167. 1
168. 2
169. 3
170. 1
171. 2
172. 4
173. 1
174. 2
175. 2
176. 3
177. 2
178. 3
179. 3
180. 4
181. 3
182. 2
183. 4
184. 2
185. 3
186. 2
187. 2
188. 2
189. 2
190. 5
191. 8
192. 3
193. 2
194. 2
195. 3
196. 3
197. 10
198. 4
199. 2
200. 2