3566.txt
1. 3
2. 1
3. 2
4. 1
5. 6
6. 3
7. 2
8. 2
9. 1
10. 2
11. 1
12. 1
13. 2
14. 1
15. 2
16. 4
17. 3
18. 2
19. 1
20. 1
21. 4
22. 1
23. 1
24. 3
25. 3
26. 1
27. 2
28. 3
29. 3
30. 3
31. 2
32. 1
33. 6
34. 1
35. 2
36. 4
37. 2
38. 2
39. 3
40. 2
41. 6
42. 1
43. 2
44. 1
45. 3
46. 2
47. 2
48. 2
49. 1
50. 1
51. 2
52. 2
53. 2
54. 2
55. 1
56. 2
57. 4
58. 3
59. 1
60. 4
61. 2
62. 2
63. 3
64. 3
65. 1
66. 2
67. 2
68. 2
69. 3
70. 1
71. 2
72. 1
73. 2
74. 4
75. 4
76. 1
77. 2
78. 1
79. 2
80. 2
81. 2
82. 3
83. 2
84. 2
85. 1
86. 2
87. 4
88. 3
89. 2
90. 1
91. 1
92. 1
93. 2
94. 2
95. 2
96. 4
97. 2
98. 3
99. 2
100. 3
101. 1
102. 4
103. 3
104. 3
105. 2
106. 2
107. 3
108. 3
109. 1
110. 3
111. 1
112. 3
113. 1
114. 2
115. 3
116. 2
117. 3
118. 2
119. 2
120. 8
121. 3
122. 3
123. 2
124. 2
125. 3
126. 3
127. 1
128. 3
129. 3
130. 1
131. 2
132. 2
133. 3
134. 2
135. 2
136. 2
137. 2
138. 4
139. 2
140. 3
141. 2
142. 3
143. 3
144. 2
145. 2
146. 4
147. 2
148. 1
149. 4
150. 2
151. 2
152. 2
153. 3
154. 4
155. 2
156. 3
157. 4
158. 3
159. 3
160. 2
161. 2
162. 5
163. 2
164. 3
165. 3
166. 2
167. 1
168. 3
169. 2
170. 2
171. 2
172. 1
173. 2
174. 2
175. 6
176. 3
177. 2
178. 2
179. 6
180. 2
181. 3
182. 5
183. 1
184. 2
185. 2
186. 3
187. 5
188. 2
189. 2
190. 2
191. 2
192. 2
193. 2
194. 2
195. 1
196. 3
197. 5
198. 4
199. 3
200. 2