3567.txt
1. 3
2. 1
3. 4
4. 7
5. 2
6. 3
7. 2
8. 1
9. 3
10. 2
11. 2
12. 2
13. 2
14. 1
15. 2
16. 3
17. 0
18. 2
19. 1
20. 5
21. 2
22. 1
23. 2
24. 3
25. 3
26. 2
27. 5
28. 2
29. 2
30. 2
31. 3
32. 2
33. 2
34. 2
35. 1
36. 3
37. 2
38. 7
39. 4
40. 2
41. 2
42. 5
43. 4
44. 2
45. 2
46. 2
47. 2
48. 3
49. 2
50. 5
51. 2
52. 3
53. 2
54. 3
55. 2
56. 3
57. 2
58. 1
59. 2
60. 2
61. 5
62. 2
63. 3
64. 3
65. 2
66. 3
67. 6
68. 2
69. 2
70. 3
71. 2
72. 3
73. 4
74. 1
75. 4
76. 2
77. 2
78. 2
79. 1
80. 2
81. 4
82. 2
83. 3
84. 2
85. 2
86. 2
87. 2
88. 3
89. 3
90. 2
91. 2
92. 3
93. 4
94. 3
95. 2
96. 1
97. 5
98. 2
99. 2
100. 2
101. 3
102. 2
103. 2
104. 2
105. 3
106. 2
107. 2
108. 2
109. 1
110. 3
111. 3
112. 2
113. 2
114. 2
115. 2
116. 2
117. 3
118. 2
119. 3
120. 3
121. 2
122. 4
123. 2
124. 4
125. 1
126. 3
127. 2
128. 2
129. 2
130. 2
131. 2
132. 6
133. 2
134. 3
135. 2
136. 2
137. 1
138. 5
139. 2
140. 4
141. 2
142. 2
143. 3
144. 2
145. 4
146. 2
147. 2
148. 2
149. 2
150. 3
151. 3
152. 2
153. 4
154. 3
155. 2
156. 2
157. 2
158. 3
159. 2
160. 4
161. 3
162. 2
163. 2
164. 2
165. 2
166. 4
167. 3
168. 3
169. 2
170. 3
171. 2
172. 5
173. 1
174. 4
175. 3
176. 4
177. 2
178. 4
179. 2
180. 2
181. 2
182. 2
183. 2
184. 2
185. 4
186. 4
187. 2
188. 3
189. 2
190. 2
191. 1
192. 3
193. 2
194. 1
195. 2
196. 7
197. 2
198. 5
199. 3
200. 2