3582.txt
1. 2
2. 7
3. 1
4. 2
5. 0
6. 2
7. 4
8. 1
9. 1
10. 1
11. 0
12. 0
13. 1
14. 0
15. 2
16. 1
17. 2
18. 3
19. 3
20. 5
21. 4
22. 2
23. 3
24. 4
25. 2
26. 4
27. 3
28. 2
29. 2
30. 1
31. 1
32. 3
33. 3
34. 1
35. 1
36. 1
37. 1
38. 3
39. 1
40. 2
41. 3
42. 1
43. 3
44. 1
45. 3
46. 2
47. 1
48. 2
49. 4
50. 1
51. 1
52. 1
53. 1
54. 2
55. 2
56. 3
57. 3
58. 1
59. 2
60. 3
61. 4
62. 3
63. 2
64. 3
65. 1
66. 2
67. 1
68. 1
69. 3
70. 0
71. 4
72. 4
73. 1
74. 1
75. 1
76. 6
77. 1
78. 3
79. 1
80. 2
81. 2
82. 2
83. 3
84. 1
85. 2
86. 1
87. 2
88. 1
89. 2
90. 2
91. 2
92. 3
93. 2
94. 1
95. 1
96. 2
97. 1
98. 2
99. 1
100. 4
101. 1
102. 1
103. 1
104. 1
105. 2
106. 2
107. 2
108. 3
109. 1
110. 2
111. 2
112. 2
113. 2
114. 2
115. 3
116. 4
117. 1
118. 2
119. 3
120. 1
121. 3
122. 2
123. 4
124. 3
125. 2
126. 1
127. 2
128. 3
129. 6
130. 3
131. 3
132. 2
133. 1
134. 2
135. 3
136. 1
137. 2
138. 2
139. 1
140. 1
141. 3
142. 2
143. 3
144. 1
145. 1
146. 2
147. 2
148. 3
149. 2
150. 2
151. 1
152. 2
153. 2
154. 1
155. 1
156. 3
157. 2
158. 3
159. 2
160. 3
161. 1
162. 2
163. 4
164. 3
165. 1
166. 3
167. 2
168. 3
169. 2
170. 3
171. 2
172. 4
173. 2
174. 2
175. 2
176. 3
177. 1
178. 3
179. 2
180. 1
181. 2
182. 4
183. 1
184. 1
185. 1
186. 1
187. 2
188. 1
189. 7
190. 2
191. 2
192. 3
193. 1
194. 2
195. 3
196. 2
197. 3
198. 4
199. 1
200. 2