3583.txt
1. 2
2. 3
3. 4
4. 2
5. 4
6. 5
7. 3
8. 1
9. 2
10. 3
11. 2
12. 3
13. 1
14. 2
15. 3
16. 4
17. 1
18. 2
19. 2
20. 2
21. 3
22. 3
23. 1
24. 5
25. 3
26. 1
27. 2
28. 3
29. 4
30. 2
31. 4
32. 2
33. 2
34. 4
35. 3
36. 5
37. 2
38. 3
39. 1
40. 4
41. 3
42. 2
43. 3
44. 2
45. 3
46. 2
47. 5
48. 2
49. 2
50. 2
51. 6
52. 2
53. 2
54. 10
55. 2
56. 2
57. 6
58. 2
59. 1
60. 3
61. 5
62. 3
63. 2
64. 1
65. 2
66. 3
67. 3
68. 2
69. 1
70. 3
71. 2
72. 3
73. 1
74. 3
75. 2
76. 4
77. 1
78. 3
79. 2
80. 4
81. 3
82. 4
83. 2
84. 2
85. 1
86. 2
87. 2
88. 2
89. 5
90. 2
91. 7
92. 3
93. 2
94. 3
95. 2
96. 4
97. 2
98. 3
99. 2
100. 1
101. 2
102. 2
103. 5
104. 2
105. 2
106. 4
107. 2
108. 2
109. 2
110. 3
111. 1
112. 1
113. 2
114. 2
115. 2
116. 2
117. 2
118. 2
119. 2
120. 2
121. 3
122. 2
123. 2
124. 3
125. 5
126. 2
127. 3
128. 3
129. 4
130. 4
131. 2
132. 2
133. 2
134. 3
135. 2
136. 3
137. 1
138. 2
139. 1
140. 3
141. 1
142. 2
143. 2
144. 1
145. 2
146. 4
147. 2
148. 1
149. 2
150. 2
151. 2
152. 3
153. 2
154. 2
155. 4
156. 1
157. 5
158. 2
159. 2
160. 4
161. 3
162. 2
163. 2
164. 6
165. 2
166. 2
167. 4
168. 2
169. 5
170. 2
171. 3
172. 2
173. 1
174. 4
175. 2
176. 3
177. 3
178. 1
179. 2
180. 2
181. 2
182. 4
183. 3
184. 4
185. 2
186. 2
187. 2
188. 3
189. 2
190. 2
191. 3
192. 1
193. 3
194. 4
195. 2
196. 2
197. 3
198. 2
199. 2
200. 3