3585.txt
1. 3
2. 1
3. 2
4. 2
5. 4
6. 0
7. 1
8. 1
9. 1
10. 4
11. 1
12. 0
13. 2
14. 3
15. 6
16. 1
17. 0
18. 2
19. 1
20. 1
21. 1
22. 4
23. 2
24. 1
25. 1
26. 3
27. 2
28. 2
29. 1
30. 5
31. 1
32. 1
33. 1
34. 2
35. 3
36. 2
37. 3
38. 2
39. 1
40. 2
41. 1
42. 1
43. 2
44. 3
45. 3
46. 3
47. 2
48. 2
49. 2
50. 3
51. 1
52. 3
53. 2
54. 1
55. 4
56. 1
57. 2
58. 7
59. 3
60. 1
61. 3
62. 1
63. 4
64. 2
65. 1
66. 2
67. 2
68. 3
69. 1
70. 2
71. 1
72. 1
73. 5
74. 2
75. 1
76. 1
77. 1
78. 2
79. 2
80. 3
81. 4
82. 2
83. 2
84. 4
85. 1
86. 2
87. 2
88. 1
89. 2
90. 2
91. 4
92. 4
93. 1
94. 1
95. 2
96. 5
97. 1
98. 3
99. 2
100. 5
101. 2
102. 1
103. 2
104. 2
105. 1
106. 1
107. 1
108. 2
109. 1
110. 2
111. 3
112. 3
113. 2
114. 2
115. 2
116. 2
117. 3
118. 2
119. 3
120. 2
121. 1
122. 1
123. 3
124. 1
125. 1
126. 4
127. 2
128. 1
129. 1
130. 2
131. 2
132. 6
133. 1
134. 2
135. 1
136. 2
137. 1
138. 1
139. 1
140. 3
141. 2
142. 2
143. 3
144. 1
145. 1
146. 2
147. 1
148. 1
149. 2
150. 1
151. 3
152. 2
153. 1
154. 1
155. 1
156. 4
157. 2
158. 2
159. 1
160. 2
161. 2
162. 2
163. 4
164. 2
165. 1
166. 7
167. 2
168. 1
169. 1
170. 1
171. 2
172. 2
173. 2
174. 4
175. 1
176. 2
177. 2
178. 2
179. 1
180. 5
181. 1
182. 3
183. 1
184. 4
185. 2
186. 2
187. 2
188. 3
189. 1
190. 2
191. 1
192. 1
193. 1
194. 2
195. 2
196. 3
197. 1
198. 1
199. 3
200. 2