3589.txt
1. 3
2. 4
3. 1
4. 0
5. 0
6. 4
7. 2
8. 1
9. 2
10. 5
11. 3
12. 4
13. 2
14. 2
15. 2
16. 2
17. 3
18. 1
19. 7
20. 1
21. 2
22. 4
23. 2
24. 6
25. 2
26. 1
27. 4
28. 7
29. 1
30. 2
31. 4
32. 1
33. 3
34. 1
35. 3
36. 2
37. 6
38. 1
39. 3
40. 3
41. 1
42. 2
43. 1
44. 4
45. 2
46. 4
47. 3
48. 3
49. 3
50. 1
51. 8
52. 3
53. 1
54. 4
55. 3
56. 1
57. 4
58. 1
59. 2
60. 2
61. 2
62. 1
63. 2
64. 2
65. 3
66. 1
67. 2
68. 1
69. 2
70. 1
71. 8
72. 6
73. 3
74. 3
75. 2
76. 4
77. 1
78. 2
79. 2
80. 2
81. 3
82. 2
83. 4
84. 3
85. 1
86. 4
87. 1
88. 2
89. 2
90. 2
91. 1
92. 1
93. 2
94. 2
95. 2
96. 1
97. 2
98. 2
99. 6
100. 4
101. 5
102. 2
103. 3
104. 4
105. 4
106. 1
107. 5
108. 2
109. 3
110. 4
111. 2
112. 1
113. 3
114. 3
115. 3
116. 2
117. 3
118. 1
119. 2
120. 1
121. 3
122. 3
123. 1
124. 2
125. 5
126. 2
127. 3
128. 5
129. 6
130. 2
131. 2
132. 4
133. 3
134. 4
135. 1
136. 7
137. 2
138. 2
139. 2
140. 2
141. 3
142. 4
143. 3
144. 4
145. 1
146. 2
147. 2
148. 1
149. 1
150. 1
151. 1
152. 8
153. 2
154. 2
155. 3
156. 3
157. 2
158. 1
159. 2
160. 1
161. 1
162. 1
163. 1
164. 1
165. 2
166. 2
167. 4
168. 3
169. 2
170. 2
171. 3
172. 4
173. 3
174. 5
175. 2
176. 1
177. 5
178. 2
179. 2
180. 2
181. 1
182. 2
183. 2
184. 2
185. 2
186. 1
187. 2
188. 3
189. 1
190. 3
191. 2
192. 2
193. 4
194. 2
195. 3
196. 1
197. 1
198. 2
199. 2
200. 3