3592.txt
1. 2
2. 3
3. 1
4. 0
5. 6
6. 1
7. 5
8. 3
9. 1
10. 1
11. 2
12. 1
13. 1
14. 3
15. 0
16. 0
17. 2
18. 1
19. 1
20. 3
21. 2
22. 0
23. 5
24. 4
25. 0
26. 7
27. 2
28. 3
29. 4
30. 1
31. 2
32. 3
33. 2
34. 4
35. 2
36. 1
37. 1
38. 2
39. 3
40. 4
41. 6
42. 5
43. 1
44. 2
45. 1
46. 4
47. 2
48. 2
49. 3
50. 3
51. 1
52. 1
53. 7
54. 2
55. 3
56. 0
57. 8
58. 6
59. 1
60. 2
61. 4
62. 5
63. 4
64. 1
65. 5
66. 3
67. 2
68. 0
69. 2
70. 1
71. 2
72. 1
73. 2
74. 3
75. 1
76. 3
77. 1
78. 0
79. 2
80. 3
81. 1
82. 3
83. 4
84. 1
85. 1
86. 3
87. 3
88. 2
89. 3
90. 6
91. 5
92. 3
93. 4
94. 1
95. 2
96. 3
97. 1
98. 3
99. 4
100. 2
101. 3
102. 3
103. 1
104. 2
105. 1
106. 1
107. 3
108. 2
109. 2
110. 0
111. 4
112. 1
113. 3
114. 1
115. 2
116. 2
117. 2
118. 1
119. 3
120. 2
121. 2
122. 3
123. 2
124. 2
125. 1
126. 1
127. 1
128. 1
129. 2
130. 1
131. 1
132. 1
133. 3
134. 3
135. 2
136. 1
137. 1
138. 1
139. 2
140. 1
141. 2
142. 2
143. 1
144. 3
145. 1
146. 2
147. 2
148. 3
149. 2
150. 1
151. 2
152. 2
153. 2
154. 1
155. 2
156. 1
157. 2
158. 2
159. 3
160. 2
161. 3
162. 1
163. 3
164. 4
165. 2
166. 1
167. 5
168. 2
169. 3
170. 3
171. 2
172. 1
173. 3
174. 2
175. 3
176. 3
177. 2
178. 2
179. 4
180. 3
181. 1
182. 2
183. 1
184. 3
185. 3
186. 2
187. 2
188. 4
189. 3
190. 1
191. 4
192. 3
193. 2
194. 2
195. 3
196. 2
197. 1
198. 2
199. 1
200. 1