3598.txt
1. 2
2. 8
3. 3
4. 2
5. 8
6. 3
7. 2
8. 2
9. 5
10. 2
11. 5
12. 2
13. 3
14. 7
15. 6
16. 2
17. 2
18. 3
19. 3
20. 2
21. 2
22. 3
23. 6
24. 3
25. 1
26. 2
27. 2
28. 2
29. 2
30. 5
31. 2
32. 2
33. 2
34. 1
35. 3
36. 1
37. 2
38. 3
39. 2
40. 2
41. 4
42. 1
43. 2
44. 3
45. 3
46. 4
47. 3
48. 2
49. 2
50. 2
51. 3
52. 4
53. 2
54. 2
55. 2
56. 2
57. 1
58. 5
59. 2
60. 3
61. 3
62. 4
63. 7
64. 3
65. 2
66. 2
67. 1
68. 3
69. 2
70. 4
71. 2
72. 2
73. 3
74. 2
75. 2
76. 3
77. 3
78. 1
79. 3
80. 4
81. 2
82. 3
83. 2
84. 3
85. 2
86. 2
87. 3
88. 2
89. 6
90. 2
91. 4
92. 2
93. 4
94. 3
95. 3
96. 2
97. 2
98. 6
99. 2
100. 3
101. 3
102. 2
103. 1
104. 3
105. 3
106. 2
107. 2
108. 2
109. 2
110. 3
111. 3
112. 2
113. 4
114. 2
115. 7
116. 2
117. 3
118. 2
119. 3
120. 3
121. 1
122. 2
123. 3
124. 2
125. 2
126. 1
127. 2
128. 2
129. 3
130. 2
131. 2
132. 3
133. 4
134. 3
135. 5
136. 2
137. 2
138. 4
139. 2
140. 5
141. 1
142. 3
143. 3
144. 2
145. 1
146. 4
147. 1
148. 3
149. 3
150. 3
151. 2
152. 3
153. 2
154. 2
155. 3
156. 3
157. 4
158. 2
159. 3
160. 2
161. 1
162. 2
163. 2
164. 4
165. 2
166. 2
167. 3
168. 2
169. 2
170. 3
171. 4
172. 1
173. 3
174. 2
175. 2
176. 3
177. 2
178. 2
179. 4
180. 3
181. 1
182. 2
183. 3
184. 4
185. 4
186. 5
187. 2
188. 4
189. 3
190. 3
191. 2
192. 2
193. 4
194. 3
195. 3
196. 2
197. 2
198. 2
199. 5
200. 2