3599.txt
1. 0
2. 1
3. 0
4. 6
5. 2
6. 7
7. 0
8. 0
9. 3
10. 1
11. 0
12. 0
13. 4
14. 1
15. 2
16. 7
17. 1
18. 2
19. 8
20. 1
21. 3
22. 0
23. 4
24. 1
25. 4
26. 1
27. 0
28. 2
29. 0
30. 0
31. 0
32. 4
33. 3
34. 4
35. 2
36. 3
37. 1
38. 0
39. 0
40. 0
41. 2
42. 0
43. 5
44. 1
45. 0
46. 4
47. 2
48. 0
49. 3
50. 2
51. 0
52. 2
53. 0
54. 2
55. 2
56. 0
57. 3
58. 0
59. 0
60. 2
61. 6
62. 0
63. 1
64. 0
65. 0
66. 6
67. 0
68. 1
69. 0
70. 3
71. 3
72. 0
73. 5
74. 0
75. 0
76. 2
77. 2
78. 0
79. 3
80. 2
81. 0
82. 2
83. 0
84. 4
85. 2
86. 0
87. 3
88. 2
89. 1
90. 7
91. 2
92. 3
93. 0
94. 3
95. 1
96. 2
97. 0
98. 0
99. 3
100. 3
101. 3
102. 0
103. 0
104. 1
105. 0
106. 0
107. 2
108. 2
109. 0
110. 3
111. 0
112. 3
113. 2
114. 0
115. 0
116. 0
117. 0
118. 0
119. 1
120. 1
121. 0
122. 0
123. 2
124. 0
125. 0
126. 1
127. 0
128. 3
129. 1
130. 2
131. 2
132. 0
133. 3
134. 0
135. 0
136. 0
137. 0
138. 2
139. 0
140. 2
141. 0
142. 0
143. 1
144. 0
145. 7
146. 3
147. 0
148. 2
149. 0
150. 3
151. 0
152. 0
153. 2
154. 5
155. 0
156. 2
157. 2
158. 3
159. 0
160. 5
161. 2
162. 2
163. 3
164. 2
165. 3
166. 2
167. 0
168. 0
169. 4
170. 4
171. 0
172. 2
173. 0
174. 0
175. 2
176. 0
177. 0
178. 0
179. 0
180. 3
181. 1
182. 0
183. 2
184. 2
185. 0
186. 1
187. 0
188. 2
189. 0
190. 3
191. 1
192. 0
193. 3
194. 3
195. 2
196. 0
197. 0
198. 0
199. 4
200. 0