3603.txt
1. 0
2. 1
3. 2
4. 1
5. 0
6. 0
7. 1
8. 6
9. 3
10. 4
11. 2
12. 1
13. 4
14. 1
15. 2
16. 3
17. 2
18. 1
19. 0
20. 1
21. 2
22. 2
23. 4
24. 0
25. 1
26. 1
27. 0
28. 5
29. 3
30. 0
31. 3
32. 4
33. 0
34. 1
35. 1
36. 1
37. 0
38. 2
39. 1
40. 1
41. 1
42. 4
43. 0
44. 1
45. 8
46. 2
47. 3
48. 2
49. 0
50. 0
51. 1
52. 0
53. 1
54. 1
55. 4
56. 2
57. 2
58. 4
59. 0
60. 1
61. 0
62. 3
63. 1
64. 2
65. 1
66. 1
67. 0
68. 3
69. 1
70. 2
71. 4
72. 0
73. 1
74. 1
75. 2
76. 3
77. 0
78. 0
79. 2
80. 1
81. 3
82. 2
83. 1
84. 2
85. 1
86. 4
87. 3
88. 2
89. 1
90. 2
91. 2
92. 1
93. 0
94. 3
95. 3
96. 1
97. 0
98. 0
99. 4
100. 2
101. 4
102. 2
103. 1
104. 1
105. 1
106. 1
107. 1
108. 2
109. 1
110. 2
111. 1
112. 2
113. 2
114. 1
115. 1
116. 0
117. 0
118. 1
119. 1
120. 5
121. 1
122. 1
123. 2
124. 1
125. 1
126. 4
127. 2
128. 0
129. 3
130. 0
131. 1
132. 1
133. 3
134. 0
135. 1
136. 2
137. 1
138. 0
139. 4
140. 1
141. 8
142. 1
143. 4
144. 2
145. 1
146. 0
147. 2
148. 1
149. 3
150. 4
151. 1
152. 4
153. 0
154. 4
155. 0
156. 1
157. 2
158. 1
159. 0
160. 0
161. 1
162. 3
163. 0
164. 2
165. 1
166. 3
167. 1
168. 2
169. 3
170. 3
171. 3
172. 2
173. 0
174. 2
175. 2
176. 3
177. 0
178. 0
179. 2
180. 7
181. 2
182. 3
183. 1
184. 2
185. 2
186. 2
187. 1
188. 2
189. 1
190. 2
191. 1
192. 2
193. 1
194. 3
195. 1
196. 2
197. 1
198. 2
199. 3
200. 1