3604.txt
1. 3
2. 1
3. 7
4. 1
5. 4
6. 1
7. 1
8. 4
9. 1
10. 1
11. 2
12. 3
13. 3
14. 1
15. 6
16. 0
17. 4
18. 2
19. 1
20. 2
21. 2
22. 1
23. 3
24. 2
25. 4
26. 2
27. 5
28. 2
29. 3
30. 1
31. 2
32. 2
33. 2
34. 3
35. 4
36. 1
37. 2
38. 1
39. 3
40. 5
41. 2
42. 1
43. 0
44. 1
45. 1
46. 3
47. 3
48. 1
49. 2
50. 4
51. 3
52. 1
53. 2
54. 2
55. 2
56. 2
57. 1
58. 2
59. 3
60. 2
61. 1
62. 2
63. 2
64. 1
65. 2
66. 1
67. 1
68. 2
69. 3
70. 2
71. 2
72. 2
73. 1
74. 3
75. 1
76. 1
77. 2
78. 2
79. 3
80. 1
81. 2
82. 3
83. 2
84. 2
85. 2
86. 2
87. 3
88. 2
89. 3
90. 4
91. 1
92. 3
93. 3
94. 1
95. 3
96. 3
97. 1
98. 3
99. 3
100. 2
101. 2
102. 3
103. 2
104. 1
105. 1
106. 2
107. 3
108. 4
109. 1
110. 2
111. 1
112. 2
113. 3
114. 1
115. 2
116. 4
117. 1
118. 2
119. 2
120. 2
121. 2
122. 1
123. 2
124. 2
125. 2
126. 1
127. 1
128. 1
129. 3
130. 3
131. 1
132. 2
133. 1
134. 1
135. 1
136. 2
137. 4
138. 1
139. 3
140. 2
141. 3
142. 2
143. 1
144. 2
145. 1
146. 4
147. 2
148. 2
149. 6
150. 1
151. 1
152. 2
153. 1
154. 2
155. 7
156. 1
157. 4
158. 1
159. 3
160. 2
161. 1
162. 2
163. 1
164. 2
165. 1
166. 2
167. 2
168. 3
169. 1
170. 3
171. 1
172. 2
173. 1
174. 1
175. 5
176. 1
177. 3
178. 3
179. 3
180. 1
181. 1
182. 2
183. 5
184. 3
185. 1
186. 1
187. 1
188. 1
189. 2
190. 2
191. 3
192. 1
193. 4
194. 1
195. 2
196. 2
197. 3
198. 2
199. 1
200. 1