3608.txt
1. 0
2. 1
3. 4
4. 7
5. 0
6. 0
7. 1
8. 2
9. 4
10. 0
11. 1
12. 2
13. 0
14. 2
15. 0
16. 0
17. 0
18. 3
19. 1
20. 2
21. 4
22. 3
23. 2
24. 3
25. 2
26. 2
27. 3
28. 3
29. 1
30. 0
31. 3
32. 7
33. 2
34. 1
35. 3
36. 2
37. 2
38. 2
39. 2
40. 0
41. 3
42. 1
43. 1
44. 3
45. 4
46. 1
47. 1
48. 1
49. 2
50. 1
51. 2
52. 1
53. 1
54. 2
55. 2
56. 3
57. 4
58. 1
59. 2
60. 1
61. 3
62. 0
63. 2
64. 3
65. 2
66. 0
67. 2
68. 3
69. 2
70. 3
71. 0
72. 2
73. 1
74. 1
75. 0
76. 3
77. 3
78. 2
79. 8
80. 1
81. 2
82. 2
83. 1
84. 0
85. 3
86. 2
87. 1
88. 3
89. 0
90. 2
91. 3
92. 2
93. 0
94. 3
95. 1
96. 2
97. 6
98. 3
99. 1
100. 0
101. 1
102. 2
103. 1
104. 2
105. 1
106. 0
107. 2
108. 2
109. 1
110. 2
111. 3
112. 2
113. 1
114. 3
115. 0
116. 0
117. 2
118. 2
119. 2
120. 7
121. 2
122. 3
123. 3
124. 1
125. 1
126. 3
127. 2
128. 2
129. 1
130. 2
131. 0
132. 2
133. 1
134. 2
135. 0
136. 1
137. 2
138. 1
139. 3
140. 0
141. 1
142. 2
143. 1
144. 0
145. 1
146. 2
147. 2
148. 1
149. 3
150. 1
151. 1
152. 2
153. 2
154. 3
155. 3
156. 3
157. 1
158. 1
159. 3
160. 2
161. 0
162. 3
163. 2
164. 0
165. 0
166. 3
167. 3
168. 3
169. 5
170. 1
171. 2
172. 1
173. 3
174. 3
175. 0
176. 1
177. 1
178. 1
179. 3
180. 2
181. 1
182. 2
183. 0
184. 3
185. 2
186. 1
187. 0
188. 2
189. 1
190. 4
191. 2
192. 3
193. 3
194. 1
195. 1
196. 3
197. 3
198. 1
199. 4
200. 1