362.txt
1. 7
2. 1
3. 4
4. 1
5. 5
6. 2
7. 6
8. 2
9. 3
10. 2
11. 3
12. 2
13. 1
14. 6
15. 4
16. 5
17. 2
18. 3
19. 3
20. 3
21. 4
22. 3
23. 2
24. 5
25. 4
26. 1
27. 4
28. 1
29. 3
30. 2
31. 5
32. 4
33. 2
34. 5
35. 3
36. 2
37. 4
38. 5
39. 4
40. 3
41. 2
42. 2
43. 1
44. 2
45. 3
46. 4
47. 4
48. 1
49. 5
50. 3
51. 2
52. 3
53. 5
54. 2
55. 5
56. 3
57. 2
58. 4
59. 5
60. 5
61. 3
62. 3
63. 4
64. 4
65. 2
66. 3
67. 6
68. 2
69. 3
70. 3
71. 3
72. 3
73. 2
74. 5
75. 3
76. 2
77. 2
78. 3
79. 3
80. 3
81. 1
82. 4
83. 4
84. 2
85. 3
86. 7
87. 3
88. 4
89. 5
90. 6
91. 2
92. 2
93. 2
94. 4
95. 2
96. 3
97. 4
98. 3
99. 2
100. 2
101. 4
102. 1
103. 2
104. 3
105. 2
106. 5
107. 2
108. 4
109. 3
110. 3
111. 2
112. 2
113. 3
114. 2
115. 2
116. 3
117. 3
118. 2
119. 3
120. 4
121. 5
122. 5
123. 3
124. 2
125. 1
126. 3
127. 7
128. 5
129. 4
130. 3
131. 4
132. 4
133. 2
134. 2
135. 2
136. 3
137. 3
138. 3
139. 2
140. 4
141. 3
142. 1
143. 4
144. 5
145. 5
146. 2
147. 3
148. 1
149. 3
150. 3
151. 3
152. 5
153. 2
154. 3
155. 4
156. 4
157. 4
158. 3
159. 3
160. 2
161. 2
162. 3
163. 3
164. 2
165. 5
166. 3
167. 3
168. 2
169. 3
170. 5
171. 3
172. 2
173. 3
174. 5
175. 5
176. 4
177. 2
178. 4
179. 4
180. 2
181. 5
182. 3
183. 3
184. 4
185. 2
186. 2
187. 2
188. 3
189. 5
190. 4
191. 5
192. 3
193. 4
194. 3
195. 3
196. 6
197. 3
198. 4
199. 3
200. 4