3620.txt
1. 8
2. 1
3. 1
4. 0
5. 2
6. 0
7. 3
8. 6
9. 2
10. 1
11. 2
12. 2
13. 2
14. 2
15. 4
16. 1
17. 4
18. 1
19. 0
20. 2
21. 3
22. 1
23. 1
24. 2
25. 2
26. 2
27. 2
28. 2
29. 5
30. 4
31. 1
32. 1
33. 2
34. 3
35. 3
36. 2
37. 1
38. 2
39. 3
40. 3
41. 1
42. 1
43. 1
44. 4
45. 2
46. 1
47. 2
48. 1
49. 3
50. 3
51. 1
52. 3
53. 1
54. 2
55. 4
56. 2
57. 2
58. 1
59. 3
60. 1
61. 2
62. 2
63. 3
64. 2
65. 1
66. 7
67. 4
68. 3
69. 1
70. 0
71. 2
72. 1
73. 2
74. 1
75. 2
76. 1
77. 5
78. 4
79. 1
80. 2
81. 4
82. 3
83. 1
84. 4
85. 2
86. 0
87. 3
88. 1
89. 3
90. 1
91. 2
92. 3
93. 3
94. 2
95. 1
96. 3
97. 3
98. 1
99. 1
100. 2
101. 1
102. 6
103. 2
104. 3
105. 2
106. 2
107. 1
108. 1
109. 1
110. 1
111. 2
112. 2
113. 2
114. 1
115. 2
116. 1
117. 1
118. 2
119. 1
120. 3
121. 2
122. 1
123. 1
124. 3
125. 4
126. 2
127. 1
128. 2
129. 3
130. 2
131. 3
132. 4
133. 2
134. 3
135. 3
136. 4
137. 1
138. 2
139. 2
140. 1
141. 1
142. 1
143. 1
144. 1
145. 1
146. 1
147. 1
148. 3
149. 4
150. 4
151. 2
152. 3
153. 3
154. 2
155. 4
156. 1
157. 3
158. 1
159. 4
160. 1
161. 1
162. 4
163. 2
164. 1
165. 3
166. 2
167. 2
168. 2
169. 1
170. 2
171. 1
172. 1
173. 5
174. 1
175. 2
176. 3
177. 2
178. 3
179. 1
180. 3
181. 3
182. 5
183. 2
184. 2
185. 2
186. 3
187. 2
188. 4
189. 1
190. 3
191. 1
192. 3
193. 2
194. 1
195. 1
196. 3
197. 2
198. 1
199. 2
200. 5