3621.txt
1. 3
2. 1
3. 2
4. 1
5. 1
6. 2
7. 4
8. 1
9. 6
10. 4
11. 2
12. 2
13. 2
14. 2
15. 2
16. 8
17. 0
18. 3
19. 3
20. 0
21. 2
22. 1
23. 2
24. 5
25. 1
26. 3
27. 1
28. 2
29. 1
30. 4
31. 1
32. 2
33. 1
34. 3
35. 1
36. 2
37. 3
38. 2
39. 1
40. 2
41. 2
42. 1
43. 2
44. 2
45. 4
46. 3
47. 1
48. 3
49. 2
50. 3
51. 7
52. 2
53. 2
54. 3
55. 3
56. 1
57. 4
58. 7
59. 1
60. 1
61. 2
62. 4
63. 1
64. 2
65. 1
66. 2
67. 1
68. 1
69. 3
70. 3
71. 3
72. 1
73. 2
74. 5
75. 3
76. 1
77. 2
78. 1
79. 2
80. 1
81. 2
82. 4
83. 1
84. 2
85. 1
86. 2
87. 3
88. 4
89. 1
90. 1
91. 3
92. 1
93. 1
94. 3
95. 2
96. 2
97. 1
98. 3
99. 3
100. 2
101. 2
102. 3
103. 1
104. 2
105. 2
106. 3
107. 3
108. 2
109. 2
110. 2
111. 1
112. 2
113. 2
114. 2
115. 3
116. 1
117. 3
118. 4
119. 2
120. 2
121. 2
122. 3
123. 1
124. 2
125. 2
126. 1
127. 3
128. 7
129. 2
130. 3
131. 1
132. 3
133. 1
134. 2
135. 1
136. 2
137. 2
138. 3
139. 2
140. 2
141. 1
142. 2
143. 2
144. 4
145. 2
146. 3
147. 4
148. 3
149. 1
150. 3
151. 2
152. 1
153. 2
154. 1
155. 2
156. 1
157. 3
158. 2
159. 3
160. 2
161. 8
162. 2
163. 3
164. 3
165. 2
166. 2
167. 2
168. 2
169. 3
170. 2
171. 3
172. 3
173. 2
174. 4
175. 2
176. 1
177. 1
178. 2
179. 2
180. 1
181. 4
182. 2
183. 3
184. 3
185. 1
186. 3
187. 1
188. 2
189. 2
190. 2
191. 3
192. 4
193. 3
194. 5
195. 2
196. 2
197. 3
198. 1
199. 2
200. 3