3626.txt
1. 3
2. 0
3. 0
4. 1
5. 2
6. 2
7. 3
8. 1
9. 2
10. 4
11. 2
12. 5
13. 1
14. 4
15. 4
16. 4
17. 1
18. 1
19. 2
20. 1
21. 1
22. 1
23. 1
24. 2
25. 4
26. 2
27. 1
28. 3
29. 1
30. 2
31. 1
32. 4
33. 1
34. 0
35. 4
36. 2
37. 3
38. 4
39. 5
40. 1
41. 1
42. 2
43. 6
44. 2
45. 0
46. 1
47. 2
48. 4
49. 0
50. 3
51. 3
52. 1
53. 1
54. 2
55. 2
56. 3
57. 3
58. 2
59. 1
60. 1
61. 3
62. 2
63. 1
64. 1
65. 1
66. 2
67. 4
68. 2
69. 1
70. 4
71. 2
72. 3
73. 1
74. 1
75. 3
76. 2
77. 1
78. 2
79. 1
80. 1
81. 2
82. 2
83. 2
84. 1
85. 1
86. 2
87. 1
88. 0
89. 2
90. 2
91. 1
92. 2
93. 1
94. 1
95. 1
96. 2
97. 1
98. 3
99. 1
100. 1
101. 2
102. 1
103. 1
104. 1
105. 3
106. 1
107. 1
108. 4
109. 2
110. 1
111. 2
112. 1
113. 2
114. 2
115. 3
116. 1
117. 3
118. 1
119. 2
120. 3
121. 2
122. 1
123. 4
124. 1
125. 1
126. 2
127. 2
128. 1
129. 0
130. 0
131. 2
132. 1
133. 1
134. 1
135. 2
136. 2
137. 1
138. 1
139. 1
140. 0
141. 2
142. 2
143. 3
144. 2
145. 1
146. 1
147. 1
148. 2
149. 1
150. 1
151. 2
152. 1
153. 3
154. 1
155. 2
156. 2
157. 1
158. 1
159. 2
160. 1
161. 2
162. 3
163. 2
164. 1
165. 2
166. 1
167. 1
168. 0
169. 2
170. 1
171. 2
172. 2
173. 1
174. 1
175. 3
176. 1
177. 1
178. 3
179. 0
180. 2
181. 2
182. 2
183. 2
184. 1
185. 2
186. 3
187. 3
188. 1
189. 1
190. 2
191. 4
192. 2
193. 2
194. 3
195. 1
196. 1
197. 4
198. 2
199. 3
200. 3