3630.txt
1. 2
2. 3
3. 4
4. 6
5. 2
6. 2
7. 2
8. 3
9. 1
10. 1
11. 2
12. 2
13. 1
14. 1
15. 4
16. 2
17. 5
18. 2
19. 4
20. 2
21. 5
22. 3
23. 1
24. 1
25. 3
26. 4
27. 1
28. 4
29. 4
30. 1
31. 3
32. 2
33. 2
34. 3
35. 2
36. 2
37. 1
38. 2
39. 4
40. 5
41. 1
42. 2
43. 3
44. 1
45. 3
46. 2
47. 3
48. 2
49. 3
50. 2
51. 1
52. 3
53. 5
54. 4
55. 2
56. 2
57. 2
58. 2
59. 2
60. 3
61. 4
62. 2
63. 1
64. 2
65. 3
66. 3
67. 4
68. 2
69. 2
70. 1
71. 1
72. 4
73. 4
74. 1
75. 3
76. 2
77. 3
78. 3
79. 3
80. 1
81. 3
82. 2
83. 3
84. 2
85. 3
86. 2
87. 2
88. 2
89. 2
90. 3
91. 2
92. 3
93. 2
94. 2
95. 7
96. 2
97. 4
98. 3
99. 2
100. 2
101. 5
102. 4
103. 2
104. 1
105. 4
106. 1
107. 5
108. 3
109. 1
110. 2
111. 3
112. 1
113. 2
114. 3
115. 2
116. 5
117. 1
118. 2
119. 5
120. 3
121. 2
122. 2
123. 3
124. 2
125. 2
126. 2
127. 2
128. 3
129. 3
130. 2
131. 2
132. 4
133. 2
134. 2
135. 4
136. 5
137. 3
138. 5
139. 1
140. 2
141. 3
142. 2
143. 2
144. 2
145. 3
146. 2
147. 4
148. 2
149. 2
150. 2
151. 2
152. 3
153. 2
154. 3
155. 3
156. 4
157. 2
158. 2
159. 2
160. 3
161. 2
162. 2
163. 2
164. 2
165. 2
166. 5
167. 2
168. 2
169. 3
170. 3
171. 1
172. 2
173. 2
174. 3
175. 2
176. 2
177. 2
178. 3
179. 2
180. 3
181. 3
182. 2
183. 4
184. 2
185. 2
186. 3
187. 3
188. 2
189. 2
190. 2
191. 2
192. 2
193. 3
194. 4
195. 1
196. 2
197. 2
198. 3
199. 4
200. 2