364.txt
1. 0
2. 1
3. 2
4. 0
5. 0
6. 3
7. 1
8. 3
9. 0
10. 2
11. 2
12. 0
13. 1
14. 0
15. 4
16. 4
17. 3
18. 0
19. 2
20. 3
21. 3
22. 1
23. 3
24. 3
25. 1
26. 5
27. 1
28. 0
29. 1
30. 2
31. 2
32. 0
33. 1
34. 1
35. 2
36. 1
37. 2
38. 0
39. 4
40. 2
41. 1
42. 3
43. 1
44. 0
45. 2
46. 1
47. 2
48. 1
49. 1
50. 1
51. 1
52. 3
53. 4
54. 2
55. 3
56. 2
57. 2
58. 3
59. 2
60. 2
61. 2
62. 1
63. 2
64. 2
65. 1
66. 2
67. 2
68. 1
69. 1
70. 1
71. 2
72. 2
73. 1
74. 0
75. 4
76. 2
77. 2
78. 3
79. 1
80. 1
81. 3
82. 2
83. 3
84. 3
85. 4
86. 1
87. 1
88. 2
89. 2
90. 2
91. 1
92. 2
93. 3
94. 2
95. 1
96. 2
97. 2
98. 3
99. 1
100. 1
101. 2
102. 2
103. 3
104. 1
105. 2
106. 1
107. 3
108. 1
109. 2
110. 1
111. 1
112. 1
113. 2
114. 1
115. 1
116. 2
117. 0
118. 2
119. 3
120. 1
121. 1
122. 8
123. 1
124. 1
125. 0
126. 2
127. 1
128. 4
129. 3
130. 1
131. 2
132. 1
133. 2
134. 2
135. 2
136. 2
137. 3
138. 1
139. 2
140. 1
141. 2
142. 3
143. 1
144. 4
145. 10
146. 1
147. 1
148. 3
149. 1
150. 0
151. 1
152. 1
153. 1
154. 1
155. 1
156. 2
157. 1
158. 2
159. 1
160. 1
161. 1
162. 2
163. 1
164. 4
165. 2
166. 1
167. 1
168. 1
169. 2
170. 3
171. 2
172. 1
173. 2
174. 1
175. 2
176. 1
177. 1
178. 1
179. 1
180. 2
181. 3
182. 2
183. 3
184. 4
185. 1
186. 1
187. 3
188. 3
189. 2
190. 1
191. 0
192. 1
193. 1
194. 1
195. 1
196. 2
197. 2
198. 2
199. 1
200. 4