365.txt
1. 2
2. 3
3. 0
4. 2
5. 1
6. 1
7. 2
8. 3
9. 1
10. 2
11. 4
12. 1
13. 2
14. 2
15. 3
16. 1
17. 3
18. 2
19. 8
20. 1
21. 3
22. 1
23. 2
24. 1
25. 2
26. 4
27. 4
28. 2
29. 2
30. 3
31. 2
32. 2
33. 2
34. 2
35. 4
36. 2
37. 2
38. 2
39. 1
40. 4
41. 3
42. 2
43. 1
44. 2
45. 2
46. 5
47. 2
48. 6
49. 3
50. 3
51. 1
52. 1
53. 2
54. 4
55. 2
56. 3
57. 2
58. 6
59. 2
60. 3
61. 4
62. 2
63. 1
64. 2
65. 2
66. 3
67. 2
68. 2
69. 1
70. 5
71. 1
72. 2
73. 2
74. 2
75. 2
76. 2
77. 1
78. 1
79. 1
80. 2
81. 3
82. 2
83. 2
84. 1
85. 3
86. 2
87. 2
88. 1
89. 2
90. 2
91. 2
92. 3
93. 2
94. 2
95. 2
96. 3
97. 2
98. 3
99. 2
100. 1
101. 5
102. 2
103. 2
104. 1
105. 2
106. 4
107. 3
108. 2
109. 3
110. 3
111. 2
112. 5
113. 3
114. 2
115. 2
116. 1
117. 2
118. 1
119. 2
120. 2
121. 4
122. 3
123. 1
124. 5
125. 1
126. 4
127. 2
128. 2
129. 1
130. 3
131. 1
132. 1
133. 5
134. 1
135. 2
136. 2
137. 2
138. 1
139. 2
140. 5
141. 4
142. 4
143. 2
144. 3
145. 2
146. 2
147. 2
148. 2
149. 1
150. 3
151. 2
152. 1
153. 1
154. 2
155. 1
156. 2
157. 1
158. 2
159. 2
160. 2
161. 1
162. 3
163. 2
164. 4
165. 5
166. 3
167. 2
168. 2
169. 1
170. 3
171. 2
172. 3
173. 1
174. 2
175. 2
176. 3
177. 2
178. 6
179. 2
180. 2
181. 3
182. 2
183. 2
184. 3
185. 3
186. 2
187. 2
188. 2
189. 2
190. 3
191. 2
192. 2
193. 4
194. 1
195. 2
196. 2
197. 2
198. 2
199. 2
200. 3