3657.txt
1. 0
2. 2
3. 0
4. 1
5. 0
6. 2
7. 0
8. 3
9. 1
10. 3
11. 1
12. 0
13. 2
14. 2
15. 0
16. 1
17. 0
18. 2
19. 0
20. 3
21. 0
22. 0
23. 0
24. 1
25. 1
26. 3
27. 4
28. 2
29. 1
30. 6
31. 3
32. 4
33. 0
34. 2
35. 10
36. 0
37. 1
38. 0
39. 1
40. 0
41. 0
42. 1
43. 1
44. 0
45. 2
46. 1
47. 1
48. 0
49. 2
50. 2
51. 1
52. 1
53. 3
54. 2
55. 2
56. 0
57. 3
58. 0
59. 4
60. 1
61. 1
62. 1
63. 0
64. 2
65. 4
66. 1
67. 1
68. 1
69. 1
70. 2
71. 0
72. 1
73. 4
74. 2
75. 1
76. 1
77. 2
78. 1
79. 0
80. 0
81. 1
82. 0
83. 8
84. 0
85. 0
86. 0
87. 0
88. 3
89. 0
90. 0
91. 3
92. 0
93. 7
94. 1
95. 3
96. 2
97. 2
98. 0
99. 1
100. 0
101. 2
102. 0
103. 1
104. 1
105. 1
106. 3
107. 1
108. 1
109. 2
110. 3
111. 2
112. 1
113. 0
114. 1
115. 2
116. 0
117. 0
118. 4
119. 0
120. 0
121. 1
122. 0
123. 2
124. 0
125. 3
126. 1
127. 0
128. 2
129. 2
130. 3
131. 2
132. 1
133. 0
134. 2
135. 0
136. 0
137. 1
138. 0
139. 2
140. 2
141. 0
142. 2
143. 1
144. 1
145. 0
146. 0
147. 3
148. 0
149. 5
150. 2
151. 1
152. 2
153. 1
154. 0
155. 1
156. 1
157. 2
158. 1
159. 1
160. 0
161. 1
162. 1
163. 2
164. 2
165. 3
166. 0
167. 0
168. 1
169. 0
170. 1
171. 2
172. 0
173. 2
174. 3
175. 0
176. 0
177. 3
178. 3
179. 2
180. 1
181. 0
182. 0
183. 1
184. 1
185. 3
186. 0
187. 3
188. 0
189. 1
190. 2
191. 0
192. 1
193. 2
194. 3
195. 1
196. 0
197. 2
198. 1
199. 2
200. 2