3660.txt
1. 2
2. 4
3. 2
4. 3
5. 3
6. 0
7. 2
8. 3
9. 3
10. 1
11. 4
12. 2
13. 0
14. 2
15. 1
16. 3
17. 1
18. 2
19. 3
20. 2
21. 3
22. 1
23. 3
24. 2
25. 2
26. 1
27. 5
28. 4
29. 2
30. 3
31. 2
32. 4
33. 4
34. 2
35. 1
36. 1
37. 5
38. 2
39. 3
40. 2
41. 1
42. 3
43. 2
44. 2
45. 2
46. 3
47. 1
48. 4
49. 3
50. 4
51. 3
52. 5
53. 2
54. 1
55. 2
56. 3
57. 5
58. 2
59. 1
60. 4
61. 2
62. 1
63. 3
64. 2
65. 4
66. 1
67. 2
68. 2
69. 3
70. 2
71. 3
72. 2
73. 2
74. 2
75. 4
76. 2
77. 1
78. 2
79. 3
80. 1
81. 1
82. 3
83. 2
84. 2
85. 1
86. 2
87. 1
88. 2
89. 3
90. 2
91. 6
92. 2
93. 5
94. 3
95. 1
96. 4
97. 1
98. 2
99. 2
100. 1
101. 4
102. 1
103. 3
104. 2
105. 1
106. 2
107. 3
108. 3
109. 1
110. 4
111. 1
112. 2
113. 1
114. 3
115. 1
116. 2
117. 2
118. 4
119. 4
120. 3
121. 2
122. 1
123. 3
124. 3
125. 2
126. 2
127. 2
128. 1
129. 2
130. 1
131. 2
132. 3
133. 3
134. 2
135. 1
136. 3
137. 3
138. 2
139. 3
140. 1
141. 3
142. 4
143. 2
144. 1
145. 4
146. 1
147. 4
148. 1
149. 2
150. 2
151. 2
152. 5
153. 3
154. 3
155. 2
156. 2
157. 2
158. 2
159. 2
160. 3
161. 1
162. 3
163. 2
164. 1
165. 3
166. 2
167. 1
168. 4
169. 2
170. 1
171. 2
172. 2
173. 2
174. 4
175. 2
176. 2
177. 2
178. 3
179. 3
180. 3
181. 4
182. 4
183. 2
184. 1
185. 2
186. 2
187. 1
188. 1
189. 2
190. 1
191. 3
192. 3
193. 3
194. 2
195. 1
196. 2
197. 3
198. 3
199. 3
200. 4