3665.txt
1. 2
2. 1
3. 2
4. 1
5. 3
6. 4
7. 5
8. 2
9. 3
10. 4
11. 3
12. 6
13. 3
14. 3
15. 1
16. 3
17. 3
18. 2
19. 3
20. 2
21. 1
22. 2
23. 2
24. 6
25. 3
26. 1
27. 4
28. 7
29. 1
30. 3
31. 3
32. 2
33. 2
34. 2
35. 4
36. 4
37. 4
38. 2
39. 1
40. 1
41. 1
42. 1
43. 4
44. 7
45. 3
46. 2
47. 2
48. 2
49. 3
50. 4
51. 6
52. 3
53. 2
54. 3
55. 2
56. 1
57. 2
58. 3
59. 3
60. 2
61. 1
62. 2
63. 2
64. 6
65. 2
66. 2
67. 4
68. 2
69. 2
70. 3
71. 2
72. 3
73. 4
74. 2
75. 3
76. 2
77. 3
78. 1
79. 2
80. 2
81. 4
82. 3
83. 7
84. 4
85. 2
86. 3
87. 3
88. 2
89. 3
90. 2
91. 3
92. 3
93. 1
94. 5
95. 2
96. 3
97. 2
98. 1
99. 3
100. 4
101. 1
102. 2
103. 3
104. 4
105. 2
106. 4
107. 2
108. 3
109. 2
110. 2
111. 3
112. 2
113. 2
114. 3
115. 2
116. 1
117. 2
118. 2
119. 3
120. 2
121. 2
122. 2
123. 5
124. 2
125. 2
126. 1
127. 2
128. 3
129. 1
130. 2
131. 3
132. 3
133. 2
134. 2
135. 3
136. 2
137. 2
138. 2
139. 3
140. 2
141. 2
142. 4
143. 2
144. 3
145. 3
146. 3
147. 2
148. 3
149. 3
150. 3
151. 4
152. 2
153. 2
154. 3
155. 3
156. 2
157. 3
158. 2
159. 3
160. 2
161. 1
162. 2
163. 2
164. 3
165. 2
166. 2
167. 4
168. 3
169. 2
170. 5
171. 2
172. 3
173. 2
174. 3
175. 3
176. 1
177. 3
178. 3
179. 5
180. 3
181. 2
182. 2
183. 2
184. 2
185. 3
186. 2
187. 2
188. 2
189. 2
190. 4
191. 3
192. 2
193. 3
194. 2
195. 3
196. 2
197. 2
198. 2
199. 3
200. 3