3668.txt
1. 2
2. 6
3. 3
4. 2
5. 1
6. 2
7. 3
8. 5
9. 2
10. 3
11. 1
12. 1
13. 3
14. 2
15. 4
16. 4
17. 2
18. 3
19. 1
20. 8
21. 2
22. 2
23. 3
24. 2
25. 4
26. 1
27. 2
28. 2
29. 4
30. 2
31. 1
32. 2
33. 2
34. 4
35. 3
36. 1
37. 2
38. 3
39. 5
40. 5
41. 1
42. 3
43. 2
44. 4
45. 4
46. 3
47. 2
48. 3
49. 4
50. 2
51. 2
52. 2
53. 3
54. 2
55. 1
56. 3
57. 2
58. 2
59. 3
60. 4
61. 3
62. 2
63. 1
64. 2
65. 2
66. 3
67. 2
68. 2
69. 3
70. 3
71. 2
72. 1
73. 2
74. 1
75. 2
76. 1
77. 2
78. 3
79. 3
80. 1
81. 2
82. 2
83. 2
84. 2
85. 1
86. 5
87. 2
88. 3
89. 1
90. 3
91. 2
92. 2
93. 2
94. 2
95. 4
96. 1
97. 2
98. 3
99. 3
100. 2
101. 5
102. 2
103. 3
104. 3
105. 1
106. 3
107. 2
108. 3
109. 1
110. 4
111. 1
112. 2
113. 2
114. 4
115. 2
116. 3
117. 2
118. 3
119. 6
120. 3
121. 1
122. 3
123. 1
124. 2
125. 3
126. 2
127. 2
128. 1
129. 2
130. 2
131. 2
132. 1
133. 2
134. 2
135. 1
136. 3
137. 2
138. 2
139. 3
140. 3
141. 3
142. 1
143. 2
144. 1
145. 1
146. 3
147. 3
148. 1
149. 3
150. 4
151. 2
152. 2
153. 6
154. 3
155. 2
156. 3
157. 2
158. 1
159. 3
160. 2
161. 1
162. 2
163. 2
164. 2
165. 1
166. 2
167. 3
168. 1
169. 2
170. 2
171. 4
172. 3
173. 1
174. 3
175. 2
176. 2
177. 3
178. 2
179. 2
180. 1
181. 2
182. 1
183. 1
184. 3
185. 2
186. 2
187. 3
188. 3
189. 2
190. 3
191. 4
192. 2
193. 3
194. 1
195. 2
196. 2
197. 3
198. 4
199. 3
200. 2