3678.txt
1. 2
2. 8
3. 3
4. 1
5. 2
6. 4
7. 1
8. 5
9. 2
10. 6
11. 2
12. 4
13. 3
14. 1
15. 4
16. 2
17. 3
18. 2
19. 3
20. 4
21. 2
22. 2
23. 5
24. 4
25. 2
26. 2
27. 2
28. 3
29. 2
30. 4
31. 3
32. 1
33. 1
34. 6
35. 1
36. 2
37. 2
38. 2
39. 5
40. 2
41. 3
42. 2
43. 3
44. 4
45. 2
46. 2
47. 2
48. 3
49. 4
50. 3
51. 1
52. 2
53. 3
54. 5
55. 2
56. 4
57. 2
58. 3
59. 3
60. 2
61. 1
62. 2
63. 1
64. 2
65. 3
66. 3
67. 1
68. 4
69. 3
70. 3
71. 2
72. 2
73. 2
74. 3
75. 3
76. 4
77. 4
78. 3
79. 3
80. 2
81. 4
82. 2
83. 1
84. 4
85. 2
86. 1
87. 2
88. 1
89. 2
90. 2
91. 2
92. 3
93. 2
94. 3
95. 1
96. 2
97. 5
98. 3
99. 3
100. 3
101. 2
102. 3
103. 4
104. 2
105. 1
106. 3
107. 1
108. 3
109. 2
110. 3
111. 2
112. 3
113. 4
114. 2
115. 5
116. 2
117. 4
118. 3
119. 2
120. 3
121. 2
122. 1
123. 2
124. 3
125. 3
126. 4
127. 3
128. 2
129. 2
130. 5
131. 1
132. 2
133. 4
134. 3
135. 3
136. 2
137. 1
138. 7
139. 2
140. 2
141. 2
142. 2
143. 3
144. 2
145. 2
146. 4
147. 3
148. 3
149. 3
150. 2
151. 6
152. 2
153. 3
154. 4
155. 2
156. 3
157. 3
158. 2
159. 3
160. 3
161. 3
162. 2
163. 2
164. 2
165. 2
166. 2
167. 4
168. 3
169. 2
170. 2
171. 2
172. 5
173. 2
174. 3
175. 2
176. 2
177. 3
178. 2
179. 3
180. 3
181. 6
182. 3
183. 3
184. 2
185. 3
186. 2
187. 4
188. 3
189. 2
190. 3
191. 2
192. 3
193. 2
194. 4
195. 3
196. 2
197. 4
198. 3
199. 2
200. 3