3682.txt
1. 1
2. 1
3. 2
4. 3
5. 4
6. 0
7. 0
8. 1
9. 5
10. 2
11. 1
12. 2
13. 2
14. 1
15. 1
16. 4
17. 2
18. 1
19. 3
20. 2
21. 2
22. 2
23. 3
24. 2
25. 1
26. 3
27. 2
28. 7
29. 4
30. 3
31. 3
32. 2
33. 6
34. 2
35. 1
36. 2
37. 3
38. 1
39. 3
40. 1
41. 3
42. 2
43. 3
44. 7
45. 1
46. 3
47. 4
48. 2
49. 2
50. 1
51. 2
52. 1
53. 3
54. 2
55. 4
56. 2
57. 1
58. 2
59. 1
60. 3
61. 1
62. 2
63. 3
64. 2
65. 2
66. 2
67. 1
68. 4
69. 2
70. 2
71. 2
72. 2
73. 1
74. 3
75. 1
76. 5
77. 4
78. 2
79. 2
80. 2
81. 3
82. 1
83. 3
84. 1
85. 2
86. 3
87. 2
88. 2
89. 3
90. 1
91. 2
92. 1
93. 3
94. 1
95. 2
96. 2
97. 1
98. 2
99. 3
100. 2
101. 2
102. 3
103. 2
104. 2
105. 4
106. 0
107. 4
108. 2
109. 1
110. 2
111. 3
112. 2
113. 2
114. 4
115. 4
116. 1
117. 1
118. 3
119. 1
120. 1
121. 2
122. 1
123. 2
124. 3
125. 2
126. 1
127. 1
128. 2
129. 2
130. 4
131. 3
132. 2
133. 1
134. 2
135. 3
136. 2
137. 2
138. 2
139. 3
140. 2
141. 7
142. 3
143. 3
144. 1
145. 2
146. 1
147. 1
148. 1
149. 1
150. 3
151. 2
152. 3
153. 1
154. 3
155. 2
156. 2
157. 2
158. 3
159. 1
160. 3
161. 1
162. 2
163. 3
164. 1
165. 2
166. 1
167. 3
168. 1
169. 1
170. 2
171. 2
172. 2
173. 1
174. 2
175. 5
176. 3
177. 2
178. 1
179. 2
180. 1
181. 2
182. 4
183. 3
184. 1
185. 2
186. 2
187. 1
188. 2
189. 1
190. 1
191. 2
192. 1
193. 2
194. 5
195. 2
196. 2
197. 2
198. 1
199. 1
200. 3