3700.txt
1. 0
2. 2
3. 10
4. 1
5. 3
6. 0
7. 7
8. 1
9. 2
10. 0
11. 1
12. 2
13. 0
14. 2
15. 2
16. 0
17. 0
18. 1
19. 4
20. 1
21. 2
22. 2
23. 4
24. 2
25. 3
26. 0
27. 2
28. 2
29. 1
30. 1
31. 3
32. 2
33. 4
34. 1
35. 3
36. 3
37. 0
38. 2
39. 3
40. 3
41. 1
42. 2
43. 3
44. 3
45. 1
46. 0
47. 2
48. 3
49. 4
50. 1
51. 0
52. 1
53. 2
54. 1
55. 2
56. 4
57. 2
58. 1
59. 1
60. 3
61. 0
62. 1
63. 1
64. 0
65. 2
66. 1
67. 3
68. 1
69. 1
70. 3
71. 4
72. 2
73. 1
74. 3
75. 1
76. 1
77. 1
78. 1
79. 3
80. 2
81. 0
82. 0
83. 1
84. 0
85. 2
86. 3
87. 0
88. 4
89. 0
90. 2
91. 0
92. 3
93. 1
94. 0
95. 2
96. 1
97. 1
98. 7
99. 2
100. 3
101. 1
102. 2
103. 1
104. 3
105. 2
106. 1
107. 1
108. 1
109. 2
110. 2
111. 2
112. 3
113. 0
114. 8
115. 2
116. 2
117. 0
118. 1
119. 3
120. 0
121. 7
122. 2
123. 2
124. 1
125. 1
126. 2
127. 0
128. 3
129. 1
130. 1
131. 1
132. 0
133. 2
134. 2
135. 0
136. 4
137. 1
138. 0
139. 2
140. 0
141. 1
142. 2
143. 3
144. 1
145. 1
146. 1
147. 2
148. 3
149. 3
150. 2
151. 0
152. 1
153. 3
154. 1
155. 1
156. 2
157. 1
158. 5
159. 3
160. 3
161. 3
162. 0
163. 2
164. 1
165. 0
166. 1
167. 1
168. 2
169. 2
170. 8
171. 2
172. 1
173. 3
174. 1
175. 2
176. 1
177. 3
178. 0
179. 1
180. 3
181. 0
182. 3
183. 1
184. 4
185. 2
186. 0
187. 4
188. 2
189. 1
190. 2
191. 0
192. 2
193. 0
194. 1
195. 4
196. 2
197. 3
198. 5
199. 2
200. 2