3707.txt
1. 0
2. 4
3. 3
4. 3
5. 0
6. 4
7. 2
8. 2
9. 2
10. 3
11. 1
12. 1
13. 0
14. 3
15. 3
16. 4
17. 1
18. 1
19. 1
20. 0
21. 1
22. 4
23. 2
24. 5
25. 3
26. 1
27. 1
28. 2
29. 2
30. 2
31. 1
32. 1
33. 2
34. 2
35. 1
36. 2
37. 5
38. 0
39. 1
40. 1
41. 2
42. 2
43. 1
44. 1
45. 2
46. 3
47. 4
48. 1
49. 1
50. 1
51. 2
52. 2
53. 1
54. 1
55. 4
56. 1
57. 1
58. 2
59. 1
60. 1
61. 1
62. 2
63. 2
64. 1
65. 2
66. 2
67. 2
68. 2
69. 2
70. 3
71. 2
72. 1
73. 2
74. 3
75. 2
76. 1
77. 1
78. 2
79. 2
80. 4
81. 2
82. 4
83. 1
84. 1
85. 1
86. 2
87. 4
88. 1
89. 2
90. 2
91. 3
92. 2
93. 1
94. 1
95. 2
96. 4
97. 1
98. 0
99. 2
100. 3
101. 2
102. 3
103. 3
104. 2
105. 1
106. 2
107. 2
108. 1
109. 4
110. 3
111. 2
112. 4
113. 3
114. 2
115. 2
116. 2
117. 1
118. 0
119. 2
120. 0
121. 3
122. 1
123. 2
124. 2
125. 1
126. 2
127. 1
128. 2
129. 1
130. 1
131. 1
132. 2
133. 1
134. 1
135. 3
136. 1
137. 3
138. 3
139. 1
140. 1
141. 2
142. 4
143. 1
144. 2
145. 3
146. 3
147. 2
148. 1
149. 2
150. 2
151. 3
152. 2
153. 2
154. 1
155. 2
156. 3
157. 2
158. 1
159. 1
160. 3
161. 2
162. 2
163. 1
164. 2
165. 3
166. 3
167. 2
168. 1
169. 2
170. 2
171. 1
172. 2
173. 1
174. 2
175. 1
176. 2
177. 4
178. 1
179. 1
180. 3
181. 1
182. 3
183. 2
184. 7
185. 2
186. 2
187. 1
188. 2
189. 1
190. 1
191. 1
192. 1
193. 1
194. 3
195. 2
196. 3
197. 2
198. 3
199. 4
200. 1