3710.txt
1. 2
2. 1
3. 3
4. 6
5. 0
6. 1
7. 1
8. 8
9. 4
10. 2
11. 0
12. 2
13. 6
14. 1
15. 2
16. 1
17. 1
18. 2
19. 0
20. 2
21. 1
22. 3
23. 1
24. 0
25. 2
26. 2
27. 3
28. 0
29. 2
30. 7
31. 1
32. 1
33. 4
34. 1
35. 2
36. 2
37. 2
38. 1
39. 2
40. 2
41. 3
42. 1
43. 0
44. 1
45. 1
46. 3
47. 2
48. 3
49. 2
50. 8
51. 2
52. 2
53. 1
54. 2
55. 2
56. 1
57. 2
58. 0
59. 3
60. 2
61. 4
62. 2
63. 5
64. 1
65. 2
66. 1
67. 1
68. 2
69. 2
70. 2
71. 1
72. 3
73. 1
74. 1
75. 0
76. 3
77. 2
78. 1
79. 1
80. 1
81. 2
82. 1
83. 1
84. 1
85. 2
86. 2
87. 4
88. 2
89. 1
90. 3
91. 3
92. 2
93. 1
94. 2
95. 3
96. 2
97. 3
98. 1
99. 1
100. 1
101. 2
102. 1
103. 2
104. 3
105. 5
106. 2
107. 1
108. 4
109. 2
110. 4
111. 3
112. 1
113. 2
114. 1
115. 1
116. 1
117. 2
118. 3
119. 2
120. 1
121. 1
122. 1
123. 1
124. 2
125. 3
126. 2
127. 2
128. 1
129. 2
130. 1
131. 2
132. 3
133. 1
134. 1
135. 3
136. 1
137. 1
138. 1
139. 3
140. 4
141. 4
142. 1
143. 1
144. 2
145. 1
146. 2
147. 1
148. 2
149. 4
150. 3
151. 1
152. 2
153. 3
154. 3
155. 1
156. 1
157. 2
158. 3
159. 5
160. 2
161. 2
162. 2
163. 4
164. 2
165. 1
166. 1
167. 1
168. 1
169. 2
170. 2
171. 3
172. 2
173. 3
174. 2
175. 2
176. 3
177. 2
178. 2
179. 2
180. 1
181. 2
182. 3
183. 1
184. 1
185. 3
186. 1
187. 1
188. 2
189. 1
190. 1
191. 2
192. 2
193. 2
194. 2
195. 2
196. 1
197. 2
198. 2
199. 2
200. 3