3717.txt
1. 0
2. 1
3. 2
4. 2
5. 1
6. 0
7. 0
8. 2
9. 1
10. 5
11. 2
12. 2
13. 3
14. 1
15. 1
16. 1
17. 1
18. 1
19. 2
20. 1
21. 7
22. 2
23. 1
24. 1
25. 1
26. 3
27. 3
28. 4
29. 2
30. 1
31. 2
32. 1
33. 2
34. 0
35. 2
36. 2
37. 1
38. 3
39. 1
40. 2
41. 1
42. 1
43. 1
44. 2
45. 2
46. 1
47. 4
48. 1
49. 1
50. 1
51. 2
52. 1
53. 2
54. 3
55. 2
56. 1
57. 4
58. 3
59. 2
60. 1
61. 1
62. 2
63. 3
64. 2
65. 5
66. 2
67. 1
68. 3
69. 2
70. 2
71. 2
72. 2
73. 2
74. 3
75. 3
76. 2
77. 3
78. 1
79. 1
80. 3
81. 2
82. 2
83. 2
84. 1
85. 3
86. 5
87. 2
88. 2
89. 4
90. 2
91. 2
92. 1
93. 3
94. 1
95. 2
96. 2
97. 1
98. 1
99. 2
100. 3
101. 3
102. 1
103. 1
104. 3
105. 2
106. 2
107. 2
108. 1
109. 2
110. 2
111. 1
112. 1
113. 2
114. 3
115. 2
116. 2
117. 2
118. 2
119. 2
120. 2
121. 1
122. 3
123. 2
124. 2
125. 3
126. 1
127. 1
128. 2
129. 3
130. 2
131. 1
132. 1
133. 1
134. 2
135. 2
136. 2
137. 4
138. 1
139. 2
140. 2
141. 2
142. 2
143. 2
144. 1
145. 2
146. 1
147. 3
148. 1
149. 2
150. 2
151. 3
152. 1
153. 5
154. 2
155. 2
156. 2
157. 1
158. 2
159. 3
160. 3
161. 2
162. 1
163. 2
164. 3
165. 2
166. 3
167. 2
168. 1
169. 1
170. 1
171. 1
172. 1
173. 2
174. 3
175. 3
176. 1
177. 3
178. 2
179. 3
180. 2
181. 2
182. 2
183. 3
184. 2
185. 3
186. 2
187. 3
188. 2
189. 2
190. 2
191. 2
192. 1
193. 1
194. 2
195. 2
196. 3
197. 1
198. 1
199. 2
200. 2