3724.txt
1. 0
2. 3
3. 4
4. 1
5. 1
6. 5
7. 1
8. 7
9. 7
10. 4
11. 2
12. 3
13. 4
14. 2
15. 2
16. 3
17. 2
18. 2
19. 1
20. 3
21. 1
22. 2
23. 4
24. 4
25. 4
26. 0
27. 3
28. 2
29. 8
30. 5
31. 2
32. 2
33. 1
34. 3
35. 4
36. 1
37. 4
38. 1
39. 3
40. 4
41. 3
42. 4
43. 2
44. 2
45. 2
46. 6
47. 2
48. 3
49. 1
50. 1
51. 1
52. 3
53. 1
54. 2
55. 4
56. 3
57. 2
58. 5
59. 3
60. 3
61. 4
62. 2
63. 4
64. 3
65. 4
66. 2
67. 3
68. 5
69. 3
70. 1
71. 3
72. 3
73. 3
74. 4
75. 2
76. 2
77. 2
78. 3
79. 3
80. 2
81. 2
82. 3
83. 3
84. 3
85. 4
86. 3
87. 4
88. 2
89. 4
90. 2
91. 2
92. 2
93. 3
94. 2
95. 1
96. 4
97. 4
98. 2
99. 3
100. 3
101. 3
102. 3
103. 2
104. 4
105. 4
106. 2
107. 1
108. 4
109. 3
110. 3
111. 3
112. 2
113. 2
114. 3
115. 2
116. 2
117. 2
118. 5
119. 4
120. 4
121. 2
122. 1
123. 2
124. 2
125. 3
126. 2
127. 3
128. 1
129. 3
130. 4
131. 2
132. 3
133. 3
134. 3
135. 1
136. 2
137. 6
138. 2
139. 2
140. 6
141. 1
142. 3
143. 3
144. 10
145. 2
146. 4
147. 3
148. 2
149. 1
150. 2
151. 2
152. 2
153. 2
154. 4
155. 4
156. 3
157. 2
158. 2
159. 1
160. 3
161. 1
162. 1
163. 3
164. 4
165. 2
166. 2
167. 1
168. 3
169. 7
170. 1
171. 4
172. 2
173. 2
174. 2
175. 4
176. 1
177. 5
178. 2
179. 2
180. 3
181. 3
182. 1
183. 2
184. 3
185. 3
186. 2
187. 3
188. 4
189. 1
190. 2
191. 2
192. 1
193. 3
194. 3
195. 1
196. 2
197. 2
198. 1
199. 2
200. 3