3731.txt
1. 0
2. 1
3. 2
4. 3
5. 4
6. 2
7. 3
8. 2
9. 2
10. 9
11. 0
12. 1
13. 2
14. 0
15. 3
16. 1
17. 1
18. 2
19. 2
20. 1
21. 4
22. 1
23. 2
24. 2
25. 3
26. 1
27. 1
28. 1
29. 2
30. 2
31. 2
32. 1
33. 1
34. 0
35. 2
36. 2
37. 1
38. 1
39. 2
40. 1
41. 2
42. 3
43. 1
44. 1
45. 2
46. 1
47. 2
48. 3
49. 3
50. 7
51. 4
52. 3
53. 2
54. 1
55. 3
56. 2
57. 1
58. 2
59. 1
60. 1
61. 6
62. 3
63. 4
64. 1
65. 2
66. 1
67. 3
68. 3
69. 1
70. 2
71. 0
72. 2
73. 2
74. 2
75. 2
76. 1
77. 1
78. 1
79. 1
80. 3
81. 1
82. 2
83. 2
84. 0
85. 2
86. 2
87. 4
88. 3
89. 1
90. 1
91. 2
92. 2
93. 1
94. 1
95. 3
96. 3
97. 2
98. 3
99. 2
100. 2
101. 3
102. 2
103. 1
104. 3
105. 1
106. 2
107. 4
108. 2
109. 2
110. 1
111. 3
112. 2
113. 1
114. 1
115. 1
116. 2
117. 1
118. 2
119. 2
120. 1
121. 1
122. 4
123. 1
124. 4
125. 2
126. 0
127. 2
128. 2
129. 3
130. 1
131. 3
132. 2
133. 2
134. 1
135. 3
136. 1
137. 2
138. 1
139. 2
140. 1
141. 2
142. 2
143. 1
144. 2
145. 1
146. 3
147. 1
148. 2
149. 1
150. 2
151. 1
152. 1
153. 2
154. 1
155. 1
156. 1
157. 1
158. 2
159. 1
160. 1
161. 1
162. 1
163. 2
164. 2
165. 2
166. 2
167. 3
168. 2
169. 1
170. 3
171. 2
172. 2
173. 3
174. 2
175. 2
176. 2
177. 2
178. 2
179. 2
180. 1
181. 1
182. 1
183. 2
184. 3
185. 2
186. 1
187. 1
188. 3
189. 1
190. 1
191. 3
192. 1
193. 1
194. 1
195. 2
196. 1
197. 2
198. 1
199. 1
200. 1