3733.txt
1. 2
2. 1
3. 2
4. 3
5. 0
6. 1
7. 1
8. 0
9. 1
10. 2
11. 2
12. 0
13. 1
14. 3
15. 3
16. 3
17. 1
18. 1
19. 2
20. 2
21. 2
22. 2
23. 4
24. 3
25. 2
26. 0
27. 1
28. 1
29. 2
30. 3
31. 1
32. 1
33. 2
34. 0
35. 2
36. 1
37. 1
38. 3
39. 4
40. 4
41. 3
42. 1
43. 1
44. 2
45. 1
46. 1
47. 2
48. 1
49. 2
50. 6
51. 3
52. 1
53. 3
54. 1
55. 2
56. 1
57. 2
58. 2
59. 1
60. 2
61. 2
62. 2
63. 2
64. 1
65. 1
66. 1
67. 2
68. 1
69. 0
70. 2
71. 1
72. 2
73. 3
74. 1
75. 1
76. 3
77. 1
78. 2
79. 2
80. 1
81. 3
82. 1
83. 1
84. 1
85. 1
86. 3
87. 4
88. 1
89. 3
90. 3
91. 1
92. 2
93. 2
94. 2
95. 3
96. 3
97. 2
98. 1
99. 3
100. 1
101. 3
102. 3
103. 2
104. 2
105. 2
106. 2
107. 2
108. 2
109. 1
110. 1
111. 1
112. 5
113. 1
114. 1
115. 1
116. 3
117. 2
118. 2
119. 1
120. 2
121. 2
122. 2
123. 2
124. 2
125. 3
126. 1
127. 0
128. 2
129. 2
130. 1
131. 1
132. 1
133. 1
134. 1
135. 0
136. 1
137. 2
138. 1
139. 3
140. 1
141. 1
142. 1
143. 2
144. 2
145. 1
146. 4
147. 1
148. 2
149. 2
150. 2
151. 3
152. 2
153. 2
154. 3
155. 2
156. 2
157. 1
158. 2
159. 1
160. 1
161. 1
162. 3
163. 3
164. 2
165. 2
166. 3
167. 1
168. 2
169. 3
170. 3
171. 0
172. 2
173. 1
174. 2
175. 1
176. 1
177. 3
178. 2
179. 2
180. 4
181. 2
182. 2
183. 2
184. 1
185. 5
186. 1
187. 1
188. 2
189. 3
190. 1
191. 2
192. 1
193. 2
194. 1
195. 3
196. 1
197. 1
198. 1
199. 2
200. 2