3739.txt
1. 0
2. 0
3. 0
4. 4
5. 2
6. 4
7. 2
8. 0
9. 2
10. 0
11. 2
12. 3
13. 3
14. 3
15. 1
16. 2
17. 2
18. 2
19. 4
20. 0
21. 4
22. 2
23. 0
24. 1
25. 2
26. 2
27. 1
28. 2
29. 1
30. 3
31. 0
32. 1
33. 0
34. 2
35. 2
36. 2
37. 1
38. 3
39. 2
40. 2
41. 7
42. 0
43. 8
44. 4
45. 0
46. 2
47. 6
48. 1
49. 0
50. 1
51. 1
52. 2
53. 3
54. 3
55. 2
56. 4
57. 1
58. 2
59. 2
60. 0
61. 1
62. 0
63. 2
64. 1
65. 0
66. 2
67. 2
68. 3
69. 1
70. 3
71. 3
72. 1
73. 0
74. 1
75. 3
76. 2
77. 0
78. 2
79. 1
80. 1
81. 1
82. 3
83. 2
84. 4
85. 0
86. 0
87. 2
88. 3
89. 4
90. 1
91. 1
92. 2
93. 1
94. 3
95. 6
96. 1
97. 1
98. 1
99. 2
100. 2
101. 2
102. 1
103. 6
104. 0
105. 2
106. 2
107. 0
108. 4
109. 1
110. 5
111. 0
112. 1
113. 2
114. 5
115. 3
116. 1
117. 2
118. 2
119. 1
120. 4
121. 0
122. 2
123. 1
124. 4
125. 3
126. 2
127. 0
128. 2
129. 1
130. 3
131. 1
132. 2
133. 1
134. 0
135. 1
136. 1
137. 1
138. 1
139. 1
140. 2
141. 1
142. 0
143. 2
144. 0
145. 2
146. 1
147. 1
148. 0
149. 2
150. 3
151. 3
152. 3
153. 0
154. 1
155. 1
156. 2
157. 2
158. 1
159. 3
160. 0
161. 2
162. 0
163. 1
164. 3
165. 3
166. 3
167. 1
168. 1
169. 1
170. 2
171. 1
172. 2
173. 4
174. 1
175. 1
176. 4
177. 1
178. 1
179. 3
180. 2
181. 4
182. 1
183. 3
184. 0
185. 0
186. 0
187. 2
188. 2
189. 2
190. 1
191. 2
192. 2
193. 2
194. 4
195. 1
196. 1
197. 2
198. 1
199. 3
200. 1