374.txt
1. 3
2. 0
3. 0
4. 0
5. 1
6. 0
7. 0
8. 0
9. 4
10. 0
11. 0
12. 1
13. 0
14. 5
15. 3
16. 0
17. 4
18. 2
19. 2
20. 3
21. 0
22. 0
23. 2
24. 6
25. 2
26. 1
27. 0
28. 3
29. 2
30. 4
31. 1
32. 0
33. 0
34. 2
35. 0
36. 0
37. 2
38. 4
39. 2
40. 0
41. 0
42. 4
43. 0
44. 2
45. 0
46. 5
47. 0
48. 3
49. 0
50. 2
51. 2
52. 4
53. 2
54. 0
55. 2
56. 5
57. 0
58. 0
59. 2
60. 4
61. 0
62. 5
63. 2
64. 3
65. 0
66. 2
67. 3
68. 5
69. 4
70. 0
71. 0
72. 0
73. 2
74. 0
75. 3
76. 2
77. 2
78. 0
79. 3
80. 0
81. 0
82. 0
83. 0
84. 2
85. 4
86. 2
87. 0
88. 2
89. 0
90. 0
91. 4
92. 2
93. 0
94. 0
95. 2
96. 1
97. 2
98. 0
99. 0
100. 4
101. 2
102. 3
103. 0
104. 0
105. 3
106. 0
107. 0
108. 1
109. 2
110. 0
111. 3
112. 0
113. 3
114. 2
115. 5
116. 0
117. 1
118. 0
119. 0
120. 0
121. 0
122. 2
123. 0
124. 2
125. 0
126. 0
127. 2
128. 3
129. 4
130. 3
131. 0
132. 1
133. 0
134. 0
135. 4
136. 0
137. 0
138. 2
139. 2
140. 0
141. 3
142. 0
143. 0
144. 0
145. 3
146. 2
147. 4
148. 6
149. 1
150. 0
151. 2
152. 0
153. 6
154. 0
155. 3
156. 2
157. 0
158. 5
159. 0
160. 2
161. 4
162. 4
163. 0
164. 0
165. 2
166. 0
167. 0
168. 0
169. 4
170. 0
171. 0
172. 0
173. 0
174. 4
175. 0
176. 2
177. 0
178. 0
179. 0
180. 0
181. 2
182. 0
183. 2
184. 2
185. 7
186. 3
187. 0
188. 5
189. 2
190. 0
191. 0
192. 0
193. 2
194. 2
195. 0
196. 0
197. 0
198. 0
199. 2
200. 0