3743.txt
1. 2
2. 0
3. 0
4. 5
5. 2
6. 4
7. 3
8. 1
9. 1
10. 1
11. 1
12. 0
13. 0
14. 0
15. 3
16. 3
17. 1
18. 1
19. 6
20. 1
21. 3
22. 2
23. 3
24. 2
25. 0
26. 1
27. 2
28. 1
29. 1
30. 5
31. 1
32. 1
33. 4
34. 4
35. 0
36. 0
37. 4
38. 2
39. 4
40. 0
41. 2
42. 3
43. 2
44. 2
45. 2
46. 2
47. 2
48. 2
49. 3
50. 2
51. 0
52. 2
53. 2
54. 0
55. 2
56. 2
57. 4
58. 2
59. 0
60. 1
61. 2
62. 1
63. 7
64. 1
65. 1
66. 2
67. 0
68. 1
69. 1
70. 1
71. 1
72. 2
73. 2
74. 1
75. 1
76. 5
77. 2
78. 2
79. 0
80. 4
81. 2
82. 1
83. 3
84. 2
85. 2
86. 2
87. 1
88. 3
89. 5
90. 1
91. 0
92. 2
93. 2
94. 1
95. 2
96. 2
97. 1
98. 2
99. 1
100. 1
101. 3
102. 3
103. 2
104. 2
105. 1
106. 1
107. 0
108. 2
109. 3
110. 2
111. 2
112. 1
113. 0
114. 1
115. 0
116. 1
117. 3
118. 1
119. 2
120. 1
121. 1
122. 3
123. 1
124. 2
125. 1
126. 0
127. 1
128. 3
129. 0
130. 2
131. 0
132. 5
133. 0
134. 0
135. 2
136. 0
137. 3
138. 1
139. 2
140. 0
141. 2
142. 2
143. 2
144. 6
145. 2
146. 7
147. 1
148. 2
149. 1
150. 5
151. 2
152. 1
153. 0
154. 2
155. 1
156. 4
157. 1
158. 1
159. 1
160. 2
161. 1
162. 2
163. 1
164. 4
165. 0
166. 2
167. 2
168. 1
169. 2
170. 3
171. 3
172. 1
173. 2
174. 2
175. 1
176. 2
177. 3
178. 7
179. 1
180. 4
181. 0
182. 1
183. 4
184. 5
185. 2
186. 3
187. 2
188. 0
189. 2
190. 3
191. 3
192. 1
193. 1
194. 2
195. 2
196. 2
197. 3
198. 2
199. 1
200. 0