3748.txt
1. 3
2. 4
3. 5
4. 2
5. 1
6. 0
7. 7
8. 4
9. 1
10. 3
11. 2
12. 5
13. 2
14. 3
15. 6
16. 1
17. 1
18. 2
19. 3
20. 2
21. 1
22. 4
23. 1
24. 3
25. 2
26. 1
27. 4
28. 3
29. 2
30. 5
31. 2
32. 1
33. 4
34. 2
35. 6
36. 2
37. 1
38. 3
39. 2
40. 3
41. 4
42. 2
43. 3
44. 3
45. 4
46. 4
47. 1
48. 3
49. 4
50. 7
51. 1
52. 3
53. 2
54. 5
55. 5
56. 2
57. 5
58. 1
59. 3
60. 2
61. 2
62. 3
63. 4
64. 6
65. 2
66. 1
67. 2
68. 4
69. 2
70. 2
71. 4
72. 3
73. 5
74. 2
75. 2
76. 5
77. 3
78. 3
79. 3
80. 4
81. 3
82. 2
83. 1
84. 7
85. 2
86. 3
87. 2
88. 4
89. 3
90. 3
91. 1
92. 3
93. 2
94. 3
95. 4
96. 3
97. 2
98. 2
99. 5
100. 2
101. 4
102. 1
103. 2
104. 2
105. 4
106. 5
107. 1
108. 3
109. 1
110. 1
111. 1
112. 1
113. 4
114. 3
115. 5
116. 4
117. 2
118. 6
119. 2
120. 3
121. 5
122. 5
123. 1
124. 3
125. 5
126. 1
127. 2
128. 6
129. 5
130. 2
131. 3
132. 3
133. 2
134. 1
135. 2
136. 2
137. 3
138. 2
139. 3
140. 2
141. 6
142. 4
143. 4
144. 3
145. 1
146. 1
147. 3
148. 3
149. 4
150. 2
151. 3
152. 3
153. 2
154. 7
155. 2
156. 3
157. 4
158. 1
159. 2
160. 1
161. 3
162. 4
163. 10
164. 5
165. 4
166. 1
167. 3
168. 3
169. 3
170. 7
171. 2
172. 1
173. 2
174. 5
175. 5
176. 2
177. 3
178. 3
179. 2
180. 2
181. 2
182. 2
183. 3
184. 3
185. 1
186. 2
187. 7
188. 3
189. 2
190. 2
191. 3
192. 3
193. 1
194. 1
195. 2
196. 4
197. 1
198. 4
199. 2
200. 3