3758.txt
1. 2
2. 4
3. 2
4. 2
5. 1
6. 3
7. 2
8. 0
9. 1
10. 3
11. 2
12. 4
13. 2
14. 3
15. 5
16. 2
17. 0
18. 3
19. 4
20. 1
21. 1
22. 2
23. 5
24. 2
25. 3
26. 2
27. 3
28. 4
29. 3
30. 6
31. 3
32. 4
33. 2
34. 3
35. 7
36. 1
37. 4
38. 2
39. 3
40. 3
41. 2
42. 2
43. 2
44. 2
45. 0
46. 4
47. 2
48. 2
49. 3
50. 1
51. 7
52. 3
53. 3
54. 4
55. 5
56. 3
57. 4
58. 2
59. 1
60. 2
61. 2
62. 0
63. 2
64. 3
65. 2
66. 2
67. 2
68. 3
69. 1
70. 2
71. 3
72. 5
73. 3
74. 2
75. 2
76. 2
77. 2
78. 3
79. 3
80. 2
81. 3
82. 2
83. 2
84. 2
85. 1
86. 1
87. 3
88. 3
89. 3
90. 2
91. 3
92. 4
93. 4
94. 2
95. 1
96. 3
97. 4
98. 2
99. 2
100. 3
101. 1
102. 8
103. 2
104. 2
105. 3
106. 2
107. 1
108. 4
109. 2
110. 2
111. 2
112. 3
113. 1
114. 3
115. 2
116. 3
117. 1
118. 2
119. 4
120. 3
121. 1
122. 2
123. 4
124. 2
125. 4
126. 2
127. 2
128. 3
129. 1
130. 2
131. 4
132. 4
133. 2
134. 2
135. 2
136. 2
137. 1
138. 3
139. 2
140. 3
141. 2
142. 2
143. 4
144. 3
145. 2
146. 2
147. 1
148. 2
149. 3
150. 3
151. 4
152. 3
153. 2
154. 2
155. 4
156. 1
157. 3
158. 3
159. 4
160. 4
161. 4
162. 4
163. 1
164. 3
165. 2
166. 3
167. 7
168. 2
169. 3
170. 2
171. 2
172. 2
173. 3
174. 2
175. 3
176. 2
177. 3
178. 2
179. 2
180. 3
181. 1
182. 1
183. 2
184. 2
185. 2
186. 6
187. 4
188. 3
189. 2
190. 7
191. 3
192. 2
193. 1
194. 4
195. 3
196. 2
197. 2
198. 5
199. 3
200. 3