3760.txt
1. 0
2. 2
3. 3
4. 0
5. 0
6. 4
7. 3
8. 0
9. 3
10. 0
11. 0
12. 2
13. 2
14. 3
15. 0
16. 0
17. 0
18. 3
19. 0
20. 2
21. 0
22. 3
23. 2
24. 0
25. 2
26. 2
27. 0
28. 0
29. 4
30. 5
31. 0
32. 2
33. 1
34. 0
35. 0
36. 2
37. 0
38. 3
39. 5
40. 4
41. 2
42. 4
43. 2
44. 2
45. 3
46. 2
47. 1
48. 4
49. 6
50. 0
51. 0
52. 4
53. 3
54. 2
55. 2
56. 0
57. 0
58. 0
59. 2
60. 4
61. 2
62. 0
63. 2
64. 0
65. 3
66. 2
67. 6
68. 0
69. 3
70. 4
71. 3
72. 0
73. 2
74. 3
75. 2
76. 0
77. 7
78. 0
79. 2
80. 3
81. 0
82. 0
83. 2
84. 2
85. 0
86. 0
87. 0
88. 0
89. 2
90. 0
91. 2
92. 2
93. 0
94. 2
95. 2
96. 3
97. 2
98. 2
99. 0
100. 2
101. 3
102. 0
103. 4
104. 0
105. 3
106. 2
107. 3
108. 0
109. 3
110. 2
111. 0
112. 2
113. 2
114. 0
115. 2
116. 0
117. 0
118. 4
119. 2
120. 0
121. 2
122. 0
123. 2
124. 2
125. 3
126. 0
127. 2
128. 2
129. 0
130. 0
131. 4
132. 2
133. 0
134. 2
135. 3
136. 0
137. 5
138. 0
139. 0
140. 0
141. 0
142. 0
143. 3
144. 3
145. 0
146. 0
147. 2
148. 0
149. 3
150. 0
151. 0
152. 2
153. 0
154. 0
155. 2
156. 0
157. 2
158. 3
159. 0
160. 2
161. 2
162. 2
163. 2
164. 4
165. 3
166. 0
167. 2
168. 3
169. 0
170. 2
171. 0
172. 2
173. 0
174. 0
175. 2
176. 0
177. 2
178. 2
179. 0
180. 2
181. 0
182. 0
183. 4
184. 2
185. 3
186. 3
187. 2
188. 2
189. 4
190. 2
191. 0
192. 2
193. 2
194. 0
195. 0
196. 0
197. 0
198. 0
199. 4
200. 3