3764.txt
1. 3
2. 6
3. 1
4. 2
5. 3
6. 1
7. 4
8. 2
9. 0
10. 4
11. 5
12. 5
13. 1
14. 2
15. 3
16. 2
17. 2
18. 8
19. 3
20. 1
21. 2
22. 1
23. 2
24. 2
25. 1
26. 4
27. 1
28. 2
29. 4
30. 2
31. 2
32. 3
33. 7
34. 2
35. 1
36. 1
37. 4
38. 1
39. 2
40. 1
41. 1
42. 4
43. 3
44. 2
45. 2
46. 2
47. 1
48. 1
49. 1
50. 3
51. 2
52. 3
53. 2
54. 2
55. 2
56. 2
57. 2
58. 5
59. 1
60. 3
61. 3
62. 1
63. 2
64. 3
65. 2
66. 2
67. 2
68. 2
69. 2
70. 2
71. 2
72. 1
73. 2
74. 1
75. 2
76. 4
77. 4
78. 1
79. 2
80. 3
81. 1
82. 1
83. 2
84. 1
85. 1
86. 1
87. 1
88. 2
89. 2
90. 3
91. 1
92. 2
93. 2
94. 1
95. 2
96. 3
97. 1
98. 3
99. 1
100. 3
101. 2
102. 2
103. 2
104. 3
105. 2
106. 2
107. 2
108. 2
109. 2
110. 3
111. 1
112. 2
113. 2
114. 2
115. 3
116. 4
117. 1
118. 2
119. 3
120. 2
121. 2
122. 2
123. 1
124. 3
125. 1
126. 1
127. 1
128. 2
129. 2
130. 1
131. 4
132. 2
133. 1
134. 2
135. 1
136. 4
137. 2
138. 2
139. 3
140. 1
141. 2
142. 4
143. 2
144. 3
145. 1
146. 1
147. 1
148. 3
149. 1
150. 2
151. 2
152. 2
153. 1
154. 4
155. 2
156. 2
157. 2
158. 2
159. 2
160. 2
161. 1
162. 2
163. 3
164. 2
165. 2
166. 2
167. 4
168. 9
169. 3
170. 4
171. 1
172. 2
173. 2
174. 1
175. 1
176. 1
177. 2
178. 5
179. 2
180. 1
181. 3
182. 2
183. 2
184. 2
185. 3
186. 2
187. 4
188. 1
189. 1
190. 2
191. 1
192. 2
193. 2
194. 2
195. 3
196. 3
197. 2
198. 2
199. 4
200. 3