3775.txt
1. 0
2. 1
3. 2
4. 2
5. 2
6. 3
7. 2
8. 0
9. 1
10. 3
11. 1
12. 0
13. 2
14. 4
15. 0
16. 1
17. 1
18. 4
19. 1
20. 4
21. 2
22. 4
23. 4
24. 2
25. 0
26. 1
27. 3
28. 2
29. 1
30. 3
31. 3
32. 3
33. 1
34. 0
35. 2
36. 0
37. 1
38. 2
39. 0
40. 1
41. 2
42. 2
43. 2
44. 3
45. 1
46. 1
47. 2
48. 1
49. 2
50. 2
51. 1
52. 1
53. 3
54. 2
55. 2
56. 0
57. 2
58. 1
59. 2
60. 1
61. 1
62. 10
63. 1
64. 2
65. 1
66. 2
67. 2
68. 0
69. 3
70. 1
71. 1
72. 2
73. 2
74. 1
75. 2
76. 1
77. 2
78. 2
79. 1
80. 2
81. 1
82. 3
83. 1
84. 1
85. 1
86. 2
87. 1
88. 2
89. 1
90. 1
91. 2
92. 2
93. 1
94. 2
95. 1
96. 1
97. 1
98. 3
99. 1
100. 2
101. 2
102. 1
103. 1
104. 2
105. 2
106. 2
107. 1
108. 2
109. 1
110. 3
111. 4
112. 2
113. 1
114. 1
115. 2
116. 2
117. 1
118. 2
119. 3
120. 2
121. 1
122. 2
123. 1
124. 2
125. 0
126. 2
127. 3
128. 3
129. 2
130. 3
131. 1
132. 1
133. 2
134. 2
135. 1
136. 2
137. 2
138. 2
139. 1
140. 2
141. 2
142. 1
143. 2
144. 2
145. 1
146. 1
147. 3
148. 1
149. 2
150. 3
151. 2
152. 1
153. 1
154. 1
155. 1
156. 1
157. 2
158. 3
159. 2
160. 1
161. 3
162. 2
163. 1
164. 1
165. 2
166. 2
167. 2
168. 1
169. 1
170. 2
171. 1
172. 1
173. 2
174. 1
175. 1
176. 2
177. 1
178. 2
179. 2
180. 1
181. 2
182. 2
183. 2
184. 2
185. 2
186. 1
187. 1
188. 3
189. 3
190. 2
191. 2
192. 2
193. 1
194. 1
195. 3
196. 1
197. 3
198. 1
199. 2
200. 2