3779.txt
1. 2
2. 3
3. 4
4. 4
5. 2
6. 2
7. 4
8. 2
9. 1
10. 6
11. 1
12. 2
13. 5
14. 3
15. 2
16. 4
17. 5
18. 2
19. 2
20. 4
21. 2
22. 1
23. 2
24. 5
25. 3
26. 1
27. 5
28. 2
29. 1
30. 2
31. 3
32. 1
33. 2
34. 2
35. 3
36. 2
37. 2
38. 1
39. 4
40. 4
41. 2
42. 3
43. 4
44. 4
45. 4
46. 2
47. 2
48. 2
49. 4
50. 1
51. 5
52. 5
53. 7
54. 3
55. 4
56. 1
57. 3
58. 3
59. 2
60. 5
61. 1
62. 3
63. 5
64. 2
65. 2
66. 3
67. 1
68. 8
69. 3
70. 1
71. 2
72. 2
73. 2
74. 3
75. 4
76. 2
77. 3
78. 3
79. 4
80. 3
81. 2
82. 1
83. 2
84. 3
85. 4
86. 2
87. 2
88. 2
89. 4
90. 1
91. 3
92. 1
93. 3
94. 2
95. 3
96. 2
97. 3
98. 3
99. 2
100. 6
101. 3
102. 2
103. 2
104. 5
105. 3
106. 2
107. 2
108. 4
109. 2
110. 3
111. 4
112. 2
113. 1
114. 5
115. 2
116. 2
117. 2
118. 3
119. 4
120. 4
121. 3
122. 3
123. 3
124. 2
125. 2
126. 3
127. 3
128. 2
129. 1
130. 4
131. 4
132. 3
133. 3
134. 2
135. 5
136. 5
137. 2
138. 5
139. 4
140. 3
141. 3
142. 2
143. 4
144. 4
145. 1
146. 5
147. 2
148. 2
149. 1
150. 2
151. 6
152. 3
153. 2
154. 2
155. 2
156. 3
157. 2
158. 3
159. 2
160. 2
161. 2
162. 2
163. 2
164. 4
165. 2
166. 2
167. 1
168. 3
169. 4
170. 3
171. 3
172. 4
173. 2
174. 3
175. 4
176. 2
177. 2
178. 3
179. 4
180. 7
181. 2
182. 2
183. 3
184. 3
185. 3
186. 3
187. 2
188. 3
189. 3
190. 2
191. 5
192. 4
193. 8
194. 3
195. 2
196. 3
197. 2
198. 3
199. 3
200. 3