3780.txt
1. 2
2. 3
3. 4
4. 1
5. 6
6. 2
7. 1
8. 2
9. 3
10. 2
11. 8
12. 1
13. 2
14. 7
15. 2
16. 1
17. 2
18. 3
19. 2
20. 5
21. 2
22. 1
23. 4
24. 3
25. 2
26. 1
27. 3
28. 2
29. 2
30. 2
31. 4
32. 2
33. 4
34. 3
35. 3
36. 4
37. 1
38. 5
39. 2
40. 3
41. 2
42. 4
43. 2
44. 3
45. 2
46. 2
47. 3
48. 4
49. 1
50. 2
51. 2
52. 5
53. 1
54. 2
55. 2
56. 3
57. 1
58. 3
59. 2
60. 2
61. 1
62. 3
63. 3
64. 4
65. 3
66. 6
67. 3
68. 2
69. 3
70. 3
71. 3
72. 2
73. 2
74. 3
75. 4
76. 1
77. 2
78. 3
79. 2
80. 3
81. 1
82. 2
83. 2
84. 1
85. 3
86. 3
87. 2
88. 3
89. 2
90. 10
91. 2
92. 3
93. 3
94. 2
95. 3
96. 2
97. 2
98. 2
99. 2
100. 2
101. 1
102. 2
103. 1
104. 2
105. 5
106. 3
107. 3
108. 2
109. 3
110. 2
111. 2
112. 2
113. 2
114. 2
115. 3
116. 2
117. 3
118. 2
119. 2
120. 2
121. 2
122. 2
123. 3
124. 3
125. 2
126. 2
127. 2
128. 2
129. 4
130. 3
131. 2
132. 3
133. 2
134. 4
135. 3
136. 3
137. 2
138. 2
139. 1
140. 2
141. 2
142. 3
143. 2
144. 2
145. 3
146. 2
147. 4
148. 5
149. 1
150. 4
151. 2
152. 3
153. 3
154. 3
155. 5
156. 2
157. 2
158. 2
159. 3
160. 2
161. 2
162. 2
163. 3
164. 4
165. 4
166. 3
167. 2
168. 1
169. 3
170. 2
171. 2
172. 2
173. 6
174. 3
175. 2
176. 1
177. 2
178. 3
179. 3
180. 3
181. 2
182. 3
183. 4
184. 4
185. 3
186. 3
187. 3
188. 2
189. 4
190. 3
191. 2
192. 2
193. 4
194. 3
195. 2
196. 3
197. 2
198. 4
199. 3
200. 2