3792.txt
1. 0
2. 4
3. 5
4. 2
5. 1
6. 4
7. 1
8. 1
9. 3
10. 1
11. 0
12. 2
13. 1
14. 1
15. 2
16. 2
17. 3
18. 1
19. 3
20. 2
21. 3
22. 2
23. 2
24. 3
25. 4
26. 1
27. 2
28. 0
29. 3
30. 1
31. 2
32. 4
33. 2
34. 1
35. 2
36. 2
37. 1
38. 3
39. 1
40. 3
41. 1
42. 2
43. 3
44. 1
45. 2
46. 1
47. 1
48. 3
49. 1
50. 2
51. 0
52. 5
53. 1
54. 3
55. 3
56. 1
57. 1
58. 3
59. 2
60. 3
61. 3
62. 3
63. 1
64. 3
65. 2
66. 3
67. 2
68. 4
69. 3
70. 2
71. 4
72. 1
73. 2
74. 2
75. 2
76. 1
77. 1
78. 2
79. 2
80. 2
81. 0
82. 2
83. 1
84. 1
85. 5
86. 2
87. 1
88. 2
89. 1
90. 3
91. 3
92. 1
93. 1
94. 5
95. 2
96. 2
97. 2
98. 2
99. 2
100. 1
101. 1
102. 3
103. 1
104. 3
105. 3
106. 3
107. 1
108. 2
109. 2
110. 3
111. 2
112. 3
113. 3
114. 2
115. 3
116. 1
117. 2
118. 2
119. 3
120. 2
121. 1
122. 4
123. 3
124. 1
125. 3
126. 1
127. 3
128. 2
129. 1
130. 1
131. 3
132. 2
133. 1
134. 1
135. 3
136. 4
137. 1
138. 2
139. 2
140. 1
141. 2
142. 2
143. 2
144. 3
145. 2
146. 1
147. 2
148. 1
149. 0
150. 3
151. 3
152. 1
153. 5
154. 1
155. 3
156. 2
157. 4
158. 3
159. 1
160. 2
161. 3
162. 3
163. 2
164. 2
165. 2
166. 2
167. 1
168. 2
169. 1
170. 2
171. 2
172. 1
173. 2
174. 1
175. 3
176. 1
177. 2
178. 2
179. 3
180. 2
181. 3
182. 4
183. 2
184. 1
185. 3
186. 1
187. 4
188. 1
189. 1
190. 2
191. 3
192. 4
193. 1
194. 2
195. 5
196. 1
197. 2
198. 2
199. 2
200. 2