3797.txt
1. 0
2. 0
3. 2
4. 2
5. 2
6. 1
7. 1
8. 0
9. 3
10. 6
11. 0
12. 7
13. 3
14. 1
15. 2
16. 1
17. 2
18. 3
19. 1
20. 1
21. 2
22. 1
23. 2
24. 1
25. 3
26. 2
27. 1
28. 3
29. 2
30. 2
31. 1
32. 3
33. 2
34. 1
35. 2
36. 4
37. 3
38. 2
39. 1
40. 4
41. 2
42. 2
43. 2
44. 1
45. 2
46. 5
47. 2
48. 2
49. 3
50. 3
51. 1
52. 2
53. 3
54. 1
55. 3
56. 1
57. 2
58. 1
59. 2
60. 2
61. 3
62. 3
63. 2
64. 2
65. 1
66. 2
67. 2
68. 2
69. 3
70. 2
71. 7
72. 1
73. 2
74. 1
75. 3
76. 2
77. 2
78. 2
79. 2
80. 2
81. 4
82. 2
83. 1
84. 2
85. 1
86. 9
87. 1
88. 2
89. 1
90. 2
91. 2
92. 3
93. 1
94. 2
95. 3
96. 2
97. 2
98. 3
99. 2
100. 1
101. 2
102. 2
103. 2
104. 2
105. 1
106. 3
107. 1
108. 2
109. 2
110. 1
111. 1
112. 1
113. 4
114. 2
115. 1
116. 2
117. 2
118. 1
119. 2
120. 3
121. 2
122. 1
123. 2
124. 1
125. 3
126. 3
127. 2
128. 2
129. 1
130. 3
131. 1
132. 1
133. 2
134. 2
135. 4
136. 2
137. 1
138. 3
139. 3
140. 3
141. 1
142. 2
143. 4
144. 1
145. 1
146. 2
147. 1
148. 1
149. 1
150. 2
151. 3
152. 2
153. 3
154. 1
155. 3
156. 3
157. 4
158. 1
159. 1
160. 1
161. 3
162. 2
163. 2
164. 4
165. 3
166. 3
167. 1
168. 2
169. 1
170. 2
171. 2
172. 1
173. 2
174. 2
175. 3
176. 4
177. 1
178. 3
179. 2
180. 1
181. 2
182. 2
183. 1
184. 2
185. 2
186. 1
187. 2
188. 2
189. 2
190. 2
191. 2
192. 2
193. 4
194. 2
195. 2
196. 2
197. 2
198. 1
199. 3
200. 2