3805.txt
1. 0
2. 0
3. 7
4. 1
5. 0
6. 4
7. 1
8. 4
9. 1
10. 1
11. 0
12. 2
13. 3
14. 4
15. 1
16. 2
17. 0
18. 1
19. 3
20. 0
21. 2
22. 1
23. 0
24. 1
25. 1
26. 3
27. 1
28. 0
29. 2
30. 4
31. 2
32. 1
33. 4
34. 3
35. 0
36. 3
37. 2
38. 2
39. 0
40. 3
41. 2
42. 1
43. 1
44. 3
45. 1
46. 1
47. 1
48. 2
49. 4
50. 1
51. 1
52. 0
53. 2
54. 4
55. 2
56. 4
57. 2
58. 8
59. 4
60. 1
61. 1
62. 1
63. 3
64. 3
65. 2
66. 3
67. 2
68. 1
69. 1
70. 3
71. 3
72. 1
73. 3
74. 2
75. 1
76. 1
77. 1
78. 2
79. 2
80. 2
81. 3
82. 1
83. 3
84. 1
85. 3
86. 1
87. 2
88. 0
89. 2
90. 1
91. 5
92. 2
93. 3
94. 3
95. 2
96. 1
97. 2
98. 2
99. 1
100. 2
101. 1
102. 3
103. 1
104. 7
105. 2
106. 2
107. 2
108. 1
109. 2
110. 1
111. 2
112. 1
113. 1
114. 1
115. 2
116. 1
117. 1
118. 2
119. 3
120. 0
121. 1
122. 1
123. 0
124. 3
125. 3
126. 2
127. 1
128. 3
129. 1
130. 2
131. 1
132. 2
133. 3
134. 1
135. 2
136. 3
137. 2
138. 3
139. 1
140. 2
141. 2
142. 2
143. 3
144. 3
145. 0
146. 2
147. 4
148. 1
149. 2
150. 3
151. 1
152. 4
153. 2
154. 2
155. 1
156. 0
157. 1
158. 3
159. 1
160. 2
161. 1
162. 2
163. 0
164. 2
165. 1
166. 3
167. 2
168. 2
169. 2
170. 2
171. 2
172. 2
173. 1
174. 2
175. 3
176. 1
177. 0
178. 2
179. 1
180. 2
181. 3
182. 1
183. 3
184. 2
185. 1
186. 1
187. 1
188. 2
189. 1
190. 1
191. 2
192. 1
193. 2
194. 1
195. 1
196. 3
197. 2
198. 1
199. 3
200. 1