3820.txt
1. 3
2. 1
3. 2
4. 2
5. 2
6. 1
7. 3
8. 1
9. 1
10. 1
11. 3
12. 3
13. 1
14. 1
15. 1
16. 1
17. 2
18. 1
19. 4
20. 1
21. 4
22. 3
23. 1
24. 7
25. 5
26. 2
27. 2
28. 4
29. 2
30. 3
31. 1
32. 2
33. 3
34. 2
35. 3
36. 2
37. 2
38. 2
39. 1
40. 1
41. 2
42. 1
43. 3
44. 1
45. 3
46. 2
47. 6
48. 1
49. 2
50. 2
51. 2
52. 3
53. 1
54. 3
55. 1
56. 2
57. 1
58. 2
59. 2
60. 2
61. 2
62. 2
63. 1
64. 2
65. 3
66. 1
67. 2
68. 2
69. 3
70. 2
71. 2
72. 3
73. 1
74. 2
75. 3
76. 2
77. 1
78. 3
79. 4
80. 5
81. 2
82. 3
83. 1
84. 2
85. 1
86. 3
87. 3
88. 3
89. 2
90. 1
91. 1
92. 2
93. 2
94. 1
95. 3
96. 1
97. 3
98. 1
99. 3
100. 2
101. 8
102. 2
103. 1
104. 2
105. 3
106. 1
107. 2
108. 1
109. 1
110. 2
111. 3
112. 2
113. 2
114. 3
115. 5
116. 2
117. 1
118. 1
119. 1
120. 4
121. 1
122. 1
123. 1
124. 2
125. 3
126. 2
127. 2
128. 1
129. 1
130. 3
131. 3
132. 1
133. 2
134. 4
135. 1
136. 1
137. 2
138. 1
139. 4
140. 1
141. 3
142. 2
143. 2
144. 1
145. 5
146. 2
147. 1
148. 1
149. 3
150. 3
151. 1
152. 2
153. 1
154. 2
155. 1
156. 1
157. 1
158. 2
159. 1
160. 4
161. 2
162. 2
163. 3
164. 6
165. 3
166. 2
167. 2
168. 2
169. 1
170. 2
171. 2
172. 2
173. 1
174. 2
175. 2
176. 2
177. 2
178. 1
179. 3
180. 1
181. 2
182. 4
183. 2
184. 2
185. 3
186. 1
187. 3
188. 3
189. 3
190. 2
191. 2
192. 2
193. 4
194. 3
195. 4
196. 1
197. 2
198. 2
199. 2
200. 2