3842.txt
1. 2
2. 1
3. 1
4. 3
5. 3
6. 4
7. 1
8. 0
9. 0
10. 1
11. 3
12. 1
13. 2
14. 1
15. 2
16. 2
17. 0
18. 2
19. 2
20. 1
21. 3
22. 1
23. 2
24. 1
25. 2
26. 2
27. 3
28. 2
29. 4
30. 3
31. 4
32. 2
33. 2
34. 3
35. 2
36. 1
37. 1
38. 1
39. 1
40. 5
41. 2
42. 3
43. 1
44. 3
45. 3
46. 2
47. 2
48. 4
49. 8
50. 3
51. 7
52. 3
53. 1
54. 2
55. 1
56. 1
57. 2
58. 0
59. 3
60. 0
61. 4
62. 1
63. 1
64. 3
65. 2
66. 1
67. 1
68. 2
69. 2
70. 6
71. 2
72. 1
73. 2
74. 2
75. 1
76. 1
77. 2
78. 3
79. 1
80. 4
81. 2
82. 1
83. 1
84. 1
85. 3
86. 4
87. 1
88. 2
89. 7
90. 2
91. 1
92. 3
93. 2
94. 1
95. 2
96. 4
97. 1
98. 1
99. 1
100. 10
101. 1
102. 3
103. 2
104. 2
105. 2
106. 1
107. 2
108. 2
109. 3
110. 1
111. 1
112. 2
113. 2
114. 3
115. 1
116. 1
117. 1
118. 2
119. 3
120. 3
121. 2
122. 1
123. 1
124. 1
125. 1
126. 3
127. 1
128. 2
129. 2
130. 6
131. 1
132. 1
133. 2
134. 2
135. 2
136. 1
137. 3
138. 1
139. 3
140. 2
141. 1
142. 1
143. 4
144. 1
145. 2
146. 1
147. 2
148. 2
149. 1
150. 2
151. 3
152. 2
153. 3
154. 1
155. 2
156. 1
157. 2
158. 2
159. 3
160. 0
161. 3
162. 4
163. 1
164. 1
165. 2
166. 2
167. 2
168. 3
169. 1
170. 5
171. 1
172. 3
173. 1
174. 1
175. 1
176. 3
177. 2
178. 2
179. 2
180. 2
181. 2
182. 2
183. 1
184. 2
185. 1
186. 1
187. 1
188. 1
189. 2
190. 3
191. 1
192. 3
193. 1
194. 2
195. 1
196. 1
197. 1
198. 2
199. 1
200. 2