3845.txt
1. 2
2. 1
3. 4
4. 7
5. 1
6. 2
7. 1
8. 1
9. 2
10. 2
11. 2
12. 1
13. 5
14. 1
15. 0
16. 2
17. 2
18. 1
19. 2
20. 1
21. 1
22. 1
23. 4
24. 3
25. 4
26. 1
27. 3
28. 1
29. 0
30. 3
31. 1
32. 2
33. 1
34. 3
35. 3
36. 3
37. 2
38. 3
39. 1
40. 4
41. 3
42. 2
43. 2
44. 2
45. 1
46. 2
47. 1
48. 4
49. 4
50. 2
51. 1
52. 0
53. 4
54. 2
55. 6
56. 4
57. 2
58. 3
59. 3
60. 2
61. 7
62. 2
63. 2
64. 3
65. 2
66. 3
67. 2
68. 2
69. 2
70. 2
71. 2
72. 1
73. 3
74. 1
75. 2
76. 2
77. 2
78. 2
79. 0
80. 4
81. 1
82. 2
83. 1
84. 1
85. 2
86. 1
87. 2
88. 6
89. 3
90. 2
91. 3
92. 2
93. 3
94. 5
95. 1
96. 8
97. 5
98. 3
99. 2
100. 4
101. 1
102. 2
103. 5
104. 1
105. 2
106. 2
107. 2
108. 1
109. 1
110. 1
111. 2
112. 1
113. 2
114. 1
115. 4
116. 3
117. 2
118. 2
119. 3
120. 1
121. 2
122. 2
123. 2
124. 1
125. 4
126. 3
127. 2
128. 2
129. 1
130. 1
131. 3
132. 3
133. 4
134. 1
135. 2
136. 3
137. 3
138. 2
139. 2
140. 1
141. 1
142. 2
143. 1
144. 3
145. 2
146. 1
147. 2
148. 2
149. 2
150. 2
151. 2
152. 1
153. 1
154. 1
155. 2
156. 3
157. 2
158. 2
159. 2
160. 2
161. 3
162. 2
163. 2
164. 1
165. 3
166. 1
167. 2
168. 1
169. 1
170. 3
171. 2
172. 4
173. 1
174. 3
175. 2
176. 2
177. 1
178. 2
179. 3
180. 1
181. 3
182. 3
183. 2
184. 1
185. 2
186. 1
187. 2
188. 2
189. 2
190. 8
191. 1
192. 4
193. 1
194. 1
195. 1
196. 2
197. 2
198. 2
199. 2
200. 1