3846.txt
1. 0
2. 2
3. 3
4. 2
5. 4
6. 1
7. 3
8. 3
9. 1
10. 1
11. 3
12. 6
13. 1
14. 5
15. 7
16. 2
17. 5
18. 2
19. 1
20. 2
21. 1
22. 3
23. 2
24. 2
25. 4
26. 1
27. 3
28. 5
29. 1
30. 1
31. 4
32. 2
33. 3
34. 2
35. 4
36. 2
37. 2
38. 3
39. 2
40. 1
41. 1
42. 2
43. 7
44. 2
45. 3
46. 2
47. 5
48. 2
49. 2
50. 1
51. 2
52. 2
53. 1
54. 1
55. 2
56. 3
57. 2
58. 3
59. 3
60. 2
61. 2
62. 2
63. 1
64. 3
65. 2
66. 1
67. 2
68. 1
69. 1
70. 2
71. 1
72. 3
73. 1
74. 3
75. 2
76. 2
77. 2
78. 1
79. 1
80. 2
81. 6
82. 3
83. 2
84. 2
85. 3
86. 2
87. 1
88. 2
89. 3
90. 3
91. 1
92. 3
93. 3
94. 2
95. 3
96. 2
97. 2
98. 2
99. 3
100. 2
101. 2
102. 4
103. 5
104. 3
105. 2
106. 3
107. 1
108. 2
109. 3
110. 2
111. 2
112. 3
113. 3
114. 1
115. 2
116. 2
117. 4
118. 2
119. 1
120. 3
121. 1
122. 3
123. 4
124. 3
125. 2
126. 2
127. 2
128. 1
129. 2
130. 2
131. 3
132. 2
133. 1
134. 4
135. 3
136. 2
137. 3
138. 2
139. 1
140. 3
141. 2
142. 1
143. 1
144. 2
145. 1
146. 2
147. 2
148. 2
149. 2
150. 2
151. 2
152. 1
153. 3
154. 2
155. 2
156. 2
157. 1
158. 2
159. 4
160. 3
161. 1
162. 2
163. 2
164. 1
165. 3
166. 1
167. 2
168. 3
169. 2
170. 2
171. 2
172. 3
173. 5
174. 3
175. 2
176. 4
177. 3
178. 2
179. 3
180. 1
181. 3
182. 1
183. 2
184. 3
185. 3
186. 3
187. 2
188. 4
189. 3
190. 1
191. 2
192. 2
193. 2
194. 3
195. 2
196. 2
197. 1
198. 2
199. 1
200. 6