3861.txt
1. 3
2. 1
3. 1
4. 4
5. 2
6. 1
7. 3
8. 1
9. 2
10. 1
11. 1
12. 3
13. 5
14. 2
15. 1
16. 1
17. 2
18. 2
19. 2
20. 3
21. 2
22. 2
23. 1
24. 6
25. 4
26. 3
27. 1
28. 2
29. 1
30. 1
31. 2
32. 2
33. 1
34. 3
35. 3
36. 2
37. 2
38. 2
39. 1
40. 4
41. 2
42. 1
43. 3
44. 3
45. 2
46. 1
47. 3
48. 4
49. 2
50. 2
51. 2
52. 1
53. 2
54. 3
55. 2
56. 3
57. 1
58. 1
59. 2
60. 2
61. 2
62. 2
63. 2
64. 2
65. 3
66. 2
67. 2
68. 2
69. 2
70. 3
71. 2
72. 4
73. 2
74. 2
75. 8
76. 2
77. 2
78. 2
79. 2
80. 2
81. 1
82. 2
83. 2
84. 2
85. 2
86. 2
87. 4
88. 4
89. 4
90. 3
91. 3
92. 3
93. 3
94. 2
95. 1
96. 3
97. 2
98. 3
99. 3
100. 3
101. 2
102. 2
103. 3
104. 2
105. 2
106. 3
107. 3
108. 1
109. 1
110. 3
111. 2
112. 2
113. 2
114. 3
115. 2
116. 3
117. 3
118. 2
119. 3
120. 3
121. 2
122. 3
123. 2
124. 1
125. 2
126. 2
127. 2
128. 2
129. 2
130. 2
131. 2
132. 2
133. 2
134. 2
135. 2
136. 3
137. 2
138. 2
139. 2
140. 3
141. 2
142. 3
143. 3
144. 3
145. 2
146. 2
147. 2
148. 3
149. 2
150. 3
151. 2
152. 4
153. 2
154. 2
155. 2
156. 3
157. 2
158. 2
159. 3
160. 2
161. 2
162. 2
163. 3
164. 8
165. 3
166. 2
167. 2
168. 2
169. 3
170. 2
171. 1
172. 4
173. 2
174. 2
175. 4
176. 2
177. 3
178. 3
179. 2
180. 2
181. 1
182. 2
183. 1
184. 2
185. 1
186. 3
187. 3
188. 2
189. 2
190. 3
191. 2
192. 2
193. 1
194. 2
195. 3
196. 1
197. 1
198. 3
199. 2
200. 2