3866.txt
1. 2
2. 5
3. 3
4. 2
5. 0
6. 1
7. 3
8. 0
9. 2
10. 4
11. 1
12. 1
13. 3
14. 6
15. 4
16. 2
17. 2
18. 2
19. 2
20. 5
21. 1
22. 2
23. 2
24. 2
25. 1
26. 4
27. 2
28. 3
29. 4
30. 4
31. 3
32. 6
33. 3
34. 5
35. 2
36. 4
37. 1
38. 2
39. 3
40. 1
41. 2
42. 2
43. 3
44. 2
45. 3
46. 1
47. 2
48. 1
49. 2
50. 4
51. 1
52. 2
53. 2
54. 4
55. 5
56. 1
57. 2
58. 4
59. 1
60. 2
61. 3
62. 3
63. 2
64. 2
65. 4
66. 2
67. 3
68. 1
69. 2
70. 2
71. 4
72. 3
73. 3
74. 2
75. 3
76. 1
77. 3
78. 1
79. 2
80. 3
81. 2
82. 2
83. 4
84. 3
85. 1
86. 1
87. 2
88. 3
89. 2
90. 3
91. 1
92. 3
93. 7
94. 3
95. 2
96. 1
97. 2
98. 3
99. 3
100. 2
101. 2
102. 3
103. 3
104. 1
105. 3
106. 1
107. 1
108. 4
109. 1
110. 3
111. 3
112. 2
113. 2
114. 4
115. 3
116. 4
117. 1
118. 5
119. 2
120. 2
121. 1
122. 2
123. 2
124. 6
125. 3
126. 3
127. 3
128. 1
129. 4
130. 2
131. 2
132. 2
133. 1
134. 2
135. 2
136. 1
137. 2
138. 2
139. 3
140. 2
141. 2
142. 2
143. 2
144. 3
145. 2
146. 2
147. 1
148. 3
149. 2
150. 3
151. 2
152. 2
153. 2
154. 1
155. 4
156. 2
157. 1
158. 2
159. 1
160. 2
161. 1
162. 2
163. 2
164. 3
165. 4
166. 1
167. 2
168. 1
169. 3
170. 3
171. 3
172. 1
173. 2
174. 4
175. 4
176. 1
177. 3
178. 1
179. 2
180. 4
181. 1
182. 2
183. 2
184. 3
185. 3
186. 2
187. 3
188. 2
189. 2
190. 2
191. 3
192. 2
193. 2
194. 3
195. 8
196. 2
197. 2
198. 2
199. 2
200. 2