3871.txt
1. 2
2. 0
3. 1
4. 2
5. 3
6. 3
7. 4
8. 3
9. 1
10. 1
11. 2
12. 2
13. 2
14. 0
15. 1
16. 3
17. 2
18. 2
19. 4
20. 4
21. 2
22. 1
23. 2
24. 1
25. 3
26. 1
27. 2
28. 3
29. 3
30. 1
31. 2
32. 2
33. 3
34. 1
35. 1
36. 2
37. 3
38. 3
39. 1
40. 6
41. 2
42. 2
43. 2
44. 2
45. 3
46. 1
47. 1
48. 7
49. 2
50. 4
51. 2
52. 2
53. 1
54. 2
55. 1
56. 3
57. 1
58. 4
59. 1
60. 2
61. 1
62. 1
63. 2
64. 4
65. 2
66. 1
67. 1
68. 3
69. 3
70. 5
71. 2
72. 2
73. 1
74. 2
75. 2
76. 1
77. 4
78. 2
79. 1
80. 1
81. 2
82. 4
83. 1
84. 4
85. 2
86. 1
87. 2
88. 2
89. 1
90. 2
91. 3
92. 1
93. 1
94. 2
95. 2
96. 3
97. 3
98. 1
99. 2
100. 2
101. 1
102. 7
103. 1
104. 1
105. 4
106. 2
107. 1
108. 2
109. 1
110. 2
111. 2
112. 2
113. 2
114. 3
115. 3
116. 2
117. 3
118. 2
119. 2
120. 3
121. 3
122. 1
123. 3
124. 2
125. 2
126. 1
127. 3
128. 2
129. 2
130. 4
131. 2
132. 1
133. 2
134. 3
135. 3
136. 2
137. 3
138. 3
139. 2
140. 1
141. 2
142. 3
143. 3
144. 1
145. 1
146. 1
147. 1
148. 2
149. 2
150. 3
151. 2
152. 3
153. 2
154. 2
155. 3
156. 1
157. 3
158. 2
159. 1
160. 2
161. 2
162. 2
163. 2
164. 4
165. 3
166. 2
167. 4
168. 3
169. 2
170. 2
171. 3
172. 2
173. 6
174. 2
175. 2
176. 2
177. 2
178. 3
179. 2
180. 1
181. 3
182. 4
183. 2
184. 2
185. 2
186. 3
187. 1
188. 3
189. 2
190. 2
191. 2
192. 3
193. 1
194. 3
195. 3
196. 4
197. 2
198. 3
199. 3
200. 4