3881.txt
1. 0
2. 8
3. 3
4. 3
5. 4
6. 1
7. 6
8. 5
9. 3
10. 0
11. 0
12. 3
13. 0
14. 1
15. 2
16. 4
17. 3
18. 2
19. 1
20. 3
21. 1
22. 1
23. 1
24. 3
25. 0
26. 2
27. 0
28. 4
29. 1
30. 3
31. 0
32. 2
33. 1
34. 1
35. 1
36. 0
37. 3
38. 2
39. 4
40. 4
41. 2
42. 2
43. 2
44. 4
45. 2
46. 1
47. 2
48. 7
49. 1
50. 4
51. 1
52. 1
53. 2
54. 3
55. 3
56. 5
57. 2
58. 1
59. 7
60. 3
61. 1
62. 1
63. 3
64. 3
65. 0
66. 4
67. 0
68. 4
69. 0
70. 2
71. 3
72. 0
73. 0
74. 0
75. 1
76. 2
77. 2
78. 2
79. 3
80. 4
81. 0
82. 2
83. 1
84. 5
85. 1
86. 3
87. 3
88. 1
89. 2
90. 3
91. 4
92. 2
93. 1
94. 2
95. 4
96. 2
97. 2
98. 5
99. 3
100. 3
101. 6
102. 3
103. 0
104. 1
105. 1
106. 2
107. 6
108. 3
109. 1
110. 2
111. 0
112. 3
113. 1
114. 2
115. 2
116. 1
117. 3
118. 3
119. 1
120. 2
121. 2
122. 1
123. 1
124. 1
125. 3
126. 2
127. 2
128. 3
129. 1
130. 3
131. 2
132. 1
133. 2
134. 1
135. 2
136. 8
137. 2
138. 3
139. 3
140. 3
141. 2
142. 2
143. 3
144. 2
145. 3
146. 3
147. 2
148. 0
149. 3
150. 3
151. 2
152. 3
153. 4
154. 2
155. 9
156. 2
157. 1
158. 3
159. 1
160. 3
161. 1
162. 3
163. 0
164. 3
165. 2
166. 1
167. 1
168. 4
169. 2
170. 3
171. 3
172. 2
173. 2
174. 4
175. 1
176. 2
177. 2
178. 5
179. 4
180. 2
181. 1
182. 2
183. 2
184. 1
185. 0
186. 3
187. 2
188. 3
189. 2
190. 2
191. 0
192. 2
193. 3
194. 3
195. 3
196. 2
197. 9
198. 5
199. 2
200. 4