3890.txt
1. 3
2. 0
3. 0
4. 1
5. 6
6. 4
7. 0
8. 2
9. 0
10. 1
11. 4
12. 3
13. 1
14. 0
15. 1
16. 2
17. 3
18. 0
19. 0
20. 0
21. 3
22. 0
23. 2
24. 1
25. 0
26. 3
27. 2
28. 0
29. 1
30. 2
31. 0
32. 0
33. 2
34. 2
35. 2
36. 1
37. 4
38. 2
39. 0
40. 0
41. 2
42. 3
43. 0
44. 3
45. 2
46. 2
47. 3
48. 1
49. 0
50. 0
51. 2
52. 0
53. 3
54. 0
55. 1
56. 4
57. 3
58. 0
59. 8
60. 0
61. 2
62. 0
63. 0
64. 2
65. 2
66. 1
67. 0
68. 0
69. 1
70. 2
71. 0
72. 5
73. 2
74. 2
75. 1
76. 1
77. 2
78. 3
79. 1
80. 2
81. 0
82. 0
83. 6
84. 3
85. 4
86. 3
87. 0
88. 2
89. 1
90. 0
91. 1
92. 3
93. 2
94. 2
95. 7
96. 0
97. 0
98. 0
99. 2
100. 3
101. 0
102. 4
103. 2
104. 0
105. 0
106. 0
107. 0
108. 1
109. 2
110. 2
111. 3
112. 0
113. 2
114. 0
115. 2
116. 1
117. 3
118. 3
119. 2
120. 0
121. 3
122. 0
123. 3
124. 0
125. 2
126. 1
127. 2
128. 0
129. 0
130. 3
131. 0
132. 2
133. 1
134. 0
135. 0
136. 2
137. 1
138. 1
139. 2
140. 1
141. 2
142. 1
143. 3
144. 2
145. 2
146. 3
147. 0
148. 3
149. 3
150. 0
151. 0
152. 2
153. 0
154. 2
155. 2
156. 1
157. 2
158. 0
159. 1
160. 2
161. 0
162. 2
163. 0
164. 3
165. 4
166. 0
167. 2
168. 1
169. 0
170. 0
171. 3
172. 1
173. 2
174. 2
175. 3
176. 1
177. 2
178. 2
179. 4
180. 0
181. 2
182. 0
183. 1
184. 2
185. 0
186. 5
187. 0
188. 3
189. 0
190. 0
191. 2
192. 4
193. 3
194. 2
195. 2
196. 1
197. 1
198. 0
199. 2
200. 2