3898.txt
1. 6
2. 2
3. 4
4. 1
5. 2
6. 3
7. 2
8. 3
9. 2
10. 4
11. 3
12. 4
13. 2
14. 2
15. 6
16. 2
17. 2
18. 3
19. 5
20. 3
21. 2
22. 5
23. 2
24. 1
25. 2
26. 1
27. 1
28. 2
29. 2
30. 2
31. 3
32. 2
33. 2
34. 1
35. 1
36. 3
37. 1
38. 8
39. 4
40. 4
41. 2
42. 2
43. 3
44. 2
45. 2
46. 2
47. 3
48. 1
49. 2
50. 1
51. 2
52. 3
53. 2
54. 2
55. 1
56. 2
57. 2
58. 4
59. 1
60. 3
61. 2
62. 3
63. 2
64. 2
65. 3
66. 5
67. 4
68. 5
69. 2
70. 2
71. 2
72. 4
73. 2
74. 3
75. 3
76. 2
77. 3
78. 1
79. 2
80. 6
81. 1
82. 3
83. 1
84. 1
85. 2
86. 2
87. 2
88. 3
89. 2
90. 4
91. 4
92. 2
93. 1
94. 3
95. 3
96. 2
97. 1
98. 3
99. 3
100. 1
101. 2
102. 5
103. 6
104. 2
105. 3
106. 2
107. 1
108. 3
109. 2
110. 2
111. 3
112. 3
113. 1
114. 2
115. 1
116. 2
117. 3
118. 2
119. 2
120. 3
121. 2
122. 4
123. 2
124. 2
125. 2
126. 2
127. 5
128. 1
129. 2
130. 1
131. 2
132. 4
133. 3
134. 7
135. 2
136. 2
137. 1
138. 2
139. 2
140. 3
141. 2
142. 3
143. 2
144. 3
145. 3
146. 2
147. 2
148. 2
149. 1
150. 3
151. 1
152. 2
153. 2
154. 2
155. 2
156. 2
157. 2
158. 1
159. 2
160. 2
161. 3
162. 2
163. 3
164. 2
165. 2
166. 2
167. 5
168. 2
169. 3
170. 3
171. 2
172. 3
173. 2
174. 1
175. 4
176. 3
177. 2
178. 3
179. 5
180. 2
181. 4
182. 3
183. 4
184. 2
185. 3
186. 2
187. 2
188. 3
189. 4
190. 2
191. 3
192. 4
193. 3
194. 3
195. 2
196. 2
197. 2
198. 2
199. 2
200. 3