3907.txt
1. 2
2. 1
3. 3
4. 4
5. 2
6. 1
7. 1
8. 2
9. 1
10. 1
11. 2
12. 3
13. 1
14. 2
15. 1
16. 2
17. 3
18. 7
19. 1
20. 2
21. 3
22. 1
23. 2
24. 1
25. 1
26. 1
27. 2
28. 2
29. 3
30. 2
31. 1
32. 3
33. 1
34. 2
35. 3
36. 2
37. 1
38. 2
39. 1
40. 2
41. 1
42. 3
43. 2
44. 3
45. 4
46. 2
47. 2
48. 2
49. 1
50. 3
51. 2
52. 2
53. 1
54. 2
55. 2
56. 3
57. 2
58. 2
59. 1
60. 3
61. 1
62. 5
63. 1
64. 3
65. 2
66. 1
67. 3
68. 1
69. 1
70. 2
71. 2
72. 2
73. 2
74. 1
75. 1
76. 2
77. 2
78. 3
79. 6
80. 2
81. 1
82. 2
83. 2
84. 3
85. 1
86. 2
87. 1
88. 1
89. 2
90. 2
91. 1
92. 4
93. 2
94. 3
95. 1
96. 8
97. 3
98. 2
99. 2
100. 4
101. 2
102. 2
103. 3
104. 1
105. 1
106. 1
107. 1
108. 3
109. 2
110. 1
111. 1
112. 3
113. 1
114. 3
115. 4
116. 1
117. 5
118. 1
119. 1
120. 2
121. 2
122. 1
123. 2
124. 1
125. 1
126. 3
127. 1
128. 2
129. 1
130. 3
131. 2
132. 2
133. 2
134. 1
135. 4
136. 2
137. 1
138. 2
139. 2
140. 2
141. 3
142. 1
143. 3
144. 2
145. 2
146. 1
147. 2
148. 2
149. 2
150. 2
151. 2
152. 3
153. 2
154. 3
155. 3
156. 1
157. 1
158. 2
159. 2
160. 3
161. 3
162. 2
163. 2
164. 1
165. 3
166. 2
167. 3
168. 1
169. 2
170. 2
171. 4
172. 1
173. 2
174. 3
175. 2
176. 1
177. 2
178. 3
179. 1
180. 1
181. 3
182. 2
183. 2
184. 1
185. 2
186. 1
187. 1
188. 2
189. 2
190. 2
191. 1
192. 1
193. 2
194. 1
195. 2
196. 2
197. 3
198. 2
199. 2
200. 2