3909.txt
1. 0
2. 1
3. 4
4. 1
5. 3
6. 0
7. 2
8. 0
9. 1
10. 2
11. 0
12. 3
13. 2
14. 0
15. 1
16. 0
17. 1
18. 0
19. 0
20. 7
21. 7
22. 1
23. 2
24. 1
25. 1
26. 1
27. 0
28. 2
29. 2
30. 2
31. 2
32. 0
33. 1
34. 0
35. 2
36. 0
37. 0
38. 1
39. 2
40. 2
41. 1
42. 2
43. 2
44. 0
45. 0
46. 3
47. 2
48. 2
49. 0
50. 2
51. 3
52. 6
53. 0
54. 0
55. 1
56. 4
57. 0
58. 0
59. 2
60. 3
61. 4
62. 4
63. 0
64. 2
65. 1
66. 3
67. 2
68. 0
69. 0
70. 1
71. 4
72. 2
73. 0
74. 0
75. 1
76. 2
77. 3
78. 1
79. 2
80. 2
81. 0
82. 2
83. 1
84. 2
85. 0
86. 1
87. 1
88. 1
89. 3
90. 2
91. 2
92. 0
93. 2
94. 1
95. 1
96. 4
97. 1
98. 3
99. 1
100. 2
101. 2
102. 2
103. 2
104. 1
105. 1
106. 5
107. 1
108. 1
109. 0
110. 3
111. 0
112. 1
113. 1
114. 4
115. 1
116. 1
117. 2
118. 3
119. 0
120. 2
121. 2
122. 0
123. 3
124. 1
125. 2
126. 5
127. 1
128. 0
129. 1
130. 0
131. 3
132. 0
133. 4
134. 0
135. 1
136. 0
137. 1
138. 5
139. 1
140. 1
141. 2
142. 2
143. 0
144. 3
145. 2
146. 3
147. 1
148. 0
149. 1
150. 3
151. 2
152. 3
153. 1
154. 0
155. 3
156. 1
157. 1
158. 1
159. 1
160. 1
161. 1
162. 1
163. 1
164. 2
165. 2
166. 0
167. 2
168. 1
169. 2
170. 1
171. 2
172. 3
173. 3
174. 3
175. 0
176. 2
177. 1
178. 1
179. 0
180. 1
181. 2
182. 0
183. 3
184. 1
185. 0
186. 0
187. 0
188. 1
189. 1
190. 1
191. 2
192. 1
193. 2
194. 0
195. 1
196. 2
197. 2
198. 2
199. 0
200. 0