3912.txt
1. 3
2. 4
3. 0
4. 0
5. 2
6. 2
7. 3
8. 1
9. 3
10. 0
11. 2
12. 1
13. 3
14. 5
15. 2
16. 1
17. 2
18. 2
19. 4
20. 2
21. 1
22. 2
23. 4
24. 2
25. 4
26. 2
27. 6
28. 1
29. 3
30. 3
31. 4
32. 2
33. 3
34. 2
35. 2
36. 3
37. 0
38. 2
39. 5
40. 0
41. 3
42. 3
43. 1
44. 3
45. 2
46. 1
47. 3
48. 5
49. 2
50. 2
51. 2
52. 4
53. 1
54. 2
55. 2
56. 1
57. 2
58. 2
59. 1
60. 3
61. 4
62. 3
63. 4
64. 1
65. 3
66. 2
67. 2
68. 4
69. 3
70. 3
71. 1
72. 3
73. 2
74. 2
75. 3
76. 2
77. 3
78. 1
79. 3
80. 1
81. 2
82. 1
83. 4
84. 2
85. 4
86. 2
87. 2
88. 1
89. 3
90. 2
91. 1
92. 3
93. 1
94. 2
95. 2
96. 2
97. 3
98. 3
99. 1
100. 1
101. 3
102. 2
103. 1
104. 1
105. 7
106. 1
107. 2
108. 1
109. 3
110. 3
111. 1
112. 2
113. 3
114. 2
115. 2
116. 1
117. 2
118. 1
119. 2
120. 2
121. 3
122. 3
123. 3
124. 2
125. 2
126. 2
127. 3
128. 2
129. 2
130. 2
131. 2
132. 2
133. 3
134. 2
135. 1
136. 2
137. 2
138. 2
139. 2
140. 1
141. 2
142. 3
143. 2
144. 3
145. 3
146. 2
147. 3
148. 2
149. 4
150. 4
151. 3
152. 1
153. 3
154. 2
155. 3
156. 1
157. 2
158. 2
159. 3
160. 3
161. 2
162. 1
163. 2
164. 2
165. 6
166. 2
167. 1
168. 3
169. 3
170. 2
171. 3
172. 3
173. 1
174. 2
175. 3
176. 2
177. 1
178. 2
179. 2
180. 2
181. 1
182. 3
183. 1
184. 2
185. 2
186. 4
187. 2
188. 2
189. 3
190. 2
191. 2
192. 2
193. 2
194. 2
195. 3
196. 3
197. 1
198. 2
199. 3
200. 2