3923.txt
1. 2
2. 8
3. 2
4. 4
5. 1
6. 4
7. 6
8. 2
9. 1
10. 2
11. 2
12. 2
13. 1
14. 2
15. 4
16. 1
17. 1
18. 3
19. 2
20. 3
21. 1
22. 1
23. 4
24. 3
25. 4
26. 2
27. 1
28. 7
29. 7
30. 2
31. 3
32. 1
33. 4
34. 4
35. 3
36. 1
37. 3
38. 3
39. 3
40. 8
41. 2
42. 4
43. 2
44. 4
45. 3
46. 2
47. 2
48. 3
49. 2
50. 1
51. 2
52. 3
53. 1
54. 2
55. 3
56. 2
57. 1
58. 1
59. 1
60. 3
61. 2
62. 2
63. 2
64. 3
65. 3
66. 5
67. 6
68. 3
69. 2
70. 2
71. 7
72. 2
73. 2
74. 3
75. 2
76. 2
77. 2
78. 2
79. 1
80. 4
81. 2
82. 5
83. 2
84. 5
85. 3
86. 4
87. 2
88. 2
89. 3
90. 4
91. 5
92. 2
93. 3
94. 2
95. 4
96. 1
97. 4
98. 2
99. 2
100. 1
101. 4
102. 3
103. 1
104. 2
105. 3
106. 4
107. 1
108. 2
109. 3
110. 6
111. 2
112. 1
113. 3
114. 4
115. 1
116. 1
117. 3
118. 3
119. 2
120. 2
121. 1
122. 2
123. 1
124. 3
125. 3
126. 3
127. 2
128. 3
129. 2
130. 2
131. 4
132. 2
133. 3
134. 3
135. 1
136. 5
137. 1
138. 2
139. 4
140. 3
141. 2
142. 3
143. 5
144. 2
145. 7
146. 2
147. 4
148. 3
149. 2
150. 3
151. 1
152. 3
153. 4
154. 5
155. 2
156. 3
157. 1
158. 4
159. 3
160. 2
161. 2
162. 3
163. 2
164. 2
165. 2
166. 4
167. 3
168. 1
169. 3
170. 7
171. 3
172. 4
173. 1
174. 2
175. 2
176. 1
177. 8
178. 2
179. 4
180. 2
181. 3
182. 3
183. 3
184. 2
185. 2
186. 2
187. 2
188. 3
189. 2
190. 4
191. 3
192. 1
193. 2
194. 1
195. 3
196. 1
197. 3
198. 3
199. 3
200. 4