3926.txt
1. 0
2. 3
3. 0
4. 0
5. 4
6. 0
7. 3
8. 0
9. 2
10. 0
11. 0
12. 0
13. 2
14. 2
15. 3
16. 0
17. 2
18. 0
19. 0
20. 0
21. 0
22. 2
23. 3
24. 0
25. 1
26. 3
27. 0
28. 2
29. 2
30. 0
31. 2
32. 3
33. 0
34. 2
35. 2
36. 0
37. 3
38. 3
39. 2
40. 2
41. 2
42. 3
43. 0
44. 0
45. 2
46. 0
47. 0
48. 2
49. 4
50. 2
51. 0
52. 0
53. 3
54. 2
55. 0
56. 4
57. 0
58. 0
59. 0
60. 2
61. 0
62. 0
63. 2
64. 0
65. 0
66. 0
67. 2
68. 0
69. 0
70. 2
71. 2
72. 2
73. 0
74. 2
75. 0
76. 0
77. 0
78. 0
79. 0
80. 0
81. 2
82. 3
83. 3
84. 0
85. 3
86. 0
87. 0
88. 2
89. 0
90. 2
91. 3
92. 0
93. 3
94. 0
95. 3
96. 0
97. 2
98. 0
99. 0
100. 3
101. 0
102. 0
103. 0
104. 2
105. 2
106. 2
107. 0
108. 2
109. 0
110. 2
111. 2
112. 0
113. 2
114. 0
115. 0
116. 2
117. 2
118. 0
119. 2
120. 2
121. 0
122. 3
123. 0
124. 2
125. 0
126. 0
127. 2
128. 7
129. 3
130. 4
131. 2
132. 0
133. 2
134. 0
135. 2
136. 0
137. 0
138. 0
139. 0
140. 2
141. 2
142. 0
143. 2
144. 3
145. 0
146. 2
147. 0
148. 0
149. 3
150. 0
151. 0
152. 2
153. 0
154. 0
155. 0
156. 0
157. 0
158. 2
159. 0
160. 2
161. 0
162. 3
163. 0
164. 2
165. 2
166. 0
167. 0
168. 2
169. 2
170. 2
171. 2
172. 0
173. 3
174. 0
175. 2
176. 2
177. 0
178. 3
179. 0
180. 0
181. 2
182. 0
183. 0
184. 3
185. 2
186. 0
187. 0
188. 2
189. 0
190. 2
191. 3
192. 3
193. 2
194. 2
195. 3
196. 0
197. 2
198. 0
199. 0
200. 3