3935.txt
1. 3
2. 4
3. 2
4. 1
5. 4
6. 3
7. 1
8. 5
9. 1
10. 7
11. 1
12. 1
13. 1
14. 2
15. 2
16. 3
17. 3
18. 4
19. 2
20. 4
21. 2
22. 3
23. 2
24. 1
25. 2
26. 1
27. 2
28. 1
29. 2
30. 1
31. 2
32. 2
33. 5
34. 2
35. 1
36. 4
37. 3
38. 3
39. 4
40. 1
41. 2
42. 3
43. 2
44. 2
45. 1
46. 2
47. 3
48. 1
49. 2
50. 2
51. 2
52. 2
53. 2
54. 1
55. 2
56. 1
57. 4
58. 3
59. 3
60. 4
61. 8
62. 3
63. 1
64. 9
65. 3
66. 5
67. 3
68. 1
69. 1
70. 1
71. 1
72. 1
73. 3
74. 1
75. 2
76. 1
77. 2
78. 2
79. 1
80. 4
81. 1
82. 2
83. 2
84. 2
85. 1
86. 2
87. 1
88. 3
89. 2
90. 2
91. 1
92. 2
93. 2
94. 2
95. 2
96. 1
97. 1
98. 2
99. 3
100. 2
101. 2
102. 1
103. 1
104. 3
105. 2
106. 2
107. 2
108. 2
109. 2
110. 1
111. 2
112. 3
113. 2
114. 2
115. 1
116. 2
117. 3
118. 2
119. 4
120. 1
121. 2
122. 1
123. 2
124. 3
125. 2
126. 2
127. 2
128. 2
129. 3
130. 1
131. 2
132. 1
133. 1
134. 2
135. 1
136. 3
137. 2
138. 1
139. 2
140. 4
141. 3
142. 2
143. 1
144. 4
145. 2
146. 2
147. 3
148. 1
149. 3
150. 2
151. 1
152. 2
153. 2
154. 1
155. 2
156. 3
157. 5
158. 2
159. 1
160. 3
161. 2
162. 2
163. 1
164. 2
165. 3
166. 1
167. 1
168. 1
169. 3
170. 2
171. 2
172. 3
173. 2
174. 1
175. 1
176. 1
177. 2
178. 1
179. 1
180. 3
181. 2
182. 2
183. 2
184. 2
185. 2
186. 2
187. 2
188. 2
189. 2
190. 1
191. 1
192. 1
193. 1
194. 4
195. 4
196. 3
197. 2
198. 1
199. 2
200. 3