3937.txt
1. 0
2. 3
3. 2
4. 0
5. 0
6. 0
7. 4
8. 1
9. 0
10. 2
11. 0
12. 1
13. 3
14. 6
15. 3
16. 0
17. 2
18. 1
19. 5
20. 1
21. 0
22. 7
23. 2
24. 1
25. 0
26. 1
27. 0
28. 2
29. 0
30. 2
31. 0
32. 0
33. 0
34. 1
35. 2
36. 1
37. 2
38. 3
39. 1
40. 0
41. 1
42. 1
43. 0
44. 0
45. 0
46. 4
47. 1
48. 1
49. 0
50. 1
51. 1
52. 0
53. 0
54. 1
55. 3
56. 2
57. 0
58. 0
59. 3
60. 1
61. 0
62. 3
63. 0
64. 0
65. 0
66. 0
67. 3
68. 3
69. 1
70. 4
71. 0
72. 0
73. 2
74. 3
75. 0
76. 2
77. 0
78. 0
79. 2
80. 1
81. 3
82. 2
83. 0
84. 0
85. 1
86. 3
87. 0
88. 1
89. 0
90. 2
91. 1
92. 2
93. 0
94. 1
95. 2
96. 0
97. 0
98. 3
99. 1
100. 1
101. 1
102. 3
103. 0
104. 1
105. 2
106. 0
107. 2
108. 0
109. 1
110. 0
111. 3
112. 0
113. 1
114. 2
115. 0
116. 1
117. 0
118. 1
119. 2
120. 0
121. 3
122. 2
123. 1
124. 0
125. 0
126. 1
127. 1
128. 2
129. 1
130. 0
131. 1
132. 1
133. 1
134. 0
135. 4
136. 0
137. 0
138. 1
139. 0
140. 5
141. 3
142. 1
143. 2
144. 0
145. 1
146. 5
147. 0
148. 0
149. 0
150. 0
151. 2
152. 0
153. 0
154. 1
155. 2
156. 2
157. 2
158. 0
159. 0
160. 0
161. 1
162. 1
163. 4
164. 3
165. 0
166. 1
167. 0
168. 1
169. 0
170. 6
171. 0
172. 2
173. 0
174. 2
175. 1
176. 1
177. 5
178. 0
179. 2
180. 1
181. 1
182. 3
183. 0
184. 1
185. 0
186. 0
187. 0
188. 0
189. 4
190. 0
191. 1
192. 0
193. 0
194. 1
195. 1
196. 2
197. 0
198. 2
199. 1
200. 1