3939.txt
1. 0
2. 1
3. 3
4. 0
5. 1
6. 2
7. 2
8. 1
9. 7
10. 3
11. 2
12. 2
13. 1
14. 1
15. 4
16. 2
17. 1
18. 1
19. 2
20. 2
21. 3
22. 1
23. 3
24. 2
25. 3
26. 2
27. 2
28. 2
29. 0
30. 5
31. 1
32. 1
33. 0
34. 2
35. 1
36. 3
37. 0
38. 2
39. 2
40. 2
41. 1
42. 1
43. 4
44. 6
45. 4
46. 3
47. 2
48. 1
49. 3
50. 1
51. 3
52. 2
53. 2
54. 3
55. 3
56. 2
57. 2
58. 1
59. 3
60. 2
61. 1
62. 3
63. 1
64. 3
65. 2
66. 1
67. 3
68. 1
69. 2
70. 1
71. 3
72. 5
73. 2
74. 3
75. 3
76. 3
77. 3
78. 2
79. 1
80. 2
81. 2
82. 1
83. 2
84. 1
85. 2
86. 1
87. 6
88. 2
89. 4
90. 3
91. 1
92. 2
93. 4
94. 2
95. 1
96. 2
97. 2
98. 3
99. 1
100. 4
101. 2
102. 2
103. 1
104. 2
105. 3
106. 3
107. 3
108. 1
109. 2
110. 3
111. 2
112. 2
113. 2
114. 3
115. 1
116. 5
117. 3
118. 2
119. 2
120. 2
121. 1
122. 2
123. 2
124. 2
125. 2
126. 3
127. 2
128. 2
129. 2
130. 3
131. 2
132. 3
133. 2
134. 3
135. 1
136. 1
137. 2
138. 1
139. 1
140. 2
141. 2
142. 1
143. 2
144. 2
145. 3
146. 2
147. 1
148. 2
149. 4
150. 1
151. 1
152. 1
153. 3
154. 4
155. 2
156. 1
157. 3
158. 2
159. 4
160. 2
161. 1
162. 2
163. 3
164. 4
165. 3
166. 1
167. 1
168. 3
169. 3
170. 1
171. 3
172. 3
173. 1
174. 1
175. 2
176. 3
177. 2
178. 1
179. 2
180. 0
181. 2
182. 2
183. 1
184. 2
185. 2
186. 1
187. 4
188. 3
189. 5
190. 1
191. 3
192. 1
193. 1
194. 2
195. 3
196. 1
197. 2
198. 2
199. 3
200. 2