3942.txt
1. 3
2. 1
3. 2
4. 4
5. 3
6. 2
7. 1
8. 3
9. 3
10. 1
11. 1
12. 1
13. 2
14. 2
15. 1
16. 1
17. 3
18. 1
19. 3
20. 1
21. 4
22. 2
23. 3
24. 4
25. 3
26. 1
27. 2
28. 3
29. 2
30. 3
31. 2
32. 1
33. 2
34. 2
35. 3
36. 4
37. 3
38. 1
39. 3
40. 2
41. 1
42. 1
43. 3
44. 1
45. 4
46. 3
47. 4
48. 2
49. 2
50. 2
51. 2
52. 5
53. 2
54. 2
55. 2
56. 7
57. 1
58. 2
59. 2
60. 1
61. 1
62. 1
63. 3
64. 1
65. 2
66. 2
67. 1
68. 2
69. 1
70. 5
71. 2
72. 2
73. 2
74. 1
75. 2
76. 1
77. 1
78. 2
79. 1
80. 1
81. 2
82. 1
83. 2
84. 1
85. 4
86. 2
87. 2
88. 3
89. 2
90. 3
91. 2
92. 1
93. 3
94. 1
95. 2
96. 2
97. 3
98. 1
99. 2
100. 2
101. 2
102. 1
103. 3
104. 1
105. 2
106. 1
107. 2
108. 1
109. 8
110. 3
111. 3
112. 1
113. 2
114. 3
115. 1
116. 2
117. 1
118. 2
119. 4
120. 1
121. 3
122. 1
123. 1
124. 3
125. 3
126. 4
127. 1
128. 3
129. 2
130. 5
131. 1
132. 2
133. 1
134. 2
135. 2
136. 3
137. 1
138. 1
139. 2
140. 1
141. 1
142. 1
143. 2
144. 1
145. 1
146. 2
147. 1
148. 2
149. 2
150. 1
151. 1
152. 2
153. 1
154. 2
155. 3
156. 3
157. 1
158. 2
159. 2
160. 2
161. 2
162. 2
163. 1
164. 1
165. 1
166. 1
167. 4
168. 2
169. 1
170. 1
171. 3
172. 1
173. 2
174. 1
175. 2
176. 2
177. 1
178. 2
179. 1
180. 2
181. 2
182. 2
183. 4
184. 1
185. 2
186. 3
187. 2
188. 3
189. 1
190. 2
191. 2
192. 2
193. 2
194. 3
195. 2
196. 3
197. 1
198. 3
199. 2
200. 5