3944.txt
1. 3
2. 1
3. 4
4. 1
5. 2
6. 2
7. 4
8. 1
9. 2
10. 2
11. 2
12. 1
13. 2
14. 3
15. 2
16. 2
17. 4
18. 3
19. 3
20. 4
21. 1
22. 1
23. 4
24. 2
25. 4
26. 3
27. 5
28. 3
29. 2
30. 4
31. 2
32. 1
33. 2
34. 1
35. 2
36. 5
37. 3
38. 3
39. 1
40. 2
41. 1
42. 2
43. 2
44. 2
45. 2
46. 1
47. 2
48. 3
49. 2
50. 3
51. 2
52. 3
53. 2
54. 6
55. 2
56. 2
57. 3
58. 3
59. 4
60. 2
61. 2
62. 2
63. 2
64. 1
65. 2
66. 2
67. 1
68. 2
69. 1
70. 4
71. 2
72. 2
73. 4
74. 4
75. 2
76. 3
77. 3
78. 3
79. 3
80. 2
81. 2
82. 2
83. 3
84. 1
85. 1
86. 3
87. 3
88. 1
89. 2
90. 4
91. 3
92. 2
93. 1
94. 3
95. 3
96. 2
97. 2
98. 3
99. 2
100. 2
101. 3
102. 2
103. 3
104. 2
105. 2
106. 3
107. 2
108. 4
109. 1
110. 3
111. 3
112. 3
113. 1
114. 3
115. 2
116. 4
117. 2
118. 2
119. 2
120. 2
121. 1
122. 3
123. 2
124. 2
125. 3
126. 3
127. 3
128. 2
129. 2
130. 2
131. 3
132. 2
133. 3
134. 2
135. 2
136. 3
137. 3
138. 3
139. 1
140. 3
141. 3
142. 2
143. 2
144. 4
145. 2
146. 3
147. 2
148. 2
149. 1
150. 3
151. 4
152. 2
153. 2
154. 3
155. 2
156. 2
157. 2
158. 3
159. 3
160. 1
161. 3
162. 1
163. 3
164. 3
165. 1
166. 2
167. 2
168. 3
169. 2
170. 4
171. 2
172. 2
173. 3
174. 3
175. 2
176. 2
177. 3
178. 2
179. 3
180. 2
181. 2
182. 1
183. 2
184. 2
185. 3
186. 3
187. 3
188. 2
189. 2
190. 2
191. 3
192. 3
193. 2
194. 2
195. 2
196. 3
197. 1
198. 3
199. 3
200. 2