3962.txt
1. 0
2. 0
3. 0
4. 0
5. 3
6. 0
7. 2
8. 4
9. 0
10. 3
11. 6
12. 2
13. 0
14. 0
15. 0
16. 1
17. 0
18. 0
19. 0
20. 0
21. 0
22. 0
23. 1
24. 0
25. 2
26. 2
27. 0
28. 0
29. 1
30. 2
31. 0
32. 0
33. 2
34. 1
35. 0
36. 0
37. 1
38. 0
39. 3
40. 0
41. 0
42. 1
43. 0
44. 0
45. 3
46. 0
47. 3
48. 0
49. 0
50. 3
51. 1
52. 0
53. 2
54. 5
55. 0
56. 1
57. 0
58. 0
59. 1
60. 0
61. 1
62. 2
63. 0
64. 0
65. 0
66. 1
67. 0
68. 0
69. 0
70. 3
71. 0
72. 1
73. 2
74. 0
75. 0
76. 2
77. 0
78. 0
79. 2
80. 4
81. 3
82. 1
83. 0
84. 3
85. 0
86. 0
87. 3
88. 0
89. 0
90. 0
91. 0
92. 0
93. 2
94. 0
95. 0
96. 0
97. 2
98. 0
99. 0
100. 0
101. 0
102. 0
103. 0
104. 2
105. 2
106. 0
107. 0
108. 2
109. 2
110. 2
111. 2
112. 0
113. 0
114. 1
115. 0
116. 2
117. 0
118. 0
119. 0
120. 2
121. 1
122. 0
123. 0
124. 0
125. 0
126. 0
127. 3
128. 0
129. 0
130. 2
131. 0
132. 0
133. 3
134. 2
135. 0
136. 0
137. 2
138. 3
139. 1
140. 0
141. 0
142. 0
143. 0
144. 0
145. 0
146. 0
147. 1
148. 0
149. 1
150. 0
151. 0
152. 0
153. 0
154. 0
155. 0
156. 0
157. 0
158. 1
159. 2
160. 0
161. 0
162. 3
163. 0
164. 1
165. 4
166. 0
167. 3
168. 0
169. 0
170. 0
171. 0
172. 0
173. 1
174. 2
175. 0
176. 0
177. 0
178. 0
179. 2
180. 1
181. 3
182. 2
183. 2
184. 3
185. 0
186. 0
187. 0
188. 0
189. 0
190. 0
191. 3
192. 1
193. 0
194. 0
195. 0
196. 0
197. 1
198. 2
199. 0
200. 2