3965.txt
1. 3
2. 0
3. 0
4. 0
5. 0
6. 9
7. 0
8. 2
9. 0
10. 0
11. 0
12. 2
13. 1
14. 0
15. 0
16. 0
17. 2
18. 2
19. 0
20. 0
21. 6
22. 1
23. 2
24. 0
25. 0
26. 1
27. 2
28. 0
29. 2
30. 7
31. 1
32. 2
33. 1
34. 0
35. 2
36. 1
37. 0
38. 2
39. 0
40. 2
41. 2
42. 7
43. 1
44. 1
45. 0
46. 3
47. 0
48. 2
49. 3
50. 2
51. 0
52. 2
53. 0
54. 1
55. 0
56. 4
57. 0
58. 0
59. 1
60. 1
61. 3
62. 0
63. 2
64. 0
65. 0
66. 1
67. 2
68. 0
69. 3
70. 0
71. 1
72. 0
73. 0
74. 0
75. 1
76. 0
77. 0
78. 0
79. 2
80. 0
81. 3
82. 1
83. 2
84. 0
85. 2
86. 1
87. 0
88. 0
89. 2
90. 0
91. 1
92. 0
93. 3
94. 0
95. 2
96. 0
97. 1
98. 2
99. 4
100. 2
101. 0
102. 1
103. 2
104. 2
105. 2
106. 5
107. 0
108. 0
109. 1
110. 3
111. 1
112. 1
113. 2
114. 2
115. 7
116. 0
117. 4
118. 0
119. 0
120. 0
121. 1
122. 2
123. 2
124. 0
125. 0
126. 0
127. 2
128. 3
129. 1
130. 1
131. 2
132. 5
133. 0
134. 0
135. 1
136. 1
137. 0
138. 2
139. 6
140. 0
141. 3
142. 3
143. 3
144. 0
145. 4
146. 2
147. 0
148. 1
149. 2
150. 2
151. 3
152. 0
153. 3
154. 0
155. 3
156. 1
157. 0
158. 0
159. 2
160. 1
161. 0
162. 0
163. 5
164. 0
165. 3
166. 1
167. 0
168. 3
169. 1
170. 0
171. 0
172. 1
173. 0
174. 0
175. 1
176. 0
177. 3
178. 0
179. 0
180. 7
181. 2
182. 3
183. 3
184. 1
185. 3
186. 3
187. 0
188. 2
189. 3
190. 2
191. 1
192. 2
193. 6
194. 3
195. 0
196. 1
197. 2
198. 0
199. 0
200. 1