3966.txt
1. 3
2. 1
3. 2
4. 4
5. 2
6. 5
7. 1
8. 3
9. 6
10. 1
11. 1
12. 2
13. 1
14. 1
15. 1
16. 4
17. 6
18. 3
19. 2
20. 1
21. 4
22. 3
23. 2
24. 2
25. 1
26. 4
27. 1
28. 1
29. 3
30. 2
31. 3
32. 2
33. 1
34. 1
35. 2
36. 3
37. 4
38. 2
39. 1
40. 1
41. 2
42. 1
43. 2
44. 2
45. 3
46. 3
47. 2
48. 2
49. 2
50. 2
51. 1
52. 2
53. 3
54. 4
55. 3
56. 2
57. 2
58. 2
59. 2
60. 2
61. 4
62. 3
63. 3
64. 2
65. 3
66. 4
67. 1
68. 1
69. 4
70. 2
71. 1
72. 1
73. 3
74. 1
75. 4
76. 2
77. 2
78. 1
79. 2
80. 3
81. 2
82. 1
83. 2
84. 3
85. 2
86. 3
87. 2
88. 2
89. 1
90. 2
91. 3
92. 2
93. 2
94. 2
95. 1
96. 2
97. 2
98. 2
99. 2
100. 2
101. 3
102. 2
103. 3
104. 1
105. 2
106. 3
107. 2
108. 3
109. 1
110. 2
111. 1
112. 3
113. 1
114. 2
115. 3
116. 3
117. 2
118. 4
119. 3
120. 3
121. 2
122. 1
123. 3
124. 3
125. 2
126. 2
127. 1
128. 1
129. 1
130. 2
131. 3
132. 3
133. 2
134. 1
135. 1
136. 2
137. 3
138. 2
139. 3
140. 5
141. 2
142. 2
143. 2
144. 3
145. 3
146. 4
147. 5
148. 4
149. 4
150. 2
151. 3
152. 2
153. 2
154. 1
155. 5
156. 2
157. 4
158. 2
159. 4
160. 2
161. 2
162. 4
163. 2
164. 1
165. 2
166. 1
167. 2
168. 2
169. 2
170. 2
171. 3
172. 2
173. 2
174. 2
175. 3
176. 2
177. 3
178. 1
179. 3
180. 2
181. 1
182. 2
183. 5
184. 6
185. 3
186. 2
187. 1
188. 2
189. 3
190. 2
191. 2
192. 1
193. 4
194. 2
195. 2
196. 1
197. 2
198. 2
199. 2
200. 3