3968.txt
1. 0
2. 1
3. 2
4. 1
5. 4
6. 2
7. 1
8. 2
9. 0
10. 2
11. 0
12. 4
13. 2
14. 2
15. 1
16. 2
17. 2
18. 3
19. 3
20. 4
21. 2
22. 2
23. 2
24. 4
25. 1
26. 2
27. 1
28. 1
29. 1
30. 0
31. 1
32. 2
33. 3
34. 5
35. 1
36. 1
37. 3
38. 4
39. 2
40. 1
41. 3
42. 3
43. 2
44. 2
45. 3
46. 1
47. 1
48. 4
49. 2
50. 1
51. 7
52. 3
53. 4
54. 3
55. 2
56. 3
57. 1
58. 1
59. 2
60. 2
61. 2
62. 4
63. 2
64. 2
65. 1
66. 2
67. 2
68. 1
69. 1
70. 2
71. 3
72. 2
73. 1
74. 2
75. 1
76. 2
77. 3
78. 1
79. 2
80. 2
81. 0
82. 2
83. 3
84. 3
85. 1
86. 2
87. 2
88. 3
89. 3
90. 3
91. 3
92. 2
93. 2
94. 4
95. 2
96. 1
97. 1
98. 2
99. 2
100. 1
101. 2
102. 3
103. 2
104. 2
105. 1
106. 1
107. 2
108. 1
109. 2
110. 2
111. 2
112. 1
113. 1
114. 2
115. 2
116. 3
117. 3
118. 2
119. 2
120. 2
121. 2
122. 2
123. 3
124. 0
125. 3
126. 2
127. 6
128. 2
129. 3
130. 2
131. 3
132. 2
133. 2
134. 0
135. 3
136. 4
137. 5
138. 2
139. 1
140. 3
141. 2
142. 3
143. 2
144. 2
145. 5
146. 1
147. 0
148. 3
149. 3
150. 4
151. 1
152. 1
153. 2
154. 2
155. 1
156. 3
157. 3
158. 2
159. 2
160. 1
161. 1
162. 2
163. 1
164. 2
165. 2
166. 1
167. 3
168. 2
169. 4
170. 4
171. 2
172. 1
173. 2
174. 5
175. 4
176. 2
177. 2
178. 2
179. 4
180. 2
181. 4
182. 1
183. 1
184. 3
185. 2
186. 1
187. 1
188. 1
189. 2
190. 2
191. 2
192. 2
193. 2
194. 2
195. 3
196. 1
197. 2
198. 3
199. 2
200. 2