3971.txt
1. 3
2. 2
3. 1
4. 2
5. 1
6. 1
7. 3
8. 1
9. 2
10. 1
11. 1
12. 2
13. 7
14. 2
15. 1
16. 1
17. 4
18. 2
19. 1
20. 2
21. 1
22. 2
23. 2
24. 1
25. 2
26. 3
27. 1
28. 2
29. 4
30. 5
31. 1
32. 1
33. 2
34. 3
35. 1
36. 1
37. 4
38. 1
39. 2
40. 1
41. 1
42. 4
43. 2
44. 3
45. 3
46. 1
47. 2
48. 2
49. 2
50. 1
51. 3
52. 2
53. 1
54. 2
55. 2
56. 4
57. 2
58. 2
59. 2
60. 1
61. 1
62. 3
63. 2
64. 1
65. 2
66. 2
67. 2
68. 2
69. 3
70. 5
71. 2
72. 2
73. 1
74. 2
75. 1
76. 3
77. 3
78. 2
79. 2
80. 3
81. 3
82. 1
83. 2
84. 2
85. 2
86. 3
87. 2
88. 4
89. 1
90. 3
91. 2
92. 6
93. 1
94. 5
95. 4
96. 2
97. 1
98. 1
99. 2
100. 4
101. 2
102. 3
103. 3
104. 1
105. 2
106. 3
107. 2
108. 3
109. 2
110. 6
111. 1
112. 2
113. 2
114. 2
115. 1
116. 3
117. 1
118. 5
119. 1
120. 2
121. 2
122. 1
123. 2
124. 2
125. 3
126. 1
127. 5
128. 1
129. 1
130. 2
131. 2
132. 3
133. 3
134. 3
135. 1
136. 4
137. 2
138. 4
139. 1
140. 3
141. 3
142. 1
143. 1
144. 2
145. 2
146. 1
147. 2
148. 1
149. 1
150. 2
151. 3
152. 2
153. 2
154. 1
155. 2
156. 1
157. 3
158. 3
159. 1
160. 2
161. 1
162. 2
163. 2
164. 3
165. 3
166. 6
167. 2
168. 2
169. 2
170. 2
171. 3
172. 2
173. 2
174. 2
175. 4
176. 3
177. 2
178. 3
179. 2
180. 2
181. 3
182. 1
183. 1
184. 1
185. 2
186. 2
187. 3
188. 3
189. 1
190. 8
191. 2
192. 2
193. 2
194. 1
195. 2
196. 1
197. 3
198. 2
199. 2
200. 2