3982.txt
1. 3
2. 1
3. 4
4. 2
5. 4
6. 1
7. 4
8. 2
9. 2
10. 5
11. 2
12. 1
13. 1
14. 3
15. 3
16. 1
17. 2
18. 3
19. 5
20. 1
21. 3
22. 2
23. 2
24. 1
25. 1
26. 3
27. 2
28. 1
29. 4
30. 2
31. 3
32. 3
33. 2
34. 2
35. 1
36. 2
37. 5
38. 2
39. 4
40. 1
41. 8
42. 3
43. 3
44. 4
45. 2
46. 2
47. 4
48. 3
49. 3
50. 2
51. 1
52. 2
53. 2
54. 2
55. 5
56. 3
57. 3
58. 3
59. 3
60. 2
61. 2
62. 3
63. 2
64. 3
65. 2
66. 3
67. 2
68. 2
69. 3
70. 2
71. 2
72. 1
73. 2
74. 2
75. 2
76. 2
77. 2
78. 2
79. 1
80. 3
81. 2
82. 1
83. 2
84. 3
85. 3
86. 2
87. 1
88. 2
89. 3
90. 3
91. 4
92. 1
93. 2
94. 1
95. 5
96. 1
97. 1
98. 2
99. 2
100. 2
101. 2
102. 3
103. 3
104. 1
105. 2
106. 3
107. 2
108. 2
109. 1
110. 4
111. 2
112. 3
113. 2
114. 6
115. 3
116. 6
117. 3
118. 3
119. 3
120. 5
121. 2
122. 2
123. 2
124. 2
125. 2
126. 4
127. 3
128. 2
129. 5
130. 2
131. 2
132. 2
133. 3
134. 2
135. 2
136. 2
137. 2
138. 1
139. 1
140. 2
141. 3
142. 2
143. 3
144. 2
145. 1
146. 2
147. 3
148. 2
149. 2
150. 2
151. 2
152. 3
153. 1
154. 3
155. 3
156. 1
157. 2
158. 3
159. 2
160. 4
161. 2
162. 2
163. 2
164. 4
165. 2
166. 1
167. 2
168. 2
169. 2
170. 4
171. 2
172. 2
173. 2
174. 3
175. 2
176. 2
177. 2
178. 7
179. 2
180. 5
181. 4
182. 2
183. 3
184. 1
185. 3
186. 3
187. 2
188. 4
189. 2
190. 2
191. 1
192. 2
193. 3
194. 3
195. 1
196. 2
197. 2
198. 1
199. 2
200. 1