3988.txt
1. 4
2. 2
3. 3
4. 4
5. 2
6. 8
7. 0
8. 1
9. 3
10. 2
11. 3
12. 3
13. 1
14. 5
15. 1
16. 2
17. 4
18. 2
19. 2
20. 6
21. 4
22. 1
23. 3
24. 5
25. 2
26. 1
27. 4
28. 1
29. 2
30. 2
31. 1
32. 1
33. 4
34. 4
35. 2
36. 3
37. 4
38. 2
39. 2
40. 1
41. 5
42. 2
43. 2
44. 5
45. 2
46. 3
47. 1
48. 2
49. 2
50. 2
51. 1
52. 1
53. 3
54. 2
55. 4
56. 2
57. 2
58. 1
59. 2
60. 2
61. 1
62. 2
63. 0
64. 1
65. 1
66. 2
67. 2
68. 1
69. 2
70. 2
71. 2
72. 5
73. 7
74. 1
75. 1
76. 2
77. 2
78. 3
79. 2
80. 2
81. 2
82. 3
83. 3
84. 2
85. 1
86. 2
87. 2
88. 1
89. 1
90. 3
91. 1
92. 4
93. 2
94. 1
95. 3
96. 1
97. 1
98. 3
99. 2
100. 4
101. 1
102. 6
103. 2
104. 3
105. 2
106. 3
107. 1
108. 2
109. 2
110. 3
111. 7
112. 1
113. 3
114. 3
115. 2
116. 3
117. 3
118. 2
119. 3
120. 1
121. 2
122. 2
123. 1
124. 2
125. 2
126. 1
127. 5
128. 3
129. 4
130. 2
131. 2
132. 2
133. 3
134. 3
135. 2
136. 3
137. 2
138. 1
139. 1
140. 7
141. 1
142. 4
143. 1
144. 2
145. 2
146. 1
147. 1
148. 2
149. 3
150. 2
151. 1
152. 5
153. 3
154. 1
155. 2
156. 2
157. 1
158. 2
159. 2
160. 6
161. 1
162. 3
163. 2
164. 2
165. 3
166. 3
167. 1
168. 1
169. 2
170. 2
171. 4
172. 2
173. 3
174. 3
175. 1
176. 1
177. 1
178. 2
179. 5
180. 1
181. 2
182. 2
183. 3
184. 2
185. 1
186. 2
187. 2
188. 2
189. 2
190. 2
191. 2
192. 4
193. 1
194. 3
195. 2
196. 2
197. 3
198. 2
199. 2
200. 2