3989.txt
1. 0
2. 2
3. 0
4. 3
5. 0
6. 2
7. 0
8. 0
9. 8
10. 1
11. 1
12. 3
13. 6
14. 4
15. 5
16. 1
17. 3
18. 2
19. 3
20. 3
21. 0
22. 0
23. 2
24. 3
25. 4
26. 5
27. 3
28. 1
29. 2
30. 2
31. 3
32. 0
33. 3
34. 0
35. 3
36. 0
37. 0
38. 2
39. 0
40. 1
41. 0
42. 2
43. 7
44. 2
45. 1
46. 1
47. 0
48. 0
49. 2
50. 2
51. 3
52. 1
53. 1
54. 3
55. 2
56. 0
57. 4
58. 0
59. 1
60. 2
61. 2
62. 0
63. 3
64. 2
65. 1
66. 2
67. 2
68. 0
69. 0
70. 0
71. 0
72. 2
73. 0
74. 0
75. 2
76. 3
77. 0
78. 2
79. 0
80. 0
81. 3
82. 2
83. 2
84. 3
85. 3
86. 2
87. 0
88. 2
89. 2
90. 1
91. 0
92. 2
93. 0
94. 1
95. 1
96. 2
97. 3
98. 0
99. 1
100. 4
101. 2
102. 3
103. 2
104. 1
105. 0
106. 1
107. 2
108. 1
109. 0
110. 3
111. 2
112. 3
113. 1
114. 2
115. 0
116. 3
117. 4
118. 0
119. 4
120. 1
121. 2
122. 3
123. 2
124. 1
125. 0
126. 0
127. 1
128. 0
129. 3
130. 0
131. 1
132. 2
133. 2
134. 0
135. 2
136. 2
137. 2
138. 1
139. 0
140. 3
141. 2
142. 3
143. 3
144. 0
145. 1
146. 3
147. 1
148. 0
149. 3
150. 0
151. 2
152. 0
153. 2
154. 1
155. 0
156. 6
157. 1
158. 1
159. 1
160. 0
161. 2
162. 4
163. 1
164. 2
165. 3
166. 5
167. 2
168. 1
169. 2
170. 3
171. 4
172. 0
173. 1
174. 2
175. 2
176. 2
177. 2
178. 2
179. 2
180. 2
181. 3
182. 3
183. 1
184. 0
185. 2
186. 1
187. 2
188. 2
189. 1
190. 1
191. 2
192. 1
193. 3
194. 5
195. 0
196. 1
197. 2
198. 3
199. 0
200. 8