3992.txt
1. 4
2. 1
3. 3
4. 4
5. 5
6. 2
7. 0
8. 1
9. 0
10. 2
11. 1
12. 0
13. 2
14. 2
15. 2
16. 3
17. 1
18. 1
19. 2
20. 6
21. 4
22. 1
23. 1
24. 0
25. 3
26. 2
27. 4
28. 1
29. 3
30. 2
31. 1
32. 2
33. 1
34. 1
35. 4
36. 5
37. 3
38. 1
39. 2
40. 4
41. 2
42. 2
43. 2
44. 1
45. 3
46. 3
47. 2
48. 1
49. 4
50. 0
51. 2
52. 2
53. 4
54. 1
55. 2
56. 2
57. 4
58. 1
59. 3
60. 3
61. 2
62. 4
63. 5
64. 3
65. 4
66. 1
67. 1
68. 2
69. 3
70. 2
71. 2
72. 2
73. 3
74. 2
75. 1
76. 2
77. 2
78. 2
79. 2
80. 2
81. 4
82. 2
83. 1
84. 3
85. 2
86. 3
87. 3
88. 2
89. 2
90. 1
91. 2
92. 3
93. 2
94. 5
95. 2
96. 3
97. 1
98. 2
99. 2
100. 3
101. 1
102. 4
103. 3
104. 1
105. 3
106. 2
107. 2
108. 4
109. 1
110. 2
111. 3
112. 6
113. 3
114. 2
115. 3
116. 3
117. 2
118. 3
119. 2
120. 2
121. 4
122. 1
123. 1
124. 3
125. 3
126. 2
127. 1
128. 4
129. 5
130. 2
131. 2
132. 1
133. 3
134. 3
135. 2
136. 1
137. 2
138. 2
139. 4
140. 2
141. 1
142. 2
143. 2
144. 3
145. 3
146. 2
147. 2
148. 2
149. 2
150. 2
151. 3
152. 4
153. 2
154. 1
155. 2
156. 1
157. 2
158. 2
159. 2
160. 1
161. 2
162. 3
163. 1
164. 2
165. 2
166. 3
167. 1
168. 2
169. 2
170. 1
171. 2
172. 2
173. 3
174. 2
175. 2
176. 2
177. 2
178. 2
179. 3
180. 2
181. 2
182. 3
183. 2
184. 1
185. 3
186. 2
187. 1
188. 1
189. 1
190. 3
191. 4
192. 2
193. 2
194. 2
195. 2
196. 2
197. 3
198. 3
199. 2
200. 3