3994.txt
1. 0
2. 0
3. 0
4. 2
5. 4
6. 0
7. 3
8. 4
9. 2
10. 0
11. 0
12. 2
13. 3
14. 0
15. 1
16. 0
17. 0
18. 0
19. 0
20. 0
21. 2
22. 1
23. 0
24. 3
25. 7
26. 0
27. 3
28. 1
29. 0
30. 0
31. 6
32. 0
33. 0
34. 0
35. 3
36. 0
37. 4
38. 3
39. 0
40. 0
41. 1
42. 0
43. 0
44. 0
45. 1
46. 2
47. 3
48. 0
49. 0
50. 0
51. 0
52. 2
53. 0
54. 0
55. 1
56. 0
57. 2
58. 3
59. 0
60. 0
61. 2
62. 0
63. 0
64. 3
65. 2
66. 1
67. 3
68. 1
69. 0
70. 2
71. 2
72. 0
73. 2
74. 4
75. 0
76. 0
77. 0
78. 2
79. 2
80. 2
81. 2
82. 2
83. 2
84. 0
85. 0
86. 0
87. 2
88. 0
89. 2
90. 2
91. 0
92. 0
93. 5
94. 0
95. 2
96. 0
97. 0
98. 0
99. 1
100. 0
101. 5
102. 4
103. 2
104. 3
105. 0
106. 2
107. 0
108. 0
109. 2
110. 1
111. 0
112. 1
113. 0
114. 0
115. 0
116. 0
117. 0
118. 0
119. 1
120. 2
121. 0
122. 0
123. 1
124. 0
125. 2
126. 0
127. 0
128. 0
129. 0
130. 0
131. 1
132. 0
133. 0
134. 0
135. 2
136. 7
137. 0
138. 1
139. 1
140. 0
141. 2
142. 2
143. 3
144. 0
145. 3
146. 4
147. 0
148. 0
149. 1
150. 2
151. 1
152. 0
153. 2
154. 2
155. 0
156. 0
157. 0
158. 3
159. 0
160. 0
161. 2
162. 0
163. 0
164. 0
165. 0
166. 5
167. 2
168. 0
169. 0
170. 0
171. 2
172. 2
173. 0
174. 0
175. 2
176. 2
177. 2
178. 2
179. 0
180. 0
181. 0
182. 2
183. 0
184. 0
185. 0
186. 2
187. 0
188. 0
189. 0
190. 2
191. 3
192. 0
193. 4
194. 0
195. 0
196. 0
197. 0
198. 0
199. 0
200. 2