3997.txt
1. 2
2. 2
3. 1
4. 3
5. 4
6. 1
7. 2
8. 1
9. 3
10. 2
11. 5
12. 2
13. 2
14. 4
15. 2
16. 2
17. 6
18. 3
19. 2
20. 2
21. 4
22. 2
23. 2
24. 1
25. 3
26. 4
27. 1
28. 3
29. 2
30. 4
31. 2
32. 3
33. 5
34. 3
35. 1
36. 2
37. 3
38. 3
39. 3
40. 2
41. 3
42. 1
43. 4
44. 3
45. 2
46. 2
47. 3
48. 1
49. 3
50. 2
51. 2
52. 3
53. 3
54. 3
55. 4
56. 3
57. 2
58. 5
59. 7
60. 2
61. 3
62. 2
63. 2
64. 2
65. 2
66. 5
67. 2
68. 2
69. 2
70. 3
71. 2
72. 2
73. 1
74. 3
75. 3
76. 2
77. 1
78. 2
79. 2
80. 3
81. 3
82. 2
83. 1
84. 4
85. 2
86. 2
87. 3
88. 3
89. 2
90. 3
91. 6
92. 2
93. 2
94. 2
95. 1
96. 3
97. 2
98. 2
99. 2
100. 2
101. 2
102. 3
103. 2
104. 3
105. 2
106. 2
107. 2
108. 2
109. 2
110. 2
111. 2
112. 3
113. 2
114. 2
115. 2
116. 3
117. 1
118. 2
119. 2
120. 2
121. 3
122. 2
123. 1
124. 2
125. 2
126. 2
127. 2
128. 4
129. 2
130. 3
131. 2
132. 2
133. 2
134. 2
135. 3
136. 3
137. 2
138. 1
139. 2
140. 2
141. 2
142. 1
143. 2
144. 1
145. 2
146. 3
147. 2
148. 3
149. 2
150. 2
151. 3
152. 3
153. 2
154. 2
155. 4
156. 2
157. 1
158. 2
159. 2
160. 3
161. 2
162. 1
163. 1
164. 3
165. 3
166. 3
167. 2
168. 4
169. 2
170. 4
171. 2
172. 2
173. 2
174. 3
175. 2
176. 2
177. 1
178. 3
179. 2
180. 3
181. 1
182. 2
183. 2
184. 2
185. 1
186. 3
187. 3
188. 2
189. 3
190. 1
191. 1
192. 2
193. 3
194. 3
195. 2
196. 3
197. 2
198. 2
199. 3
200. 2