4004.txt
1. 2
2. 4
3. 1
4. 1
5. 2
6. 2
7. 1
8. 1
9. 4
10. 1
11. 2
12. 1
13. 0
14. 2
15. 1
16. 1
17. 8
18. 3
19. 1
20. 4
21. 1
22. 2
23. 2
24. 1
25. 3
26. 2
27. 1
28. 2
29. 1
30. 2
31. 7
32. 1
33. 3
34. 3
35. 3
36. 1
37. 3
38. 2
39. 2
40. 4
41. 3
42. 2
43. 3
44. 2
45. 8
46. 4
47. 2
48. 2
49. 1
50. 3
51. 2
52. 3
53. 3
54. 2
55. 2
56. 5
57. 7
58. 4
59. 4
60. 3
61. 1
62. 2
63. 2
64. 1
65. 1
66. 1
67. 4
68. 2
69. 2
70. 3
71. 2
72. 3
73. 2
74. 1
75. 3
76. 3
77. 1
78. 2
79. 2
80. 2
81. 7
82. 2
83. 4
84. 2
85. 2
86. 2
87. 3
88. 1
89. 2
90. 3
91. 2
92. 3
93. 3
94. 2
95. 2
96. 2
97. 4
98. 2
99. 3
100. 2
101. 4
102. 2
103. 2
104. 4
105. 4
106. 1
107. 2
108. 2
109. 1
110. 2
111. 2
112. 2
113. 4
114. 2
115. 3
116. 1
117. 8
118. 2
119. 2
120. 4
121. 2
122. 1
123. 5
124. 2
125. 3
126. 3
127. 3
128. 2
129. 2
130. 3
131. 3
132. 2
133. 1
134. 2
135. 2
136. 2
137. 2
138. 2
139. 2
140. 1
141. 6
142. 3
143. 3
144. 1
145. 2
146. 4
147. 2
148. 2
149. 2
150. 2
151. 1
152. 3
153. 3
154. 2
155. 2
156. 3
157. 2
158. 3
159. 3
160. 3
161. 2
162. 2
163. 2
164. 2
165. 5
166. 2
167. 1
168. 2
169. 3
170. 2
171. 1
172. 3
173. 2
174. 2
175. 2
176. 3
177. 2
178. 2
179. 2
180. 2
181. 2
182. 2
183. 3
184. 2
185. 2
186. 2
187. 2
188. 1
189. 3
190. 2
191. 2
192. 2
193. 3
194. 4
195. 3
196. 2
197. 1
198. 4
199. 2
200. 4