4014.txt
1. 2
2. 1
3. 1
4. 0
5. 0
6. 8
7. 1
8. 0
9. 0
10. 1
11. 1
12. 3
13. 1
14. 2
15. 0
16. 2
17. 3
18. 1
19. 1
20. 0
21. 0
22. 1
23. 2
24. 2
25. 3
26. 1
27. 1
28. 0
29. 2
30. 1
31. 0
32. 3
33. 1
34. 0
35. 2
36. 8
37. 1
38. 0
39. 1
40. 0
41. 0
42. 0
43. 3
44. 6
45. 4
46. 2
47. 1
48. 1
49. 2
50. 0
51. 2
52. 3
53. 3
54. 1
55. 0
56. 1
57. 0
58. 1
59. 1
60. 1
61. 2
62. 0
63. 1
64. 0
65. 1
66. 4
67. 1
68. 2
69. 2
70. 0
71. 0
72. 2
73. 0
74. 2
75. 1
76. 0
77. 1
78. 0
79. 4
80. 2
81. 1
82. 1
83. 3
84. 2
85. 2
86. 2
87. 2
88. 2
89. 3
90. 1
91. 0
92. 2
93. 2
94. 4
95. 0
96. 1
97. 0
98. 2
99. 3
100. 1
101. 2
102. 2
103. 2
104. 3
105. 3
106. 1
107. 0
108. 1
109. 3
110. 2
111. 0
112. 1
113. 3
114. 4
115. 3
116. 1
117. 1
118. 0
119. 2
120. 7
121. 2
122. 1
123. 5
124. 2
125. 1
126. 0
127. 2
128. 2
129. 2
130. 1
131. 0
132. 1
133. 4
134. 1
135. 2
136. 1
137. 1
138. 2
139. 2
140. 2
141. 1
142. 2
143. 0
144. 3
145. 2
146. 2
147. 2
148. 0
149. 3
150. 0
151. 1
152. 0
153. 1
154. 5
155. 1
156. 2
157. 1
158. 1
159. 0
160. 2
161. 0
162. 2
163. 3
164. 1
165. 1
166. 1
167. 3
168. 2
169. 2
170. 3
171. 2
172. 1
173. 2
174. 3
175. 0
176. 3
177. 0
178. 3
179. 1
180. 4
181. 2
182. 1
183. 1
184. 0
185. 1
186. 0
187. 1
188. 4
189. 1
190. 2
191. 2
192. 1
193. 0
194. 2
195. 2
196. 3
197. 1
198. 0
199. 1
200. 2