4040.txt
1. 3
2. 2
3. 0
4. 2
5. 1
6. 5
7. 0
8. 2
9. 4
10. 0
11. 1
12. 1
13. 3
14. 2
15. 1
16. 0
17. 0
18. 0
19. 4
20. 1
21. 1
22. 1
23. 0
24. 0
25. 1
26. 2
27. 2
28. 1
29. 4
30. 2
31. 1
32. 2
33. 2
34. 3
35. 1
36. 3
37. 1
38. 1
39. 1
40. 0
41. 4
42. 5
43. 2
44. 2
45. 2
46. 1
47. 2
48. 1
49. 7
50. 1
51. 2
52. 2
53. 0
54. 1
55. 1
56. 1
57. 1
58. 4
59. 1
60. 6
61. 2
62. 1
63. 1
64. 1
65. 3
66. 2
67. 3
68. 3
69. 2
70. 2
71. 0
72. 3
73. 1
74. 3
75. 0
76. 1
77. 8
78. 1
79. 3
80. 1
81. 1
82. 1
83. 3
84. 2
85. 4
86. 2
87. 1
88. 2
89. 1
90. 1
91. 2
92. 1
93. 1
94. 2
95. 3
96. 2
97. 1
98. 2
99. 2
100. 1
101. 1
102. 2
103. 2
104. 3
105. 2
106. 2
107. 1
108. 2
109. 2
110. 1
111. 2
112. 1
113. 1
114. 3
115. 2
116. 1
117. 8
118. 1
119. 2
120. 4
121. 0
122. 1
123. 1
124. 3
125. 2
126. 3
127. 1
128. 2
129. 0
130. 3
131. 2
132. 1
133. 2
134. 1
135. 1
136. 1
137. 2
138. 1
139. 1
140. 1
141. 1
142. 1
143. 1
144. 2
145. 1
146. 10
147. 2
148. 1
149. 1
150. 3
151. 2
152. 3
153. 2
154. 2
155. 0
156. 2
157. 2
158. 2
159. 3
160. 3
161. 0
162. 1
163. 0
164. 3
165. 1
166. 2
167. 1
168. 2
169. 2
170. 1
171. 2
172. 3
173. 3
174. 3
175. 2
176. 3
177. 1
178. 2
179. 1
180. 4
181. 3
182. 1
183. 4
184. 3
185. 3
186. 1
187. 2
188. 2
189. 1
190. 0
191. 2
192. 2
193. 1
194. 5
195. 1
196. 2
197. 1
198. 2
199. 2
200. 3