4048.txt
1. 0
2. 2
3. 0
4. 2
5. 3
6. 2
7. 1
8. 4
9. 0
10. 3
11. 0
12. 1
13. 1
14. 2
15. 4
16. 3
17. 1
18. 2
19. 2
20. 1
21. 2
22. 1
23. 1
24. 0
25. 1
26. 2
27. 0
28. 0
29. 2
30. 4
31. 0
32. 1
33. 2
34. 1
35. 2
36. 2
37. 1
38. 1
39. 1
40. 1
41. 2
42. 0
43. 3
44. 1
45. 0
46. 2
47. 4
48. 2
49. 2
50. 3
51. 0
52. 0
53. 3
54. 3
55. 1
56. 2
57. 0
58. 2
59. 1
60. 3
61. 0
62. 1
63. 1
64. 1
65. 0
66. 1
67. 3
68. 0
69. 4
70. 2
71. 1
72. 1
73. 1
74. 0
75. 2
76. 2
77. 1
78. 3
79. 1
80. 0
81. 1
82. 3
83. 2
84. 0
85. 1
86. 3
87. 1
88. 0
89. 1
90. 1
91. 2
92. 1
93. 1
94. 3
95. 2
96. 2
97. 2
98. 2
99. 1
100. 3
101. 1
102. 0
103. 2
104. 1
105. 1
106. 3
107. 2
108. 2
109. 2
110. 4
111. 1
112. 1
113. 2
114. 3
115. 1
116. 0
117. 1
118. 4
119. 1
120. 4
121. 1
122. 1
123. 4
124. 2
125. 2
126. 0
127. 5
128. 1
129. 4
130. 2
131. 2
132. 0
133. 1
134. 3
135. 1
136. 2
137. 2
138. 0
139. 1
140. 1
141. 2
142. 1
143. 2
144. 1
145. 3
146. 2
147. 3
148. 2
149. 2
150. 0
151. 2
152. 3
153. 2
154. 1
155. 4
156. 2
157. 1
158. 1
159. 1
160. 0
161. 3
162. 0
163. 1
164. 2
165. 10
166. 1
167. 2
168. 1
169. 2
170. 1
171. 0
172. 1
173. 2
174. 2
175. 1
176. 5
177. 1
178. 4
179. 3
180. 3
181. 1
182. 3
183. 2
184. 3
185. 0
186. 2
187. 1
188. 1
189. 1
190. 2
191. 2
192. 1
193. 3
194. 2
195. 3
196. 2
197. 1
198. 2
199. 1
200. 1