4049.txt
1. 3
2. 2
3. 4
4. 1
5. 2
6. 2
7. 7
8. 3
9. 3
10. 2
11. 4
12. 2
13. 8
14. 3
15. 1
16. 4
17. 1
18. 2
19. 4
20. 7
21. 2
22. 2
23. 1
24. 2
25. 2
26. 3
27. 3
28. 1
29. 5
30. 2
31. 1
32. 1
33. 3
34. 2
35. 1
36. 3
37. 2
38. 1
39. 3
40. 1
41. 6
42. 2
43. 2
44. 1
45. 3
46. 2
47. 5
48. 1
49. 1
50. 5
51. 1
52. 1
53. 3
54. 4
55. 1
56. 1
57. 2
58. 1
59. 2
60. 4
61. 2
62. 2
63. 1
64. 2
65. 4
66. 2
67. 1
68. 4
69. 2
70. 2
71. 3
72. 1
73. 2
74. 2
75. 2
76. 1
77. 2
78. 2
79. 1
80. 3
81. 1
82. 1
83. 3
84. 3
85. 2
86. 5
87. 1
88. 2
89. 1
90. 1
91. 2
92. 1
93. 2
94. 3
95. 2
96. 2
97. 2
98. 2
99. 4
100. 2
101. 2
102. 1
103. 3
104. 1
105. 3
106. 1
107. 1
108. 2
109. 1
110. 3
111. 1
112. 2
113. 1
114. 1
115. 2
116. 1
117. 2
118. 1
119. 4
120. 2
121. 1
122. 2
123. 1
124. 2
125. 2
126. 2
127. 3
128. 1
129. 5
130. 4
131. 1
132. 2
133. 1
134. 2
135. 1
136. 2
137. 1
138. 2
139. 1
140. 1
141. 2
142. 2
143. 1
144. 3
145. 1
146. 3
147. 2
148. 1
149. 1
150. 2
151. 2
152. 2
153. 2
154. 5
155. 3
156. 2
157. 2
158. 3
159. 2
160. 1
161. 3
162. 3
163. 4
164. 3
165. 2
166. 3
167. 5
168. 2
169. 1
170. 3
171. 2
172. 2
173. 1
174. 1
175. 2
176. 2
177. 2
178. 1
179. 3
180. 2
181. 2
182. 1
183. 1
184. 3
185. 1
186. 1
187. 2
188. 2
189. 2
190. 2
191. 1
192. 2
193. 3
194. 2
195. 3
196. 2
197. 1
198. 1
199. 3
200. 2