4050.txt
1. 0
2. 1
3. 0
4. 6
5. 3
6. 4
7. 2
8. 1
9. 1
10. 1
11. 0
12. 0
13. 2
14. 2
15. 1
16. 0
17. 3
18. 4
19. 0
20. 1
21. 2
22. 0
23. 2
24. 0
25. 2
26. 2
27. 1
28. 1
29. 0
30. 3
31. 1
32. 2
33. 2
34. 0
35. 2
36. 2
37. 1
38. 1
39. 1
40. 0
41. 5
42. 1
43. 1
44. 3
45. 1
46. 3
47. 4
48. 1
49. 3
50. 0
51. 2
52. 2
53. 1
54. 1
55. 1
56. 2
57. 1
58. 2
59. 1
60. 1
61. 7
62. 3
63. 1
64. 4
65. 0
66. 2
67. 1
68. 3
69. 3
70. 2
71. 2
72. 1
73. 2
74. 2
75. 0
76. 1
77. 4
78. 2
79. 0
80. 1
81. 0
82. 3
83. 0
84. 1
85. 2
86. 1
87. 1
88. 2
89. 2
90. 3
91. 1
92. 2
93. 2
94. 1
95. 0
96. 1
97. 2
98. 3
99. 1
100. 0
101. 4
102. 2
103. 3
104. 1
105. 3
106. 0
107. 1
108. 2
109. 1
110. 1
111. 1
112. 0
113. 2
114. 1
115. 2
116. 1
117. 1
118. 1
119. 2
120. 3
121. 1
122. 2
123. 3
124. 2
125. 2
126. 2
127. 1
128. 2
129. 1
130. 2
131. 3
132. 1
133. 1
134. 4
135. 2
136. 1
137. 1
138. 1
139. 3
140. 0
141. 2
142. 2
143. 1
144. 2
145. 2
146. 0
147. 1
148. 3
149. 0
150. 2
151. 2
152. 1
153. 0
154. 3
155. 1
156. 2
157. 1
158. 1
159. 1
160. 2
161. 2
162. 2
163. 2
164. 2
165. 3
166. 0
167. 2
168. 1
169. 2
170. 2
171. 1
172. 2
173. 1
174. 1
175. 2
176. 0
177. 4
178. 2
179. 2
180. 1
181. 2
182. 2
183. 2
184. 2
185. 2
186. 1
187. 2
188. 3
189. 2
190. 2
191. 2
192. 1
193. 4
194. 1
195. 1
196. 2
197. 2
198. 1
199. 2
200. 0