4051.txt
1. 3
2. 4
3. 0
4. 1
5. 3
6. 0
7. 6
8. 1
9. 4
10. 8
11. 3
12. 6
13. 2
14. 3
15. 1
16. 1
17. 0
18. 2
19. 1
20. 0
21. 1
22. 3
23. 2
24. 1
25. 4
26. 1
27. 3
28. 1
29. 1
30. 1
31. 0
32. 2
33. 2
34. 1
35. 3
36. 2
37. 5
38. 3
39. 4
40. 0
41. 3
42. 2
43. 1
44. 2
45. 3
46. 3
47. 2
48. 1
49. 2
50. 4
51. 5
52. 3
53. 0
54. 4
55. 2
56. 3
57. 1
58. 2
59. 2
60. 2
61. 1
62. 2
63. 4
64. 1
65. 3
66. 0
67. 3
68. 2
69. 1
70. 0
71. 2
72. 4
73. 2
74. 1
75. 1
76. 1
77. 2
78. 0
79. 1
80. 3
81. 2
82. 2
83. 2
84. 1
85. 1
86. 2
87. 1
88. 4
89. 4
90. 3
91. 3
92. 4
93. 4
94. 1
95. 6
96. 1
97. 2
98. 1
99. 3
100. 3
101. 1
102. 0
103. 2
104. 1
105. 2
106. 4
107. 3
108. 1
109. 3
110. 1
111. 4
112. 2
113. 1
114. 4
115. 5
116. 1
117. 1
118. 0
119. 1
120. 2
121. 1
122. 0
123. 1
124. 5
125. 0
126. 2
127. 1
128. 1
129. 2
130. 6
131. 1
132. 0
133. 5
134. 3
135. 2
136. 3
137. 1
138. 5
139. 1
140. 1
141. 0
142. 2
143. 1
144. 2
145. 7
146. 0
147. 3
148. 2
149. 4
150. 1
151. 4
152. 2
153. 2
154. 2
155. 2
156. 3
157. 3
158. 1
159. 2
160. 4
161. 1
162. 3
163. 0
164. 1
165. 3
166. 2
167. 1
168. 2
169. 7
170. 2
171. 3
172. 2
173. 4
174. 4
175. 5
176. 1
177. 2
178. 1
179. 1
180. 2
181. 1
182. 2
183. 2
184. 1
185. 3
186. 3
187. 2
188. 1
189. 5
190. 3
191. 4
192. 2
193. 1
194. 6
195. 3
196. 2
197. 3
198. 1
199. 1
200. 2