4053.txt
1. 0
2. 2
3. 1
4. 0
5. 0
6. 4
7. 0
8. 10
9. 2
10. 1
11. 0
12. 2
13. 1
14. 2
15. 1
16. 0
17. 3
18. 2
19. 1
20. 3
21. 3
22. 2
23. 1
24. 2
25. 0
26. 0
27. 0
28. 0
29. 2
30. 0
31. 2
32. 0
33. 3
34. 3
35. 1
36. 0
37. 2
38. 2
39. 1
40. 2
41. 1
42. 1
43. 2
44. 0
45. 1
46. 1
47. 2
48. 2
49. 1
50. 0
51. 2
52. 1
53. 1
54. 1
55. 3
56. 0
57. 3
58. 1
59. 2
60. 2
61. 2
62. 1
63. 1
64. 1
65. 2
66. 2
67. 2
68. 0
69. 1
70. 4
71. 2
72. 3
73. 3
74. 2
75. 1
76. 0
77. 1
78. 1
79. 2
80. 0
81. 1
82. 1
83. 2
84. 2
85. 2
86. 1
87. 1
88. 2
89. 3
90. 0
91. 0
92. 3
93. 1
94. 0
95. 0
96. 1
97. 1
98. 1
99. 2
100. 0
101. 2
102. 1
103. 0
104. 2
105. 1
106. 2
107. 1
108. 1
109. 1
110. 0
111. 2
112. 0
113. 1
114. 2
115. 1
116. 2
117. 2
118. 0
119. 1
120. 1
121. 1
122. 1
123. 3
124. 1
125. 1
126. 4
127. 1
128. 3
129. 1
130. 1
131. 3
132. 2
133. 1
134. 2
135. 0
136. 3
137. 1
138. 0
139. 1
140. 0
141. 1
142. 3
143. 0
144. 1
145. 2
146. 1
147. 1
148. 2
149. 1
150. 1
151. 5
152. 2
153. 0
154. 3
155. 2
156. 1
157. 2
158. 3
159. 1
160. 1
161. 2
162. 1
163. 2
164. 1
165. 1
166. 2
167. 4
168. 1
169. 3
170. 2
171. 2
172. 2
173. 2
174. 1
175. 2
176. 1
177. 1
178. 1
179. 1
180. 2
181. 1
182. 1
183. 1
184. 0
185. 1
186. 2
187. 2
188. 2
189. 2
190. 1
191. 2
192. 3
193. 1
194. 0
195. 1
196. 2
197. 2
198. 1
199. 3
200. 1