4060.txt
1. 2
2. 3
3. 1
4. 3
5. 2
6. 4
7. 1
8. 1
9. 5
10. 4
11. 2
12. 1
13. 3
14. 3
15. 2
16. 3
17. 1
18. 2
19. 7
20. 6
21. 4
22. 1
23. 3
24. 2
25. 4
26. 1
27. 4
28. 3
29. 2
30. 4
31. 2
32. 2
33. 3
34. 1
35. 2
36. 4
37. 4
38. 1
39. 3
40. 2
41. 4
42. 1
43. 2
44. 4
45. 3
46. 7
47. 2
48. 3
49. 3
50. 4
51. 4
52. 4
53. 2
54. 3
55. 3
56. 2
57. 3
58. 2
59. 3
60. 2
61. 4
62. 3
63. 2
64. 3
65. 2
66. 2
67. 2
68. 1
69. 6
70. 2
71. 1
72. 2
73. 2
74. 3
75. 5
76. 3
77. 3
78. 2
79. 2
80. 2
81. 3
82. 4
83. 3
84. 2
85. 4
86. 2
87. 2
88. 2
89. 2
90. 3
91. 4
92. 3
93. 2
94. 4
95. 3
96. 5
97. 3
98. 3
99. 3
100. 3
101. 2
102. 2
103. 3
104. 2
105. 3
106. 2
107. 3
108. 4
109. 2
110. 2
111. 2
112. 5
113. 3
114. 3
115. 2
116. 2
117. 1
118. 1
119. 2
120. 5
121. 1
122. 3
123. 2
124. 3
125. 1
126. 2
127. 2
128. 6
129. 3
130. 3
131. 2
132. 3
133. 1
134. 3
135. 3
136. 1
137. 2
138. 3
139. 2
140. 3
141. 3
142. 1
143. 2
144. 2
145. 2
146. 7
147. 1
148. 3
149. 4
150. 1
151. 3
152. 3
153. 5
154. 2
155. 2
156. 3
157. 2
158. 2
159. 10
160. 3
161. 1
162. 2
163. 2
164. 2
165. 3
166. 3
167. 2
168. 2
169. 2
170. 3
171. 2
172. 3
173. 3
174. 4
175. 3
176. 2
177. 2
178. 2
179. 7
180. 2
181. 2
182. 3
183. 2
184. 3
185. 4
186. 2
187. 3
188. 3
189. 2
190. 2
191. 2
192. 3
193. 2
194. 3
195. 3
196. 3
197. 2
198. 2
199. 3
200. 3