4068.txt
1. 3
2. 2
3. 4
4. 2
5. 4
6. 7
7. 1
8. 1
9. 3
10. 1
11. 3
12. 7
13. 2
14. 8
15. 2
16. 1
17. 5
18. 3
19. 2
20. 2
21. 4
22. 4
23. 4
24. 2
25. 2
26. 4
27. 5
28. 2
29. 1
30. 3
31. 2
32. 2
33. 4
34. 2
35. 3
36. 2
37. 3
38. 2
39. 2
40. 3
41. 2
42. 3
43. 4
44. 4
45. 2
46. 3
47. 3
48. 2
49. 2
50. 3
51. 2
52. 2
53. 4
54. 3
55. 2
56. 3
57. 1
58. 3
59. 3
60. 1
61. 2
62. 2
63. 1
64. 2
65. 2
66. 2
67. 3
68. 2
69. 3
70. 4
71. 4
72. 2
73. 1
74. 2
75. 6
76. 3
77. 3
78. 2
79. 2
80. 4
81. 2
82. 3
83. 4
84. 2
85. 3
86. 2
87. 2
88. 3
89. 2
90. 2
91. 2
92. 3
93. 3
94. 2
95. 3
96. 1
97. 2
98. 4
99. 2
100. 3
101. 2
102. 2
103. 1
104. 5
105. 2
106. 3
107. 1
108. 3
109. 1
110. 2
111. 2
112. 2
113. 2
114. 5
115. 4
116. 1
117. 2
118. 2
119. 2
120. 3
121. 3
122. 4
123. 4
124. 1
125. 3
126. 2
127. 3
128. 4
129. 2
130. 3
131. 5
132. 3
133. 3
134. 2
135. 4
136. 2
137. 2
138. 5
139. 4
140. 2
141. 3
142. 2
143. 3
144. 2
145. 3
146. 2
147. 2
148. 3
149. 2
150. 3
151. 3
152. 1
153. 4
154. 3
155. 3
156. 2
157. 3
158. 2
159. 4
160. 4
161. 2
162. 2
163. 2
164. 2
165. 3
166. 2
167. 2
168. 4
169. 3
170. 2
171. 5
172. 2
173. 3
174. 5
175. 2
176. 3
177. 1
178. 4
179. 2
180. 4
181. 2
182. 4
183. 3
184. 4
185. 2
186. 3
187. 2
188. 4
189. 2
190. 5
191. 4
192. 2
193. 4
194. 2
195. 2
196. 5
197. 2
198. 3
199. 3
200. 3