407.txt
1. 6
2. 3
3. 2
4. 1
5. 4
6. 3
7. 3
8. 6
9. 2
10. 5
11. 1
12. 4
13. 1
14. 2
15. 7
16. 4
17. 2
18. 5
19. 1
20. 3
21. 2
22. 2
23. 3
24. 8
25. 2
26. 7
27. 2
28. 1
29. 5
30. 3
31. 4
32. 2
33. 2
34. 3
35. 3
36. 5
37. 4
38. 3
39. 2
40. 2
41. 1
42. 2
43. 1
44. 1
45. 2
46. 2
47. 1
48. 1
49. 3
50. 2
51. 6
52. 4
53. 4
54. 3
55. 6
56. 2
57. 3
58. 4
59. 2
60. 2
61. 2
62. 2
63. 3
64. 2
65. 1
66. 2
67. 4
68. 1
69. 3
70. 4
71. 7
72. 2
73. 2
74. 2
75. 2
76. 2
77. 3
78. 3
79. 1
80. 2
81. 2
82. 2
83. 3
84. 6
85. 2
86. 1
87. 6
88. 2
89. 2
90. 4
91. 2
92. 3
93. 4
94. 2
95. 3
96. 3
97. 2
98. 3
99. 2
100. 3
101. 2
102. 3
103. 2
104. 2
105. 2
106. 2
107. 2
108. 2
109. 2
110. 4
111. 3
112. 3
113. 2
114. 2
115. 2
116. 1
117. 2
118. 3
119. 2
120. 3
121. 2
122. 3
123. 3
124. 8
125. 3
126. 3
127. 3
128. 3
129. 3
130. 2
131. 2
132. 8
133. 2
134. 2
135. 3
136. 2
137. 3
138. 2
139. 3
140. 3
141. 2
142. 2
143. 1
144. 2
145. 2
146. 4
147. 2
148. 2
149. 3
150. 3
151. 2
152. 3
153. 3
154. 5
155. 3
156. 2
157. 4
158. 2
159. 3
160. 3
161. 2
162. 6
163. 2
164. 2
165. 3
166. 2
167. 2
168. 3
169. 2
170. 2
171. 4
172. 3
173. 5
174. 2
175. 3
176. 2
177. 3
178. 7
179. 3
180. 2
181. 1
182. 3
183. 2
184. 3
185. 3
186. 3
187. 2
188. 2
189. 2
190. 2
191. 5
192. 3
193. 2
194. 2
195. 3
196. 3
197. 4
198. 2
199. 2
200. 4