4076.txt
1. 4
2. 2
3. 0
4. 6
5. 1
6. 3
7. 2
8. 5
9. 1
10. 1
11. 0
12. 2
13. 1
14. 2
15. 3
16. 1
17. 1
18. 2
19. 3
20. 2
21. 1
22. 3
23. 2
24. 1
25. 1
26. 1
27. 3
28. 1
29. 2
30. 2
31. 2
32. 1
33. 5
34. 2
35. 2
36. 2
37. 3
38. 1
39. 2
40. 1
41. 1
42. 2
43. 2
44. 2
45. 3
46. 1
47. 2
48. 1
49. 3
50. 1
51. 1
52. 3
53. 1
54. 3
55. 4
56. 1
57. 2
58. 2
59. 2
60. 1
61. 2
62. 1
63. 1
64. 1
65. 1
66. 1
67. 2
68. 2
69. 2
70. 1
71. 2
72. 1
73. 3
74. 1
75. 4
76. 2
77. 2
78. 5
79. 2
80. 2
81. 1
82. 3
83. 1
84. 3
85. 3
86. 2
87. 2
88. 1
89. 2
90. 3
91. 3
92. 1
93. 2
94. 1
95. 2
96. 2
97. 2
98. 1
99. 2
100. 4
101. 2
102. 3
103. 4
104. 1
105. 2
106. 1
107. 1
108. 1
109. 1
110. 1
111. 4
112. 2
113. 2
114. 2
115. 1
116. 2
117. 3
118. 2
119. 1
120. 6
121. 1
122. 1
123. 2
124. 1
125. 2
126. 1
127. 3
128. 2
129. 1
130. 2
131. 1
132. 5
133. 2
134. 3
135. 1
136. 1
137. 3
138. 4
139. 2
140. 1
141. 1
142. 2
143. 1
144. 2
145. 7
146. 6
147. 2
148. 6
149. 1
150. 2
151. 1
152. 1
153. 3
154. 1
155. 2
156. 1
157. 5
158. 2
159. 2
160. 2
161. 1
162. 3
163. 2
164. 1
165. 2
166. 7
167. 1
168. 3
169. 2
170. 2
171. 1
172. 2
173. 2
174. 3
175. 2
176. 2
177. 1
178. 1
179. 3
180. 3
181. 1
182. 2
183. 1
184. 2
185. 4
186. 2
187. 1
188. 2
189. 1
190. 1
191. 2
192. 2
193. 1
194. 3
195. 3
196. 2
197. 2
198. 2
199. 3
200. 2