4085.txt
1. 0
2. 1
3. 2
4. 3
5. 2
6. 0
7. 1
8. 1
9. 4
10. 4
11. 0
12. 4
13. 6
14. 1
15. 1
16. 0
17. 1
18. 3
19. 1
20. 1
21. 2
22. 2
23. 0
24. 7
25. 2
26. 3
27. 1
28. 2
29. 3
30. 1
31. 2
32. 2
33. 2
34. 2
35. 4
36. 0
37. 2
38. 2
39. 0
40. 1
41. 1
42. 1
43. 1
44. 3
45. 3
46. 2
47. 1
48. 2
49. 3
50. 1
51. 3
52. 0
53. 3
54. 0
55. 1
56. 2
57. 1
58. 2
59. 0
60. 0
61. 1
62. 1
63. 1
64. 2
65. 2
66. 3
67. 2
68. 1
69. 2
70. 2
71. 0
72. 4
73. 2
74. 4
75. 2
76. 2
77. 1
78. 3
79. 3
80. 2
81. 3
82. 0
83. 1
84. 2
85. 2
86. 2
87. 1
88. 3
89. 2
90. 2
91. 0
92. 1
93. 2
94. 0
95. 3
96. 3
97. 2
98. 1
99. 2
100. 3
101. 1
102. 0
103. 1
104. 2
105. 1
106. 0
107. 1
108. 2
109. 3
110. 1
111. 0
112. 0
113. 2
114. 1
115. 0
116. 2
117. 1
118. 2
119. 0
120. 2
121. 1
122. 3
123. 3
124. 3
125. 0
126. 2
127. 1
128. 2
129. 3
130. 0
131. 1
132. 1
133. 2
134. 0
135. 1
136. 1
137. 2
138. 1
139. 2
140. 2
141. 1
142. 3
143. 4
144. 0
145. 2
146. 2
147. 2
148. 4
149. 2
150. 1
151. 2
152. 1
153. 1
154. 2
155. 1
156. 3
157. 1
158. 2
159. 1
160. 1
161. 3
162. 3
163. 2
164. 1
165. 2
166. 3
167. 1
168. 2
169. 2
170. 2
171. 1
172. 4
173. 3
174. 1
175. 2
176. 2
177. 2
178. 2
179. 2
180. 1
181. 2
182. 1
183. 3
184. 0
185. 0
186. 2
187. 1
188. 1
189. 1
190. 2
191. 0
192. 4
193. 1
194. 1
195. 0
196. 1
197. 1
198. 2
199. 2
200. 3