4101.txt
1. 2
2. 3
3. 1
4. 2
5. 2
6. 4
7. 3
8. 4
9. 3
10. 1
11. 3
12. 2
13. 4
14. 3
15. 2
16. 2
17. 3
18. 3
19. 4
20. 3
21. 2
22. 4
23. 3
24. 5
25. 1
26. 3
27. 5
28. 3
29. 3
30. 6
31. 2
32. 2
33. 2
34. 5
35. 4
36. 2
37. 4
38. 3
39. 3
40. 3
41. 1
42. 2
43. 4
44. 2
45. 3
46. 2
47. 2
48. 3
49. 4
50. 2
51. 3
52. 2
53. 2
54. 4
55. 2
56. 2
57. 2
58. 3
59. 2
60. 2
61. 2
62. 1
63. 3
64. 2
65. 4
66. 2
67. 2
68. 2
69. 4
70. 3
71. 3
72. 2
73. 4
74. 2
75. 3
76. 3
77. 3
78. 3
79. 2
80. 2
81. 2
82. 3
83. 3
84. 2
85. 3
86. 2
87. 2
88. 2
89. 2
90. 3
91. 2
92. 4
93. 1
94. 2
95. 3
96. 3
97. 2
98. 2
99. 2
100. 4
101. 2
102. 2
103. 1
104. 3
105. 3
106. 2
107. 3
108. 2
109. 3
110. 3
111. 4
112. 2
113. 4
114. 3
115. 3
116. 2
117. 2
118. 2
119. 3
120. 2
121. 2
122. 3
123. 3
124. 2
125. 3
126. 2
127. 3
128. 3
129. 2
130. 3
131. 2
132. 2
133. 3
134. 2
135. 4
136. 2
137. 3
138. 2
139. 3
140. 2
141. 2
142. 1
143. 2
144. 2
145. 2
146. 2
147. 3
148. 3
149. 2
150. 3
151. 3
152. 3
153. 2
154. 4
155. 4
156. 3
157. 1
158. 2
159. 2
160. 1
161. 2
162. 2
163. 2
164. 2
165. 2
166. 2
167. 2
168. 2
169. 3
170. 3
171. 1
172. 3
173. 3
174. 2
175. 2
176. 3
177. 3
178. 2
179. 3
180. 5
181. 4
182. 3
183. 2
184. 3
185. 2
186. 3
187. 4
188. 3
189. 2
190. 2
191. 2
192. 2
193. 2
194. 2
195. 3
196. 2
197. 2
198. 2
199. 1
200. 1