4103.txt
1. 0
2. 0
3. 1
4. 0
5. 4
6. 2
7. 0
8. 2
9. 0
10. 4
11. 1
12. 1
13. 3
14. 4
15. 3
16. 1
17. 0
18. 3
19. 2
20. 2
21. 2
22. 3
23. 1
24. 2
25. 5
26. 0
27. 3
28. 2
29. 3
30. 0
31. 5
32. 3
33. 7
34. 3
35. 2
36. 3
37. 0
38. 2
39. 6
40. 1
41. 3
42. 2
43. 1
44. 3
45. 1
46. 4
47. 7
48. 1
49. 0
50. 2
51. 2
52. 0
53. 2
54. 0
55. 3
56. 4
57. 2
58. 1
59. 1
60. 3
61. 2
62. 3
63. 1
64. 0
65. 2
66. 0
67. 2
68. 3
69. 0
70. 0
71. 2
72. 1
73. 4
74. 3
75. 1
76. 0
77. 0
78. 1
79. 2
80. 2
81. 1
82. 1
83. 1
84. 0
85. 2
86. 0
87. 2
88. 2
89. 2
90. 0
91. 4
92. 1
93. 1
94. 3
95. 0
96. 2
97. 3
98. 2
99. 0
100. 4
101. 1
102. 6
103. 1
104. 4
105. 2
106. 0
107. 0
108. 5
109. 2
110. 3
111. 1
112. 0
113. 4
114. 1
115. 2
116. 3
117. 1
118. 2
119. 2
120. 2
121. 1
122. 0
123. 3
124. 0
125. 1
126. 0
127. 1
128. 1
129. 1
130. 2
131. 1
132. 3
133. 1
134. 2
135. 0
136. 2
137. 1
138. 2
139. 2
140. 1
141. 1
142. 1
143. 2
144. 4
145. 4
146. 2
147. 1
148. 1
149. 0
150. 1
151. 0
152. 2
153. 0
154. 0
155. 2
156. 2
157. 2
158. 3
159. 4
160. 4
161. 1
162. 1
163. 3
164. 0
165. 2
166. 3
167. 1
168. 2
169. 2
170. 0
171. 4
172. 4
173. 0
174. 4
175. 3
176. 1
177. 3
178. 2
179. 1
180. 3
181. 1
182. 2
183. 2
184. 0
185. 2
186. 3
187. 2
188. 1
189. 3
190. 1
191. 0
192. 4
193. 1
194. 3
195. 1
196. 2
197. 5
198. 0
199. 1
200. 2