4104.txt
1. 4
2. 0
3. 1
4. 1
5. 1
6. 0
7. 0
8. 3
9. 2
10. 2
11. 1
12. 1
13. 3
14. 1
15. 0
16. 2
17. 0
18. 0
19. 2
20. 0
21. 1
22. 0
23. 2
24. 1
25. 1
26. 2
27. 1
28. 0
29. 1
30. 2
31. 0
32. 1
33. 1
34. 0
35. 2
36. 1
37. 4
38. 1
39. 0
40. 3
41. 0
42. 2
43. 0
44. 2
45. 4
46. 0
47. 1
48. 1
49. 2
50. 2
51. 4
52. 3
53. 1
54. 1
55. 1
56. 1
57. 1
58. 1
59. 2
60. 1
61. 2
62. 0
63. 2
64. 1
65. 2
66. 5
67. 2
68. 1
69. 4
70. 2
71. 1
72. 3
73. 1
74. 2
75. 0
76. 1
77. 2
78. 0
79. 2
80. 2
81. 0
82. 0
83. 2
84. 1
85. 8
86. 2
87. 0
88. 1
89. 1
90. 0
91. 1
92. 0
93. 2
94. 2
95. 3
96. 1
97. 1
98. 0
99. 1
100. 0
101. 1
102. 1
103. 1
104. 0
105. 0
106. 1
107. 1
108. 1
109. 1
110. 2
111. 1
112. 1
113. 2
114. 2
115. 2
116. 0
117. 2
118. 3
119. 1
120. 1
121. 0
122. 2
123. 2
124. 2
125. 4
126. 2
127. 0
128. 1
129. 2
130. 2
131. 3
132. 0
133. 2
134. 0
135. 0
136. 0
137. 2
138. 1
139. 1
140. 0
141. 2
142. 2
143. 1
144. 0
145. 3
146. 1
147. 1
148. 2
149. 1
150. 1
151. 0
152. 2
153. 1
154. 3
155. 0
156. 0
157. 3
158. 3
159. 2
160. 1
161. 1
162. 0
163. 2
164. 1
165. 1
166. 2
167. 2
168. 1
169. 1
170. 0
171. 0
172. 0
173. 1
174. 1
175. 3
176. 3
177. 2
178. 1
179. 2
180. 2
181. 1
182. 0
183. 5
184. 3
185. 0
186. 0
187. 0
188. 3
189. 1
190. 0
191. 2
192. 2
193. 1
194. 0
195. 0
196. 0
197. 1
198. 0
199. 1
200. 2