4114.txt
1. 3
2. 2
3. 1
4. 2
5. 4
6. 7
7. 2
8. 3
9. 4
10. 2
11. 2
12. 2
13. 3
14. 1
15. 6
16. 1
17. 7
18. 3
19. 2
20. 1
21. 2
22. 2
23. 2
24. 3
25. 3
26. 2
27. 2
28. 2
29. 4
30. 3
31. 4
32. 2
33. 3
34. 6
35. 2
36. 5
37. 7
38. 2
39. 2
40. 6
41. 3
42. 2
43. 4
44. 2
45. 2
46. 8
47. 3
48. 2
49. 3
50. 2
51. 5
52. 2
53. 2
54. 3
55. 4
56. 3
57. 2
58. 5
59. 3
60. 3
61. 2
62. 4
63. 4
64. 5
65. 2
66. 7
67. 1
68. 4
69. 3
70. 3
71. 2
72. 2
73. 3
74. 4
75. 4
76. 2
77. 3
78. 2
79. 4
80. 2
81. 5
82. 4
83. 3
84. 3
85. 3
86. 2
87. 3
88. 4
89. 3
90. 2
91. 5
92. 3
93. 2
94. 2
95. 1
96. 4
97. 3
98. 2
99. 2
100. 3
101. 3
102. 2
103. 5
104. 1
105. 4
106. 4
107. 4
108. 3
109. 2
110. 6
111. 2
112. 3
113. 2
114. 3
115. 2
116. 2
117. 4
118. 2
119. 2
120. 3
121. 3
122. 3
123. 2
124. 2
125. 3
126. 2
127. 3
128. 2
129. 3
130. 2
131. 2
132. 3
133. 3
134. 2
135. 3
136. 4
137. 4
138. 2
139. 3
140. 5
141. 2
142. 3
143. 3
144. 2
145. 3
146. 4
147. 2
148. 3
149. 3
150. 2
151. 4
152. 4
153. 2
154. 2
155. 5
156. 3
157. 2
158. 2
159. 5
160. 2
161. 4
162. 3
163. 3
164. 5
165. 3
166. 2
167. 3
168. 3
169. 5
170. 2
171. 3
172. 3
173. 3
174. 2
175. 3
176. 2
177. 3
178. 4
179. 2
180. 4
181. 2
182. 3
183. 7
184. 3
185. 3
186. 4
187. 2
188. 3
189. 3
190. 3
191. 2
192. 2
193. 3
194. 3
195. 2
196. 4
197. 5
198. 2
199. 4
200. 4