4138.txt
1. 0
2. 1
3. 3
4. 0
5. 4
6. 0
7. 3
8. 1
9. 2
10. 2
11. 3
12. 2
13. 1
14. 1
15. 2
16. 0
17. 1
18. 1
19. 6
20. 1
21. 2
22. 1
23. 3
24. 2
25. 1
26. 1
27. 1
28. 4
29. 2
30. 3
31. 2
32. 1
33. 8
34. 2
35. 3
36. 1
37. 2
38. 1
39. 1
40. 1
41. 2
42. 2
43. 3
44. 2
45. 8
46. 1
47. 10
48. 1
49. 1
50. 2
51. 1
52. 3
53. 1
54. 2
55. 1
56. 3
57. 2
58. 1
59. 2
60. 1
61. 0
62. 3
63. 1
64. 3
65. 1
66. 2
67. 1
68. 2
69. 1
70. 1
71. 1
72. 2
73. 3
74. 3
75. 5
76. 1
77. 2
78. 0
79. 3
80. 1
81. 2
82. 3
83. 2
84. 1
85. 1
86. 2
87. 2
88. 1
89. 2
90. 4
91. 2
92. 4
93. 4
94. 2
95. 3
96. 1
97. 1
98. 2
99. 3
100. 2
101. 2
102. 1
103. 2
104. 0
105. 3
106. 1
107. 3
108. 2
109. 2
110. 1
111. 2
112. 2
113. 0
114. 1
115. 2
116. 1
117. 1
118. 2
119. 1
120. 1
121. 2
122. 1
123. 1
124. 2
125. 1
126. 2
127. 2
128. 2
129. 1
130. 4
131. 2
132. 2
133. 3
134. 2
135. 4
136. 1
137. 2
138. 1
139. 2
140. 1
141. 1
142. 1
143. 2
144. 3
145. 2
146. 2
147. 1
148. 1
149. 2
150. 1
151. 1
152. 2
153. 2
154. 3
155. 2
156. 1
157. 2
158. 1
159. 3
160. 1
161. 1
162. 2
163. 2
164. 1
165. 1
166. 1
167. 3
168. 2
169. 2
170. 1
171. 1
172. 2
173. 2
174. 1
175. 1
176. 2
177. 3
178. 1
179. 2
180. 2
181. 1
182. 1
183. 1
184. 1
185. 2
186. 1
187. 2
188. 3
189. 2
190. 1
191. 2
192. 4
193. 5
194. 3
195. 1
196. 1
197. 2
198. 2
199. 3
200. 3