4146.txt
1. 2
2. 0
3. 3
4. 4
5. 2
6. 6
7. 2
8. 1
9. 2
10. 2
11. 1
12. 1
13. 1
14. 1
15. 4
16. 5
17. 4
18. 3
19. 2
20. 2
21. 1
22. 3
23. 4
24. 1
25. 1
26. 1
27. 5
28. 2
29. 1
30. 5
31. 2
32. 2
33. 3
34. 1
35. 2
36. 4
37. 2
38. 1
39. 1
40. 1
41. 4
42. 7
43. 1
44. 2
45. 2
46. 3
47. 2
48. 2
49. 3
50. 3
51. 1
52. 4
53. 3
54. 2
55. 3
56. 4
57. 2
58. 4
59. 4
60. 3
61. 2
62. 1
63. 1
64. 2
65. 1
66. 4
67. 3
68. 2
69. 2
70. 2
71. 2
72. 2
73. 2
74. 1
75. 2
76. 3
77. 2
78. 1
79. 2
80. 1
81. 2
82. 2
83. 1
84. 2
85. 1
86. 2
87. 2
88. 1
89. 2
90. 2
91. 2
92. 3
93. 4
94. 1
95. 2
96. 3
97. 2
98. 2
99. 4
100. 2
101. 2
102. 2
103. 2
104. 3
105. 2
106. 2
107. 2
108. 2
109. 2
110. 2
111. 1
112. 1
113. 3
114. 2
115. 2
116. 2
117. 2
118. 4
119. 2
120. 4
121. 1
122. 5
123. 3
124. 2
125. 4
126. 3
127. 2
128. 2
129. 3
130. 2
131. 2
132. 2
133. 1
134. 2
135. 2
136. 2
137. 3
138. 2
139. 2
140. 3
141. 1
142. 3
143. 2
144. 3
145. 2
146. 4
147. 3
148. 3
149. 2
150. 2
151. 4
152. 3
153. 2
154. 5
155. 1
156. 3
157. 2
158. 2
159. 1
160. 2
161. 1
162. 1
163. 1
164. 2
165. 2
166. 3
167. 2
168. 1
169. 3
170. 2
171. 1
172. 2
173. 4
174. 1
175. 4
176. 2
177. 4
178. 2
179. 1
180. 2
181. 2
182. 3
183. 3
184. 1
185. 5
186. 2
187. 3
188. 2
189. 2
190. 3
191. 2
192. 2
193. 2
194. 2
195. 3
196. 2
197. 2
198. 1
199. 3
200. 2