4152.txt
1. 3
2. 1
3. 2
4. 0
5. 1
6. 3
7. 0
8. 1
9. 4
10. 1
11. 1
12. 1
13. 0
14. 1
15. 2
16. 0
17. 3
18. 3
19. 0
20. 10
21. 1
22. 3
23. 2
24. 1
25. 2
26. 2
27. 0
28. 3
29. 1
30. 1
31. 1
32. 3
33. 0
34. 1
35. 2
36. 1
37. 1
38. 2
39. 1
40. 2
41. 1
42. 1
43. 1
44. 2
45. 2
46. 2
47. 1
48. 2
49. 3
50. 1
51. 2
52. 1
53. 2
54. 0
55. 2
56. 4
57. 1
58. 1
59. 1
60. 1
61. 1
62. 0
63. 2
64. 1
65. 1
66. 3
67. 2
68. 2
69. 3
70. 2
71. 0
72. 1
73. 3
74. 0
75. 2
76. 0
77. 1
78. 1
79. 1
80. 1
81. 2
82. 2
83. 2
84. 2
85. 1
86. 1
87. 1
88. 3
89. 2
90. 2
91. 0
92. 2
93. 3
94. 2
95. 3
96. 1
97. 1
98. 2
99. 3
100. 2
101. 2
102. 1
103. 2
104. 1
105. 2
106. 2
107. 6
108. 1
109. 3
110. 1
111. 1
112. 1
113. 1
114. 0
115. 2
116. 2
117. 1
118. 3
119. 3
120. 2
121. 2
122. 2
123. 2
124. 3
125. 3
126. 3
127. 1
128. 4
129. 3
130. 2
131. 1
132. 2
133. 4
134. 2
135. 2
136. 7
137. 1
138. 6
139. 2
140. 1
141. 2
142. 1
143. 1
144. 3
145. 2
146. 1
147. 1
148. 3
149. 3
150. 2
151. 3
152. 1
153. 4
154. 1
155. 1
156. 0
157. 0
158. 1
159. 1
160. 2
161. 5
162. 1
163. 3
164. 2
165. 1
166. 1
167. 1
168. 4
169. 2
170. 1
171. 3
172. 0
173. 2
174. 2
175. 2
176. 2
177. 1
178. 2
179. 1
180. 2
181. 2
182. 3
183. 2
184. 3
185. 1
186. 1
187. 1
188. 2
189. 1
190. 2
191. 1
192. 2
193. 1
194. 1
195. 2
196. 1
197. 2
198. 1
199. 2
200. 2