4160.txt
1. 2
2. 1
3. 2
4. 2
5. 1
6. 4
7. 2
8. 0
9. 2
10. 1
11. 2
12. 2
13. 0
14. 2
15. 3
16. 2
17. 1
18. 2
19. 2
20. 2
21. 3
22. 3
23. 2
24. 1
25. 3
26. 3
27. 2
28. 1
29. 4
30. 3
31. 1
32. 2
33. 2
34. 3
35. 2
36. 3
37. 2
38. 4
39. 2
40. 1
41. 2
42. 2
43. 7
44. 3
45. 2
46. 3
47. 4
48. 2
49. 3
50. 2
51. 1
52. 2
53. 2
54. 3
55. 2
56. 2
57. 2
58. 3
59. 2
60. 4
61. 2
62. 2
63. 2
64. 4
65. 1
66. 2
67. 2
68. 1
69. 5
70. 3
71. 2
72. 5
73. 1
74. 3
75. 3
76. 3
77. 3
78. 3
79. 2
80. 3
81. 2
82. 5
83. 3
84. 2
85. 2
86. 2
87. 2
88. 2
89. 2
90. 2
91. 3
92. 3
93. 2
94. 2
95. 3
96. 4
97. 4
98. 3
99. 2
100. 3
101. 3
102. 3
103. 2
104. 2
105. 3
106. 2
107. 2
108. 2
109. 3
110. 3
111. 2
112. 2
113. 1
114. 2
115. 4
116. 2
117. 2
118. 3
119. 2
120. 2
121. 2
122. 2
123. 1
124. 2
125. 3
126. 2
127. 3
128. 2
129. 3
130. 3
131. 2
132. 3
133. 3
134. 3
135. 3
136. 3
137. 2
138. 2
139. 3
140. 3
141. 2
142. 2
143. 2
144. 3
145. 4
146. 2
147. 2
148. 2
149. 3
150. 3
151. 3
152. 2
153. 3
154. 1
155. 2
156. 3
157. 2
158. 3
159. 2
160. 2
161. 2
162. 3
163. 2
164. 4
165. 2
166. 3
167. 2
168. 1
169. 2
170. 3
171. 2
172. 2
173. 1
174. 2
175. 2
176. 2
177. 4
178. 2
179. 2
180. 2
181. 2
182. 4
183. 3
184. 3
185. 2
186. 2
187. 3
188. 2
189. 1
190. 2
191. 2
192. 2
193. 3
194. 1
195. 2
196. 2
197. 2
198. 3
199. 3
200. 3