4161.txt
1. 0
2. 3
3. 4
4. 3
5. 0
6. 1
7. 4
8. 1
9. 0
10. 2
11. 2
12. 1
13. 1
14. 1
15. 7
16. 3
17. 1
18. 4
19. 7
20. 3
21. 1
22. 3
23. 1
24. 1
25. 2
26. 3
27. 1
28. 2
29. 3
30. 2
31. 2
32. 1
33. 2
34. 6
35. 4
36. 4
37. 2
38. 3
39. 3
40. 0
41. 1
42. 3
43. 6
44. 2
45. 2
46. 1
47. 2
48. 4
49. 0
50. 1
51. 1
52. 1
53. 3
54. 2
55. 4
56. 2
57. 2
58. 3
59. 1
60. 1
61. 2
62. 2
63. 1
64. 6
65. 1
66. 4
67. 1
68. 1
69. 2
70. 3
71. 4
72. 2
73. 1
74. 2
75. 2
76. 3
77. 1
78. 3
79. 4
80. 2
81. 3
82. 2
83. 2
84. 2
85. 1
86. 4
87. 3
88. 2
89. 2
90. 1
91. 1
92. 3
93. 2
94. 2
95. 1
96. 2
97. 2
98. 2
99. 3
100. 1
101. 2
102. 1
103. 6
104. 2
105. 3
106. 2
107. 3
108. 2
109. 1
110. 3
111. 1
112. 1
113. 1
114. 2
115. 2
116. 2
117. 3
118. 1
119. 4
120. 1
121. 2
122. 1
123. 4
124. 2
125. 2
126. 1
127. 1
128. 3
129. 2
130. 4
131. 1
132. 4
133. 2
134. 3
135. 1
136. 4
137. 1
138. 2
139. 1
140. 1
141. 3
142. 1
143. 3
144. 1
145. 2
146. 2
147. 4
148. 2
149. 3
150. 2
151. 2
152. 3
153. 2
154. 2
155. 8
156. 1
157. 2
158. 2
159. 1
160. 6
161. 2
162. 1
163. 1
164. 3
165. 4
166. 1
167. 1
168. 2
169. 1
170. 5
171. 1
172. 1
173. 6
174. 4
175. 8
176. 1
177. 1
178. 1
179. 5
180. 3
181. 2
182. 3
183. 2
184. 0
185. 2
186. 3
187. 3
188. 1
189. 4
190. 2
191. 2
192. 4
193. 3
194. 1
195. 2
196. 2
197. 3
198. 4
199. 1
200. 3