4165.txt
1. 2
2. 3
3. 1
4. 1
5. 6
6. 2
7. 1
8. 5
9. 2
10. 4
11. 7
12. 1
13. 4
14. 1
15. 3
16. 4
17. 2
18. 2
19. 4
20. 2
21. 2
22. 3
23. 3
24. 2
25. 2
26. 2
27. 5
28. 3
29. 2
30. 4
31. 4
32. 2
33. 7
34. 4
35. 3
36. 4
37. 2
38. 4
39. 3
40. 6
41. 2
42. 3
43. 1
44. 4
45. 5
46. 7
47. 3
48. 2
49. 3
50. 3
51. 2
52. 6
53. 3
54. 5
55. 2
56. 4
57. 3
58. 1
59. 2
60. 3
61. 4
62. 2
63. 3
64. 2
65. 4
66. 3
67. 4
68. 4
69. 3
70. 2
71. 3
72. 2
73. 2
74. 3
75. 4
76. 3
77. 2
78. 3
79. 5
80. 2
81. 4
82. 3
83. 2
84. 3
85. 2
86. 3
87. 6
88. 3
89. 2
90. 3
91. 3
92. 4
93. 4
94. 3
95. 2
96. 5
97. 3
98. 2
99. 3
100. 4
101. 3
102. 4
103. 5
104. 6
105. 5
106. 2
107. 3
108. 5
109. 3
110. 2
111. 3
112. 2
113. 2
114. 3
115. 5
116. 3
117. 4
118. 1
119. 2
120. 2
121. 2
122. 4
123. 3
124. 3
125. 2
126. 5
127. 3
128. 4
129. 2
130. 5
131. 2
132. 3
133. 2
134. 5
135. 3
136. 4
137. 3
138. 2
139. 3
140. 3
141. 3
142. 4
143. 2
144. 3
145. 4
146. 2
147. 3
148. 7
149. 3
150. 4
151. 5
152. 2
153. 3
154. 3
155. 4
156. 4
157. 2
158. 4
159. 4
160. 3
161. 6
162. 2
163. 3
164. 3
165. 3
166. 4
167. 5
168. 3
169. 3
170. 2
171. 4
172. 2
173. 4
174. 6
175. 3
176. 4
177. 3
178. 3
179. 4
180. 5
181. 2
182. 6
183. 2
184. 3
185. 4
186. 4
187. 3
188. 3
189. 6
190. 3
191. 4
192. 2
193. 2
194. 3
195. 2
196. 2
197. 3
198. 3
199. 3
200. 8