4181.txt
1. 2
2. 1
3. 0
4. 4
5. 3
6. 4
7. 0
8. 2
9. 4
10. 1
11. 2
12. 2
13. 1
14. 2
15. 5
16. 4
17. 3
18. 2
19. 4
20. 4
21. 1
22. 2
23. 3
24. 2
25. 1
26. 2
27. 3
28. 3
29. 1
30. 1
31. 3
32. 3
33. 2
34. 2
35. 2
36. 2
37. 2
38. 3
39. 2
40. 0
41. 1
42. 2
43. 2
44. 3
45. 3
46. 4
47. 2
48. 2
49. 3
50. 3
51. 1
52. 1
53. 1
54. 4
55. 3
56. 3
57. 2
58. 2
59. 2
60. 2
61. 2
62. 1
63. 2
64. 1
65. 1
66. 2
67. 3
68. 2
69. 4
70. 2
71. 2
72. 2
73. 3
74. 2
75. 1
76. 2
77. 3
78. 2
79. 3
80. 2
81. 4
82. 4
83. 1
84. 1
85. 2
86. 2
87. 4
88. 1
89. 1
90. 2
91. 1
92. 3
93. 2
94. 1
95. 1
96. 2
97. 1
98. 1
99. 2
100. 1
101. 2
102. 3
103. 3
104. 4
105. 3
106. 1
107. 1
108. 3
109. 2
110. 2
111. 2
112. 1
113. 1
114. 2
115. 3
116. 2
117. 2
118. 3
119. 2
120. 2
121. 3
122. 3
123. 2
124. 2
125. 1
126. 1
127. 2
128. 2
129. 3
130. 2
131. 2
132. 2
133. 3
134. 2
135. 2
136. 2
137. 2
138. 2
139. 1
140. 3
141. 4
142. 10
143. 1
144. 6
145. 1
146. 2
147. 2
148. 2
149. 2
150. 2
151. 5
152. 2
153. 2
154. 1
155. 2
156. 2
157. 1
158. 1
159. 4
160. 3
161. 1
162. 1
163. 2
164. 2
165. 5
166. 1
167. 2
168. 4
169. 3
170. 2
171. 2
172. 2
173. 2
174. 2
175. 4
176. 3
177. 2
178. 2
179. 1
180. 2
181. 1
182. 2
183. 2
184. 1
185. 2
186. 1
187. 3
188. 2
189. 1
190. 2
191. 1
192. 2
193. 1
194. 1
195. 2
196. 1
197. 4
198. 1
199. 1
200. 2