4185.txt
1. 0
2. 1
3. 0
4. 0
5. 0
6. 6
7. 3
8. 3
9. 0
10. 1
11. 0
12. 1
13. 2
14. 3
15. 3
16. 2
17. 0
18. 0
19. 0
20. 2
21. 1
22. 0
23. 3
24. 8
25. 1
26. 2
27. 4
28. 5
29. 2
30. 2
31. 1
32. 2
33. 0
34. 0
35. 3
36. 1
37. 3
38. 0
39. 0
40. 1
41. 1
42. 0
43. 3
44. 2
45. 0
46. 4
47. 0
48. 2
49. 2
50. 1
51. 0
52. 1
53. 1
54. 0
55. 2
56. 0
57. 2
58. 3
59. 2
60. 3
61. 0
62. 1
63. 0
64. 1
65. 2
66. 1
67. 3
68. 2
69. 0
70. 0
71. 3
72. 2
73. 0
74. 2
75. 5
76. 1
77. 1
78. 1
79. 0
80. 2
81. 2
82. 2
83. 0
84. 0
85. 0
86. 0
87. 0
88. 0
89. 4
90. 2
91. 3
92. 0
93. 2
94. 1
95. 1
96. 4
97. 2
98. 2
99. 0
100. 1
101. 4
102. 1
103. 2
104. 4
105. 1
106. 2
107. 1
108. 4
109. 2
110. 2
111. 4
112. 2
113. 1
114. 2
115. 0
116. 2
117. 2
118. 0
119. 8
120. 1
121. 0
122. 3
123. 0
124. 0
125. 0
126. 0
127. 0
128. 2
129. 2
130. 2
131. 1
132. 0
133. 0
134. 2
135. 0
136. 0
137. 2
138. 3
139. 1
140. 0
141. 1
142. 2
143. 3
144. 1
145. 1
146. 7
147. 2
148. 0
149. 1
150. 5
151. 2
152. 1
153. 0
154. 0
155. 0
156. 2
157. 1
158. 1
159. 0
160. 0
161. 1
162. 1
163. 1
164. 3
165. 1
166. 2
167. 2
168. 3
169. 1
170. 2
171. 2
172. 3
173. 0
174. 3
175. 1
176. 1
177. 1
178. 2
179. 1
180. 1
181. 0
182. 2
183. 1
184. 0
185. 1
186. 1
187. 1
188. 2
189. 0
190. 1
191. 2
192. 0
193. 2
194. 4
195. 3
196. 2
197. 2
198. 2
199. 1
200. 2