419.txt
1. 0
2. 0
3. 4
4. 3
5. 2
6. 0
7. 0
8. 0
9. 2
10. 0
11. 1
12. 0
13. 10
14. 4
15. 0
16. 0
17. 0
18. 1
19. 5
20. 2
21. 3
22. 0
23. 0
24. 3
25. 2
26. 2
27. 2
28. 0
29. 0
30. 3
31. 1
32. 3
33. 7
34. 1
35. 1
36. 3
37. 1
38. 0
39. 1
40. 4
41. 0
42. 0
43. 0
44. 4
45. 0
46. 0
47. 0
48. 0
49. 0
50. 0
51. 1
52. 2
53. 3
54. 3
55. 0
56. 0
57. 0
58. 0
59. 2
60. 0
61. 0
62. 3
63. 0
64. 0
65. 0
66. 0
67. 1
68. 0
69. 0
70. 4
71. 2
72. 0
73. 0
74. 1
75. 2
76. 4
77. 2
78. 0
79. 0
80. 0
81. 0
82. 0
83. 2
84. 3
85. 0
86. 1
87. 0
88. 2
89. 0
90. 0
91. 0
92. 0
93. 3
94. 0
95. 3
96. 3
97. 0
98. 0
99. 0
100. 0
101. 0
102. 0
103. 0
104. 0
105. 1
106. 0
107. 0
108. 3
109. 1
110. 0
111. 2
112. 0
113. 0
114. 0
115. 0
116. 0
117. 0
118. 1
119. 0
120. 2
121. 0
122. 2
123. 0
124. 0
125. 0
126. 0
127. 0
128. 0
129. 5
130. 2
131. 0
132. 2
133. 0
134. 2
135. 0
136. 0
137. 2
138. 0
139. 0
140. 1
141. 2
142. 2
143. 1
144. 0
145. 0
146. 0
147. 0
148. 3
149. 0
150. 2
151. 2
152. 0
153. 0
154. 0
155. 2
156. 0
157. 3
158. 2
159. 0
160. 2
161. 0
162. 0
163. 0
164. 0
165. 1
166. 7
167. 0
168. 0
169. 0
170. 3
171. 2
172. 0
173. 4
174. 2
175. 0
176. 4
177. 0
178. 1
179. 3
180. 5
181. 0
182. 0
183. 2
184. 0
185. 0
186. 0
187. 0
188. 0
189. 0
190. 0
191. 1
192. 0
193. 3
194. 2
195. 0
196. 0
197. 0
198. 0
199. 0
200. 2