4194.txt
1. 3
2. 1
3. 1
4. 6
5. 1
6. 4
7. 2
8. 2
9. 3
10. 3
11. 1
12. 1
13. 2
14. 4
15. 1
16. 4
17. 1
18. 2
19. 5
20. 2
21. 3
22. 2
23. 6
24. 5
25. 2
26. 4
27. 3
28. 2
29. 2
30. 2
31. 2
32. 2
33. 3
34. 4
35. 2
36. 2
37. 1
38. 3
39. 1
40. 1
41. 5
42. 1
43. 2
44. 3
45. 7
46. 1
47. 2
48. 3
49. 5
50. 3
51. 1
52. 1
53. 2
54. 2
55. 1
56. 2
57. 1
58. 4
59. 3
60. 2
61. 1
62. 3
63. 1
64. 2
65. 2
66. 3
67. 1
68. 2
69. 1
70. 2
71. 4
72. 1
73. 1
74. 2
75. 2
76. 2
77. 4
78. 4
79. 3
80. 2
81. 2
82. 1
83. 1
84. 2
85. 2
86. 1
87. 2
88. 3
89. 2
90. 2
91. 3
92. 1
93. 3
94. 2
95. 4
96. 1
97. 4
98. 2
99. 5
100. 1
101. 3
102. 2
103. 7
104. 2
105. 2
106. 1
107. 1
108. 2
109. 3
110. 2
111. 2
112. 5
113. 3
114. 2
115. 1
116. 2
117. 1
118. 4
119. 1
120. 2
121. 2
122. 2
123. 3
124. 2
125. 1
126. 2
127. 3
128. 3
129. 2
130. 2
131. 3
132. 2
133. 3
134. 4
135. 1
136. 2
137. 1
138. 2
139. 3
140. 2
141. 1
142. 1
143. 2
144. 2
145. 2
146. 4
147. 4
148. 2
149. 4
150. 3
151. 2
152. 1
153. 2
154. 2
155. 6
156. 3
157. 2
158. 2
159. 3
160. 4
161. 1
162. 2
163. 2
164. 2
165. 2
166. 2
167. 1
168. 2
169. 1
170. 1
171. 3
172. 1
173. 8
174. 2
175. 2
176. 1
177. 1
178. 7
179. 1
180. 1
181. 2
182. 3
183. 3
184. 2
185. 3
186. 1
187. 2
188. 2
189. 2
190. 2
191. 2
192. 2
193. 2
194. 2
195. 2
196. 2
197. 3
198. 1
199. 4
200. 3