420.txt
1. 4
2. 3
3. 0
4. 2
5. 1
6. 2
7. 0
8. 1
9. 0
10. 1
11. 0
12. 1
13. 0
14. 1
15. 2
16. 1
17. 0
18. 3
19. 1
20. 4
21. 0
22. 1
23. 0
24. 0
25. 0
26. 2
27. 3
28. 1
29. 3
30. 2
31. 0
32. 0
33. 4
34. 0
35. 2
36. 2
37. 1
38. 3
39. 1
40. 3
41. 5
42. 2
43. 0
44. 2
45. 1
46. 1
47. 2
48. 1
49. 4
50. 7
51. 1
52. 3
53. 3
54. 3
55. 2
56. 4
57. 0
58. 1
59. 1
60. 2
61. 3
62. 1
63. 0
64. 0
65. 1
66. 1
67. 3
68. 1
69. 0
70. 1
71. 1
72. 0
73. 2
74. 3
75. 2
76. 1
77. 0
78. 0
79. 1
80. 2
81. 2
82. 2
83. 1
84. 2
85. 2
86. 2
87. 0
88. 0
89. 2
90. 1
91. 4
92. 0
93. 0
94. 0
95. 1
96. 0
97. 2
98. 3
99. 3
100. 4
101. 2
102. 1
103. 4
104. 2
105. 3
106. 2
107. 1
108. 0
109. 2
110. 3
111. 3
112. 1
113. 1
114. 1
115. 1
116. 2
117. 2
118. 1
119. 1
120. 1
121. 0
122. 1
123. 2
124. 2
125. 4
126. 3
127. 0
128. 1
129. 1
130. 1
131. 0
132. 2
133. 2
134. 1
135. 3
136. 2
137. 0
138. 0
139. 1
140. 1
141. 0
142. 1
143. 1
144. 1
145. 2
146. 1
147. 2
148. 3
149. 0
150. 4
151. 1
152. 1
153. 3
154. 2
155. 1
156. 0
157. 2
158. 1
159. 2
160. 3
161. 0
162. 6
163. 1
164. 0
165. 2
166. 2
167. 2
168. 3
169. 2
170. 2
171. 4
172. 2
173. 1
174. 2
175. 2
176. 2
177. 6
178. 2
179. 1
180. 1
181. 0
182. 2
183. 1
184. 5
185. 0
186. 1
187. 1
188. 1
189. 1
190. 1
191. 2
192. 1
193. 2
194. 4
195. 3
196. 1
197. 2
198. 3
199. 3
200. 2