4212.txt
1. 2
2. 1
3. 1
4. 1
5. 1
6. 3
7. 4
8. 2
9. 2
10. 1
11. 3
12. 1
13. 3
14. 2
15. 1
16. 1
17. 4
18. 1
19. 3
20. 8
21. 1
22. 2
23. 1
24. 2
25. 2
26. 1
27. 3
28. 2
29. 2
30. 4
31. 2
32. 2
33. 1
34. 2
35. 3
36. 1
37. 3
38. 1
39. 1
40. 3
41. 1
42. 1
43. 2
44. 1
45. 1
46. 2
47. 2
48. 1
49. 2
50. 3
51. 2
52. 2
53. 1
54. 2
55. 2
56. 4
57. 1
58. 2
59. 2
60. 2
61. 2
62. 2
63. 3
64. 2
65. 3
66. 2
67. 1
68. 1
69. 3
70. 1
71. 2
72. 1
73. 2
74. 2
75. 1
76. 1
77. 1
78. 2
79. 2
80. 2
81. 2
82. 2
83. 3
84. 3
85. 2
86. 2
87. 2
88. 2
89. 3
90. 2
91. 1
92. 2
93. 1
94. 1
95. 2
96. 2
97. 1
98. 1
99. 3
100. 2
101. 1
102. 2
103. 3
104. 1
105. 4
106. 3
107. 3
108. 2
109. 2
110. 3
111. 2
112. 2
113. 2
114. 2
115. 2
116. 1
117. 2
118. 2
119. 3
120. 3
121. 1
122. 2
123. 3
124. 2
125. 3
126. 2
127. 3
128. 1
129. 2
130. 1
131. 3
132. 1
133. 1
134. 3
135. 4
136. 1
137. 1
138. 2
139. 1
140. 3
141. 2
142. 1
143. 1
144. 3
145. 2
146. 3
147. 3
148. 1
149. 3
150. 1
151. 2
152. 2
153. 2
154. 1
155. 2
156. 2
157. 3
158. 2
159. 4
160. 2
161. 3
162. 2
163. 2
164. 1
165. 3
166. 2
167. 2
168. 1
169. 1
170. 2
171. 4
172. 3
173. 1
174. 3
175. 1
176. 2
177. 3
178. 1
179. 2
180. 2
181. 1
182. 2
183. 2
184. 2
185. 2
186. 2
187. 2
188. 3
189. 1
190. 2
191. 2
192. 1
193. 2
194. 2
195. 2
196. 1
197. 1
198. 2
199. 2
200. 2