4218.txt
1. 2
2. 1
3. 0
4. 2
5. 2
6. 1
7. 1
8. 0
9. 4
10. 3
11. 1
12. 1
13. 1
14. 1
15. 2
16. 1
17. 0
18. 1
19. 1
20. 3
21. 2
22. 3
23. 0
24. 0
25. 4
26. 1
27. 6
28. 7
29. 7
30. 1
31. 3
32. 1
33. 1
34. 2
35. 1
36. 1
37. 3
38. 3
39. 3
40. 3
41. 2
42. 1
43. 0
44. 2
45. 3
46. 1
47. 1
48. 4
49. 5
50. 2
51. 2
52. 4
53. 1
54. 1
55. 2
56. 3
57. 0
58. 0
59. 2
60. 1
61. 4
62. 2
63. 7
64. 3
65. 1
66. 1
67. 3
68. 0
69. 3
70. 1
71. 1
72. 2
73. 4
74. 2
75. 2
76. 3
77. 3
78. 2
79. 0
80. 5
81. 1
82. 2
83. 1
84. 3
85. 1
86. 2
87. 2
88. 2
89. 3
90. 3
91. 2
92. 2
93. 1
94. 1
95. 6
96. 1
97. 3
98. 5
99. 3
100. 1
101. 4
102. 1
103. 1
104. 3
105. 1
106. 2
107. 1
108. 2
109. 1
110. 3
111. 1
112. 3
113. 1
114. 2
115. 3
116. 1
117. 2
118. 2
119. 1
120. 1
121. 1
122. 0
123. 4
124. 2
125. 5
126. 1
127. 2
128. 0
129. 4
130. 1
131. 2
132. 3
133. 2
134. 1
135. 0
136. 4
137. 3
138. 2
139. 1
140. 5
141. 1
142. 3
143. 1
144. 2
145. 4
146. 2
147. 1
148. 1
149. 0
150. 1
151. 2
152. 3
153. 1
154. 3
155. 1
156. 3
157. 2
158. 1
159. 0
160. 1
161. 1
162. 1
163. 1
164. 2
165. 1
166. 6
167. 2
168. 1
169. 3
170. 2
171. 2
172. 1
173. 4
174. 2
175. 1
176. 1
177. 3
178. 3
179. 3
180. 2
181. 1
182. 2
183. 1
184. 2
185. 1
186. 2
187. 1
188. 3
189. 2
190. 3
191. 1
192. 4
193. 2
194. 6
195. 4
196. 1
197. 2
198. 4
199. 4
200. 2