422.txt
1. 2
2. 3
3. 1
4. 1
5. 0
6. 2
7. 1
8. 1
9. 0
10. 2
11. 1
12. 4
13. 3
14. 3
15. 4
16. 3
17. 2
18. 1
19. 3
20. 2
21. 2
22. 1
23. 1
24. 2
25. 1
26. 1
27. 1
28. 2
29. 1
30. 2
31. 1
32. 2
33. 2
34. 3
35. 1
36. 2
37. 3
38. 1
39. 1
40. 6
41. 2
42. 3
43. 1
44. 1
45. 2
46. 2
47. 2
48. 5
49. 2
50. 2
51. 1
52. 1
53. 3
54. 1
55. 1
56. 8
57. 3
58. 2
59. 2
60. 1
61. 1
62. 3
63. 2
64. 1
65. 1
66. 3
67. 2
68. 1
69. 1
70. 2
71. 2
72. 2
73. 3
74. 1
75. 3
76. 4
77. 4
78. 2
79. 3
80. 1
81. 2
82. 7
83. 1
84. 2
85. 3
86. 1
87. 1
88. 3
89. 1
90. 1
91. 2
92. 2
93. 4
94. 1
95. 1
96. 1
97. 2
98. 4
99. 2
100. 2
101. 1
102. 1
103. 1
104. 2
105. 1
106. 2
107. 1
108. 2
109. 1
110. 1
111. 1
112. 3
113. 5
114. 2
115. 2
116. 3
117. 1
118. 2
119. 1
120. 1
121. 1
122. 5
123. 1
124. 3
125. 4
126. 1
127. 4
128. 1
129. 2
130. 1
131. 3
132. 1
133. 1
134. 2
135. 3
136. 1
137. 1
138. 2
139. 2
140. 2
141. 2
142. 1
143. 1
144. 1
145. 4
146. 2
147. 2
148. 1
149. 3
150. 3
151. 2
152. 2
153. 3
154. 3
155. 2
156. 1
157. 2
158. 2
159. 2
160. 3
161. 4
162. 2
163. 4
164. 3
165. 1
166. 1
167. 2
168. 2
169. 5
170. 3
171. 2
172. 2
173. 1
174. 4
175. 2
176. 1
177. 7
178. 1
179. 2
180. 2
181. 2
182. 2
183. 4
184. 1
185. 1
186. 1
187. 1
188. 1
189. 1
190. 1
191. 1
192. 2
193. 2
194. 2
195. 1
196. 7
197. 3
198. 2
199. 2
200. 3