4220.txt
1. 2
2. 6
3. 1
4. 0
5. 1
6. 0
7. 1
8. 2
9. 5
10. 1
11. 2
12. 4
13. 0
14. 3
15. 5
16. 2
17. 1
18. 1
19. 1
20. 0
21. 2
22. 1
23. 2
24. 3
25. 2
26. 4
27. 4
28. 2
29. 3
30. 5
31. 3
32. 2
33. 3
34. 1
35. 2
36. 2
37. 2
38. 3
39. 2
40. 2
41. 2
42. 3
43. 2
44. 2
45. 2
46. 1
47. 3
48. 2
49. 3
50. 2
51. 4
52. 2
53. 1
54. 2
55. 1
56. 4
57. 3
58. 1
59. 1
60. 6
61. 1
62. 1
63. 1
64. 2
65. 2
66. 1
67. 2
68. 1
69. 2
70. 2
71. 3
72. 3
73. 1
74. 3
75. 4
76. 5
77. 1
78. 2
79. 3
80. 2
81. 3
82. 1
83. 2
84. 1
85. 1
86. 1
87. 2
88. 2
89. 3
90. 3
91. 2
92. 3
93. 4
94. 2
95. 2
96. 2
97. 3
98. 1
99. 2
100. 2
101. 1
102. 1
103. 3
104. 2
105. 1
106. 1
107. 2
108. 2
109. 1
110. 3
111. 1
112. 2
113. 2
114. 2
115. 3
116. 2
117. 1
118. 1
119. 2
120. 1
121. 1
122. 1
123. 3
124. 2
125. 2
126. 2
127. 1
128. 1
129. 1
130. 2
131. 1
132. 1
133. 2
134. 3
135. 1
136. 1
137. 1
138. 2
139. 3
140. 1
141. 2
142. 3
143. 2
144. 1
145. 2
146. 3
147. 4
148. 2
149. 1
150. 5
151. 2
152. 3
153. 1
154. 2
155. 4
156. 1
157. 1
158. 1
159. 2
160. 3
161. 2
162. 1
163. 2
164. 2
165. 2
166. 1
167. 1
168. 2
169. 1
170. 4
171. 3
172. 2
173. 1
174. 2
175. 1
176. 1
177. 2
178. 1
179. 3
180. 1
181. 3
182. 1
183. 1
184. 3
185. 1
186. 1
187. 3
188. 1
189. 1
190. 1
191. 1
192. 2
193. 1
194. 2
195. 1
196. 2
197. 2
198. 2
199. 1
200. 2