4227.txt
1. 3
2. 4
3. 2
4. 3
5. 3
6. 1
7. 2
8. 2
9. 1
10. 4
11. 7
12. 1
13. 2
14. 1
15. 1
16. 1
17. 2
18. 1
19. 2
20. 2
21. 2
22. 1
23. 2
24. 2
25. 6
26. 3
27. 2
28. 2
29. 3
30. 2
31. 2
32. 1
33. 3
34. 3
35. 2
36. 2
37. 2
38. 3
39. 2
40. 5
41. 5
42. 2
43. 2
44. 1
45. 3
46. 1
47. 1
48. 3
49. 1
50. 2
51. 1
52. 1
53. 2
54. 3
55. 3
56. 4
57. 1
58. 3
59. 2
60. 1
61. 2
62. 3
63. 1
64. 1
65. 2
66. 1
67. 2
68. 2
69. 1
70. 3
71. 4
72. 3
73. 1
74. 2
75. 2
76. 3
77. 2
78. 2
79. 5
80. 3
81. 2
82. 2
83. 1
84. 2
85. 1
86. 1
87. 1
88. 3
89. 2
90. 1
91. 3
92. 1
93. 2
94. 2
95. 2
96. 3
97. 1
98. 1
99. 2
100. 2
101. 2
102. 4
103. 2
104. 1
105. 2
106. 3
107. 1
108. 2
109. 2
110. 5
111. 4
112. 2
113. 2
114. 2
115. 3
116. 1
117. 3
118. 2
119. 1
120. 3
121. 1
122. 1
123. 1
124. 3
125. 2
126. 1
127. 2
128. 3
129. 1
130. 4
131. 1
132. 1
133. 2
134. 2
135. 2
136. 3
137. 1
138. 3
139. 2
140. 1
141. 1
142. 3
143. 2
144. 2
145. 2
146. 1
147. 2
148. 4
149. 2
150. 3
151. 1
152. 3
153. 4
154. 6
155. 2
156. 2
157. 2
158. 2
159. 5
160. 2
161. 3
162. 2
163. 2
164. 2
165. 2
166. 2
167. 1
168. 4
169. 1
170. 4
171. 1
172. 2
173. 4
174. 2
175. 2
176. 3
177. 7
178. 2
179. 2
180. 2
181. 2
182. 1
183. 7
184. 3
185. 2
186. 1
187. 3
188. 2
189. 2
190. 2
191. 1
192. 2
193. 2
194. 1
195. 1
196. 1
197. 2
198. 2
199. 3
200. 3