4234.txt
1. 6
2. 2
3. 8
4. 1
5. 1
6. 2
7. 4
8. 3
9. 1
10. 3
11. 1
12. 4
13. 7
14. 8
15. 1
16. 4
17. 0
18. 4
19. 2
20. 4
21. 5
22. 2
23. 5
24. 3
25. 2
26. 2
27. 3
28. 1
29. 6
30. 2
31. 3
32. 2
33. 5
34. 3
35. 2
36. 3
37. 1
38. 3
39. 2
40. 2
41. 2
42. 3
43. 1
44. 6
45. 2
46. 3
47. 2
48. 3
49. 4
50. 3
51. 1
52. 5
53. 2
54. 3
55. 10
56. 3
57. 2
58. 2
59. 5
60. 3
61. 4
62. 3
63. 2
64. 2
65. 6
66. 4
67. 4
68. 8
69. 6
70. 2
71. 2
72. 4
73. 1
74. 3
75. 5
76. 2
77. 7
78. 2
79. 2
80. 4
81. 1
82. 4
83. 2
84. 4
85. 1
86. 2
87. 3
88. 2
89. 3
90. 4
91. 3
92. 3
93. 5
94. 4
95. 7
96. 3
97. 1
98. 2
99. 3
100. 2
101. 3
102. 3
103. 0
104. 2
105. 4
106. 3
107. 5
108. 2
109. 2
110. 2
111. 3
112. 3
113. 2
114. 2
115. 3
116. 2
117. 3
118. 2
119. 1
120. 1
121. 3
122. 5
123. 2
124. 3
125. 6
126. 3
127. 2
128. 3
129. 2
130. 4
131. 2
132. 1
133. 5
134. 2
135. 3
136. 3
137. 2
138. 2
139. 4
140. 3
141. 2
142. 3
143. 2
144. 4
145. 3
146. 1
147. 4
148. 6
149. 4
150. 6
151. 2
152. 3
153. 2
154. 3
155. 4
156. 6
157. 4
158. 2
159. 4
160. 2
161. 3
162. 2
163. 2
164. 2
165. 4
166. 3
167. 1
168. 2
169. 3
170. 2
171. 3
172. 2
173. 3
174. 4
175. 1
176. 1
177. 3
178. 4
179. 2
180. 3
181. 5
182. 3
183. 2
184. 2
185. 3
186. 4
187. 1
188. 4
189. 4
190. 1
191. 6
192. 2
193. 4
194. 4
195. 2
196. 3
197. 2
198. 1
199. 5
200. 4