4236.txt
1. 3
2. 0
3. 2
4. 0
5. 4
6. 2
7. 1
8. 4
9. 1
10. 3
11. 1
12. 7
13. 2
14. 1
15. 3
16. 1
17. 2
18. 3
19. 1
20. 2
21. 0
22. 2
23. 1
24. 2
25. 4
26. 1
27. 3
28. 4
29. 3
30. 4
31. 3
32. 2
33. 1
34. 2
35. 3
36. 3
37. 1
38. 3
39. 2
40. 5
41. 4
42. 2
43. 2
44. 3
45. 1
46. 1
47. 3
48. 2
49. 1
50. 3
51. 4
52. 6
53. 0
54. 3
55. 2
56. 1
57. 4
58. 2
59. 2
60. 1
61. 1
62. 3
63. 2
64. 1
65. 3
66. 7
67. 2
68. 2
69. 4
70. 1
71. 3
72. 3
73. 1
74. 4
75. 1
76. 2
77. 0
78. 2
79. 1
80. 2
81. 1
82. 3
83. 2
84. 2
85. 2
86. 3
87. 3
88. 1
89. 2
90. 3
91. 2
92. 2
93. 2
94. 3
95. 5
96. 1
97. 2
98. 4
99. 2
100. 1
101. 4
102. 2
103. 4
104. 1
105. 2
106. 1
107. 4
108. 2
109. 1
110. 3
111. 3
112. 1
113. 2
114. 1
115. 3
116. 2
117. 2
118. 1
119. 3
120. 2
121. 2
122. 2
123. 4
124. 5
125. 3
126. 1
127. 2
128. 3
129. 3
130. 2
131. 1
132. 3
133. 2
134. 3
135. 1
136. 2
137. 1
138. 2
139. 2
140. 2
141. 1
142. 1
143. 2
144. 2
145. 4
146. 3
147. 3
148. 8
149. 1
150. 2
151. 4
152. 4
153. 3
154. 2
155. 1
156. 1
157. 1
158. 2
159. 2
160. 5
161. 2
162. 1
163. 4
164. 2
165. 1
166. 1
167. 3
168. 1
169. 2
170. 2
171. 2
172. 2
173. 2
174. 1
175. 2
176. 3
177. 2
178. 1
179. 2
180. 7
181. 1
182. 2
183. 2
184. 2
185. 4
186. 1
187. 1
188. 2
189. 2
190. 1
191. 2
192. 2
193. 2
194. 3
195. 2
196. 2
197. 3
198. 1
199. 2
200. 3