4252.txt
1. 4
2. 2
3. 3
4. 3
5. 1
6. 1
7. 2
8. 0
9. 3
10. 4
11. 2
12. 1
13. 2
14. 1
15. 1
16. 1
17. 2
18. 1
19. 2
20. 7
21. 4
22. 3
23. 2
24. 3
25. 2
26. 1
27. 0
28. 3
29. 3
30. 5
31. 2
32. 1
33. 5
34. 1
35. 2
36. 1
37. 1
38. 5
39. 3
40. 2
41. 2
42. 3
43. 1
44. 1
45. 1
46. 0
47. 4
48. 3
49. 6
50. 2
51. 1
52. 1
53. 2
54. 3
55. 4
56. 1
57. 1
58. 4
59. 2
60. 2
61. 2
62. 2
63. 1
64. 3
65. 1
66. 2
67. 1
68. 2
69. 4
70. 2
71. 2
72. 3
73. 2
74. 4
75. 2
76. 1
77. 3
78. 1
79. 1
80. 2
81. 1
82. 3
83. 3
84. 3
85. 2
86. 2
87. 1
88. 2
89. 1
90. 2
91. 1
92. 3
93. 1
94. 2
95. 2
96. 3
97. 3
98. 2
99. 1
100. 1
101. 3
102. 3
103. 1
104. 2
105. 2
106. 1
107. 2
108. 3
109. 1
110. 1
111. 1
112. 2
113. 3
114. 1
115. 2
116. 2
117. 3
118. 2
119. 1
120. 2
121. 3
122. 2
123. 1
124. 2
125. 3
126. 3
127. 2
128. 2
129. 1
130. 1
131. 2
132. 2
133. 2
134. 2
135. 2
136. 3
137. 1
138. 2
139. 2
140. 1
141. 2
142. 1
143. 2
144. 3
145. 1
146. 1
147. 2
148. 1
149. 3
150. 2
151. 3
152. 1
153. 3
154. 6
155. 3
156. 6
157. 2
158. 2
159. 1
160. 1
161. 1
162. 1
163. 2
164. 2
165. 1
166. 3
167. 2
168. 2
169. 5
170. 1
171. 3
172. 1
173. 2
174. 3
175. 2
176. 2
177. 4
178. 2
179. 2
180. 2
181. 3
182. 1
183. 1
184. 4
185. 2
186. 2
187. 2
188. 2
189. 4
190. 1
191. 1
192. 2
193. 1
194. 1
195. 2
196. 2
197. 2
198. 2
199. 2
200. 1