4256.txt
1. 0
2. 3
3. 2
4. 3
5. 1
6. 0
7. 2
8. 1
9. 2
10. 1
11. 2
12. 1
13. 4
14. 1
15. 3
16. 4
17. 1
18. 3
19. 0
20. 1
21. 1
22. 1
23. 1
24. 2
25. 0
26. 1
27. 1
28. 4
29. 1
30. 2
31. 2
32. 2
33. 1
34. 2
35. 1
36. 2
37. 3
38. 1
39. 2
40. 2
41. 3
42. 1
43. 1
44. 1
45. 3
46. 0
47. 2
48. 2
49. 1
50. 3
51. 2
52. 3
53. 2
54. 2
55. 1
56. 2
57. 2
58. 2
59. 0
60. 1
61. 1
62. 2
63. 2
64. 2
65. 1
66. 2
67. 1
68. 2
69. 2
70. 2
71. 3
72. 2
73. 2
74. 2
75. 2
76. 1
77. 2
78. 5
79. 2
80. 1
81. 0
82. 4
83. 2
84. 3
85. 6
86. 1
87. 1
88. 2
89. 0
90. 3
91. 3
92. 2
93. 2
94. 3
95. 1
96. 2
97. 2
98. 2
99. 3
100. 1
101. 0
102. 0
103. 2
104. 1
105. 2
106. 2
107. 2
108. 1
109. 0
110. 3
111. 2
112. 1
113. 2
114. 3
115. 2
116. 2
117. 2
118. 1
119. 2
120. 2
121. 1
122. 3
123. 2
124. 1
125. 1
126. 1
127. 3
128. 1
129. 1
130. 1
131. 2
132. 3
133. 3
134. 2
135. 2
136. 0
137. 1
138. 2
139. 5
140. 1
141. 1
142. 1
143. 4
144. 0
145. 2
146. 1
147. 2
148. 1
149. 1
150. 2
151. 1
152. 2
153. 2
154. 1
155. 2
156. 1
157. 1
158. 1
159. 1
160. 3
161. 2
162. 1
163. 3
164. 2
165. 2
166. 2
167. 2
168. 1
169. 3
170. 1
171. 1
172. 2
173. 2
174. 2
175. 1
176. 3
177. 2
178. 0
179. 2
180. 3
181. 1
182. 1
183. 3
184. 1
185. 2
186. 2
187. 1
188. 1
189. 3
190. 2
191. 1
192. 0
193. 1
194. 2
195. 2
196. 2
197. 2
198. 3
199. 3
200. 2