4259.txt
1. 9
2. 0
3. 0
4. 0
5. 0
6. 0
7. 2
8. 1
9. 0
10. 0
11. 1
12. 0
13. 3
14. 2
15. 3
16. 0
17. 0
18. 2
19. 0
20. 0
21. 2
22. 0
23. 2
24. 0
25. 0
26. 0
27. 0
28. 2
29. 3
30. 2
31. 2
32. 3
33. 0
34. 2
35. 2
36. 3
37. 2
38. 0
39. 0
40. 2
41. 3
42. 0
43. 2
44. 0
45. 2
46. 2
47. 2
48. 2
49. 0
50. 0
51. 2
52. 0
53. 2
54. 2
55. 0
56. 0
57. 7
58. 3
59. 0
60. 2
61. 2
62. 2
63. 0
64. 2
65. 2
66. 3
67. 3
68. 1
69. 2
70. 0
71. 1
72. 0
73. 0
74. 0
75. 7
76. 2
77. 0
78. 3
79. 0
80. 0
81. 3
82. 4
83. 1
84. 2
85. 0
86. 0
87. 0
88. 0
89. 6
90. 0
91. 0
92. 2
93. 0
94. 0
95. 1
96. 0
97. 0
98. 0
99. 0
100. 0
101. 0
102. 2
103. 0
104. 3
105. 0
106. 0
107. 0
108. 2
109. 0
110. 0
111. 0
112. 0
113. 3
114. 2
115. 2
116. 0
117. 1
118. 3
119. 1
120. 1
121. 2
122. 0
123. 0
124. 2
125. 0
126. 0
127. 0
128. 0
129. 6
130. 0
131. 3
132. 0
133. 0
134. 0
135. 4
136. 0
137. 0
138. 2
139. 6
140. 0
141. 3
142. 0
143. 0
144. 0
145. 0
146. 0
147. 0
148. 1
149. 0
150. 0
151. 0
152. 2
153. 0
154. 0
155. 0
156. 2
157. 2
158. 0
159. 0
160. 3
161. 0
162. 0
163. 0
164. 0
165. 2
166. 3
167. 0
168. 0
169. 2
170. 2
171. 1
172. 2
173. 3
174. 0
175. 2
176. 0
177. 0
178. 0
179. 0
180. 4
181. 0
182. 3
183. 0
184. 0
185. 0
186. 3
187. 0
188. 2
189. 1
190. 2
191. 0
192. 2
193. 0
194. 0
195. 0
196. 3
197. 0
198. 0
199. 0
200. 0