4261.txt
1. 0
2. 2
3. 0
4. 3
5. 2
6. 3
7. 0
8. 2
9. 3
10. 1
11. 0
12. 4
13. 2
14. 0
15. 3
16. 3
17. 2
18. 2
19. 0
20. 0
21. 2
22. 2
23. 2
24. 4
25. 2
26. 2
27. 1
28. 3
29. 3
30. 2
31. 1
32. 1
33. 4
34. 2
35. 1
36. 3
37. 2
38. 3
39. 1
40. 1
41. 2
42. 0
43. 1
44. 1
45. 4
46. 4
47. 3
48. 4
49. 1
50. 1
51. 2
52. 2
53. 4
54. 4
55. 3
56. 1
57. 1
58. 3
59. 0
60. 1
61. 0
62. 2
63. 0
64. 5
65. 2
66. 1
67. 0
68. 1
69. 2
70. 0
71. 2
72. 1
73. 4
74. 2
75. 0
76. 2
77. 0
78. 1
79. 0
80. 2
81. 2
82. 0
83. 2
84. 1
85. 0
86. 3
87. 2
88. 2
89. 3
90. 1
91. 4
92. 2
93. 2
94. 2
95. 0
96. 3
97. 2
98. 2
99. 2
100. 1
101. 3
102. 3
103. 3
104. 2
105. 1
106. 2
107. 0
108. 0
109. 0
110. 1
111. 1
112. 1
113. 3
114. 2
115. 1
116. 0
117. 2
118. 2
119. 6
120. 1
121. 0
122. 1
123. 2
124. 1
125. 1
126. 1
127. 2
128. 1
129. 1
130. 1
131. 2
132. 3
133. 0
134. 1
135. 0
136. 2
137. 1
138. 3
139. 1
140. 1
141. 2
142. 4
143. 1
144. 2
145. 3
146. 3
147. 1
148. 3
149. 0
150. 2
151. 1
152. 1
153. 1
154. 3
155. 2
156. 1
157. 4
158. 0
159. 2
160. 2
161. 5
162. 1
163. 2
164. 3
165. 2
166. 1
167. 1
168. 4
169. 3
170. 1
171. 0
172. 3
173. 1
174. 2
175. 1
176. 1
177. 1
178. 3
179. 1
180. 2
181. 2
182. 2
183. 1
184. 2
185. 1
186. 0
187. 2
188. 2
189. 1
190. 2
191. 2
192. 3
193. 0
194. 1
195. 2
196. 1
197. 1
198. 1
199. 1
200. 2