4267.txt
1. 2
2. 4
3. 2
4. 1
5. 1
6. 1
7. 1
8. 2
9. 2
10. 2
11. 2
12. 1
13. 2
14. 4
15. 2
16. 2
17. 1
18. 4
19. 1
20. 1
21. 2
22. 7
23. 2
24. 2
25. 4
26. 5
27. 2
28. 4
29. 3
30. 1
31. 3
32. 3
33. 2
34. 6
35. 3
36. 3
37. 1
38. 5
39. 2
40. 2
41. 1
42. 4
43. 3
44. 2
45. 5
46. 1
47. 3
48. 2
49. 3
50. 5
51. 2
52. 1
53. 2
54. 2
55. 1
56. 2
57. 3
58. 3
59. 3
60. 1
61. 3
62. 2
63. 2
64. 6
65. 2
66. 2
67. 1
68. 2
69. 3
70. 3
71. 1
72. 3
73. 1
74. 2
75. 2
76. 3
77. 2
78. 5
79. 3
80. 3
81. 4
82. 4
83. 2
84. 3
85. 2
86. 2
87. 1
88. 3
89. 1
90. 2
91. 2
92. 2
93. 4
94. 3
95. 1
96. 5
97. 2
98. 2
99. 2
100. 3
101. 2
102. 4
103. 5
104. 1
105. 2
106. 3
107. 2
108. 2
109. 1
110. 3
111. 3
112. 2
113. 1
114. 6
115. 3
116. 2
117. 2
118. 1
119. 2
120. 4
121. 3
122. 2
123. 1
124. 3
125. 2
126. 1
127. 2
128. 2
129. 1
130. 2
131. 2
132. 4
133. 2
134. 2
135. 2
136. 3
137. 2
138. 2
139. 2
140. 3
141. 2
142. 1
143. 2
144. 3
145. 2
146. 3
147. 6
148. 3
149. 2
150. 2
151. 2
152. 2
153. 3
154. 6
155. 2
156. 1
157. 1
158. 2
159. 3
160. 4
161. 3
162. 3
163. 2
164. 2
165. 3
166. 3
167. 1
168. 2
169. 1
170. 3
171. 2
172. 1
173. 2
174. 2
175. 2
176. 3
177. 3
178. 2
179. 3
180. 2
181. 2
182. 3
183. 2
184. 2
185. 4
186. 2
187. 2
188. 4
189. 1
190. 4
191. 2
192. 2
193. 2
194. 1
195. 1
196. 2
197. 2
198. 4
199. 3
200. 2