4277.txt
1. 2
2. 1
3. 2
4. 3
5. 1
6. 2
7. 4
8. 1
9. 5
10. 2
11. 2
12. 1
13. 4
14. 3
15. 3
16. 3
17. 1
18. 4
19. 2
20. 2
21. 1
22. 3
23. 1
24. 7
25. 4
26. 2
27. 4
28. 2
29. 3
30. 2
31. 2
32. 2
33. 5
34. 2
35. 2
36. 3
37. 4
38. 3
39. 2
40. 1
41. 1
42. 3
43. 2
44. 2
45. 2
46. 3
47. 3
48. 2
49. 3
50. 3
51. 2
52. 3
53. 3
54. 5
55. 2
56. 3
57. 4
58. 2
59. 2
60. 4
61. 3
62. 6
63. 3
64. 2
65. 1
66. 3
67. 2
68. 3
69. 1
70. 3
71. 2
72. 2
73. 3
74. 2
75. 3
76. 1
77. 3
78. 2
79. 3
80. 1
81. 2
82. 3
83. 2
84. 2
85. 3
86. 2
87. 2
88. 3
89. 3
90. 3
91. 2
92. 2
93. 3
94. 3
95. 2
96. 4
97. 2
98. 1
99. 2
100. 3
101. 2
102. 2
103. 3
104. 7
105. 3
106. 2
107. 2
108. 3
109. 3
110. 4
111. 3
112. 3
113. 2
114. 2
115. 1
116. 2
117. 2
118. 2
119. 2
120. 2
121. 1
122. 3
123. 2
124. 3
125. 2
126. 2
127. 1
128. 3
129. 2
130. 3
131. 2
132. 2
133. 1
134. 2
135. 3
136. 2
137. 4
138. 1
139. 2
140. 5
141. 2
142. 1
143. 1
144. 3
145. 3
146. 5
147. 2
148. 2
149. 3
150. 4
151. 5
152. 4
153. 2
154. 6
155. 3
156. 3
157. 1
158. 3
159. 3
160. 4
161. 4
162. 4
163. 4
164. 2
165. 2
166. 1
167. 1
168. 5
169. 1
170. 1
171. 2
172. 1
173. 3
174. 1
175. 1
176. 2
177. 2
178. 2
179. 3
180. 3
181. 2
182. 2
183. 2
184. 3
185. 2
186. 5
187. 4
188. 2
189. 2
190. 3
191. 1
192. 2
193. 3
194. 1
195. 2
196. 2
197. 2
198. 1
199. 2
200. 2