4282.txt
1. 0
2. 3
3. 1
4. 2
5. 2
6. 0
7. 1
8. 1
9. 4
10. 0
11. 0
12. 2
13. 2
14. 0
15. 0
16. 1
17. 0
18. 3
19. 2
20. 0
21. 2
22. 2
23. 4
24. 1
25. 6
26. 7
27. 4
28. 1
29. 2
30. 3
31. 2
32. 3
33. 3
34. 2
35. 2
36. 4
37. 5
38. 1
39. 4
40. 1
41. 1
42. 2
43. 0
44. 4
45. 1
46. 2
47. 3
48. 4
49. 1
50. 1
51. 2
52. 4
53. 2
54. 2
55. 3
56. 2
57. 1
58. 3
59. 2
60. 2
61. 1
62. 3
63. 1
64. 2
65. 1
66. 1
67. 2
68. 4
69. 3
70. 2
71. 3
72. 0
73. 1
74. 1
75. 3
76. 1
77. 2
78. 3
79. 2
80. 2
81. 2
82. 2
83. 3
84. 3
85. 1
86. 1
87. 4
88. 3
89. 2
90. 3
91. 5
92. 1
93. 2
94. 1
95. 7
96. 2
97. 1
98. 1
99. 3
100. 3
101. 1
102. 2
103. 0
104. 2
105. 1
106. 1
107. 1
108. 2
109. 2
110. 2
111. 0
112. 1
113. 3
114. 2
115. 3
116. 2
117. 3
118. 2
119. 3
120. 1
121. 2
122. 1
123. 2
124. 1
125. 3
126. 2
127. 1
128. 0
129. 2
130. 2
131. 2
132. 4
133. 2
134. 2
135. 3
136. 2
137. 1
138. 1
139. 2
140. 1
141. 2
142. 2
143. 3
144. 3
145. 1
146. 4
147. 1
148. 2
149. 2
150. 3
151. 2
152. 1
153. 3
154. 3
155. 2
156. 1
157. 3
158. 1
159. 2
160. 1
161. 3
162. 2
163. 0
164. 1
165. 2
166. 0
167. 2
168. 2
169. 1
170. 3
171. 1
172. 2
173. 4
174. 2
175. 2
176. 1
177. 3
178. 2
179. 2
180. 3
181. 2
182. 2
183. 1
184. 1
185. 2
186. 1
187. 3
188. 3
189. 2
190. 2
191. 1
192. 3
193. 2
194. 1
195. 2
196. 1
197. 1
198. 0
199. 6
200. 2