4300.txt
1. 2
2. 4
3. 4
4. 2
5. 4
6. 5
7. 3
8. 3
9. 1
10. 7
11. 2
12. 4
13. 5
14. 1
15. 3
16. 2
17. 4
18. 4
19. 1
20. 4
21. 1
22. 3
23. 2
24. 1
25. 2
26. 2
27. 3
28. 1
29. 3
30. 3
31. 2
32. 1
33. 4
34. 2
35. 3
36. 7
37. 1
38. 2
39. 1
40. 2
41. 3
42. 5
43. 2
44. 3
45. 2
46. 2
47. 3
48. 1
49. 2
50. 2
51. 4
52. 1
53. 2
54. 3
55. 2
56. 3
57. 2
58. 2
59. 3
60. 4
61. 1
62. 4
63. 1
64. 2
65. 1
66. 1
67. 4
68. 4
69. 3
70. 1
71. 3
72. 2
73. 2
74. 3
75. 5
76. 3
77. 4
78. 6
79. 1
80. 3
81. 2
82. 1
83. 2
84. 2
85. 4
86. 3
87. 5
88. 3
89. 4
90. 2
91. 7
92. 3
93. 2
94. 3
95. 2
96. 1
97. 2
98. 2
99. 2
100. 3
101. 2
102. 7
103. 4
104. 3
105. 3
106. 2
107. 2
108. 3
109. 2
110. 3
111. 1
112. 2
113. 1
114. 3
115. 2
116. 1
117. 2
118. 4
119. 2
120. 2
121. 2
122. 3
123. 2
124. 1
125. 2
126. 2
127. 3
128. 4
129. 2
130. 4
131. 2
132. 6
133. 4
134. 2
135. 3
136. 2
137. 2
138. 2
139. 3
140. 2
141. 2
142. 2
143. 3
144. 4
145. 1
146. 3
147. 1
148. 2
149. 2
150. 2
151. 2
152. 3
153. 4
154. 3
155. 3
156. 2
157. 2
158. 5
159. 3
160. 2
161. 2
162. 2
163. 3
164. 2
165. 2
166. 2
167. 2
168. 1
169. 4
170. 3
171. 2
172. 2
173. 5
174. 2
175. 3
176. 3
177. 5
178. 3
179. 1
180. 3
181. 4
182. 4
183. 3
184. 3
185. 1
186. 3
187. 4
188. 2
189. 3
190. 2
191. 1
192. 2
193. 3
194. 2
195. 3
196. 3
197. 2
198. 2
199. 3
200. 3