431.txt
1. 0
2. 1
3. 4
4. 0
5. 1
6. 0
7. 1
8. 2
9. 3
10. 2
11. 7
12. 1
13. 2
14. 0
15. 2
16. 0
17. 2
18. 2
19. 0
20. 4
21. 0
22. 2
23. 0
24. 3
25. 1
26. 2
27. 0
28. 3
29. 1
30. 1
31. 2
32. 0
33. 2
34. 1
35. 8
36. 1
37. 1
38. 1
39. 1
40. 1
41. 0
42. 1
43. 2
44. 1
45. 1
46. 1
47. 1
48. 1
49. 2
50. 2
51. 1
52. 5
53. 4
54. 3
55. 2
56. 1
57. 0
58. 1
59. 2
60. 1
61. 3
62. 1
63. 1
64. 2
65. 1
66. 0
67. 2
68. 0
69. 3
70. 1
71. 4
72. 1
73. 2
74. 3
75. 2
76. 2
77. 2
78. 1
79. 4
80. 2
81. 2
82. 0
83. 2
84. 0
85. 3
86. 2
87. 1
88. 1
89. 1
90. 3
91. 2
92. 3
93. 1
94. 1
95. 2
96. 0
97. 1
98. 1
99. 1
100. 0
101. 2
102. 2
103. 1
104. 2
105. 2
106. 2
107. 1
108. 3
109. 1
110. 1
111. 1
112. 1
113. 1
114. 3
115. 2
116. 4
117. 5
118. 2
119. 2
120. 2
121. 1
122. 2
123. 4
124. 2
125. 2
126. 1
127. 2
128. 1
129. 1
130. 3
131. 0
132. 1
133. 2
134. 1
135. 2
136. 2
137. 2
138. 1
139. 1
140. 1
141. 2
142. 2
143. 0
144. 2
145. 3
146. 3
147. 0
148. 2
149. 2
150. 1
151. 3
152. 2
153. 1
154. 2
155. 1
156. 3
157. 1
158. 1
159. 3
160. 1
161. 2
162. 1
163. 4
164. 3
165. 3
166. 1
167. 1
168. 3
169. 1
170. 4
171. 0
172. 2
173. 3
174. 2
175. 3
176. 1
177. 2
178. 2
179. 2
180. 1
181. 2
182. 1
183. 1
184. 0
185. 2
186. 1
187. 2
188. 1
189. 2
190. 3
191. 1
192. 2
193. 1
194. 1
195. 2
196. 2
197. 3
198. 0
199. 2
200. 2