4316.txt
1. 0
2. 2
3. 1
4. 0
5. 1
6. 3
7. 2
8. 0
9. 2
10. 7
11. 0
12. 1
13. 3
14. 0
15. 0
16. 1
17. 0
18. 1
19. 1
20. 4
21. 2
22. 2
23. 6
24. 0
25. 1
26. 2
27. 3
28. 3
29. 0
30. 3
31. 0
32. 2
33. 4
34. 0
35. 0
36. 0
37. 2
38. 0
39. 0
40. 3
41. 2
42. 2
43. 1
44. 0
45. 0
46. 3
47. 2
48. 2
49. 3
50. 1
51. 1
52. 1
53. 0
54. 3
55. 0
56. 0
57. 3
58. 1
59. 0
60. 0
61. 0
62. 2
63. 1
64. 3
65. 2
66. 6
67. 0
68. 2
69. 3
70. 4
71. 2
72. 0
73. 1
74. 0
75. 1
76. 1
77. 0
78. 0
79. 2
80. 2
81. 1
82. 3
83. 0
84. 1
85. 0
86. 0
87. 2
88. 0
89. 7
90. 1
91. 1
92. 0
93. 0
94. 1
95. 2
96. 3
97. 2
98. 2
99. 0
100. 5
101. 1
102. 3
103. 2
104. 0
105. 3
106. 0
107. 0
108. 0
109. 4
110. 0
111. 4
112. 2
113. 2
114. 1
115. 0
116. 0
117. 3
118. 0
119. 3
120. 3
121. 0
122. 0
123. 2
124. 2
125. 2
126. 1
127. 1
128. 0
129. 0
130. 1
131. 2
132. 0
133. 2
134. 0
135. 0
136. 1
137. 2
138. 0
139. 0
140. 1
141. 0
142. 1
143. 0
144. 2
145. 2
146. 0
147. 0
148. 0
149. 2
150. 3
151. 0
152. 0
153. 2
154. 2
155. 0
156. 0
157. 0
158. 1
159. 1
160. 0
161. 0
162. 1
163. 0
164. 0
165. 0
166. 0
167. 0
168. 0
169. 3
170. 5
171. 2
172. 0
173. 2
174. 2
175. 0
176. 3
177. 2
178. 2
179. 2
180. 2
181. 0
182. 1
183. 1
184. 1
185. 1
186. 0
187. 0
188. 0
189. 2
190. 1
191. 2
192. 0
193. 1
194. 1
195. 1
196. 2
197. 2
198. 0
199. 2
200. 0