4324.txt
1. 2
2. 3
3. 3
4. 1
5. 1
6. 1
7. 1
8. 6
9. 3
10. 2
11. 2
12. 2
13. 2
14. 0
15. 3
16. 1
17. 2
18. 8
19. 1
20. 2
21. 2
22. 2
23. 1
24. 3
25. 1
26. 1
27. 1
28. 2
29. 3
30. 2
31. 3
32. 1
33. 2
34. 2
35. 3
36. 3
37. 2
38. 4
39. 1
40. 3
41. 2
42. 2
43. 2
44. 1
45. 2
46. 2
47. 1
48. 4
49. 2
50. 1
51. 3
52. 1
53. 3
54. 1
55. 1
56. 1
57. 4
58. 3
59. 2
60. 2
61. 2
62. 4
63. 2
64. 1
65. 2
66. 1
67. 2
68. 2
69. 1
70. 3
71. 2
72. 2
73. 4
74. 2
75. 2
76. 2
77. 2
78. 3
79. 2
80. 1
81. 2
82. 5
83. 2
84. 2
85. 3
86. 3
87. 2
88. 2
89. 1
90. 2
91. 4
92. 2
93. 2
94. 2
95. 2
96. 3
97. 2
98. 1
99. 2
100. 3
101. 2
102. 2
103. 3
104. 3
105. 1
106. 3
107. 1
108. 1
109. 2
110. 3
111. 3
112. 2
113. 2
114. 1
115. 3
116. 2
117. 3
118. 2
119. 3
120. 2
121. 2
122. 2
123. 2
124. 2
125. 1
126. 3
127. 2
128. 3
129. 3
130. 3
131. 2
132. 1
133. 3
134. 1
135. 2
136. 1
137. 4
138. 2
139. 2
140. 4
141. 2
142. 6
143. 2
144. 3
145. 3
146. 2
147. 2
148. 2
149. 2
150. 3
151. 1
152. 3
153. 1
154. 2
155. 1
156. 2
157. 3
158. 2
159. 3
160. 3
161. 1
162. 2
163. 4
164. 2
165. 3
166. 2
167. 2
168. 3
169. 1
170. 5
171. 2
172. 3
173. 2
174. 2
175. 1
176. 2
177. 2
178. 2
179. 1
180. 2
181. 1
182. 3
183. 2
184. 3
185. 3
186. 2
187. 2
188. 2
189. 7
190. 4
191. 1
192. 1
193. 1
194. 2
195. 2
196. 2
197. 2
198. 3
199. 3
200. 2