4339.txt
1. 3
2. 1
3. 6
4. 0
5. 0
6. 1
7. 0
8. 2
9. 1
10. 0
11. 1
12. 0
13. 3
14. 0
15. 2
16. 0
17. 4
18. 2
19. 2
20. 0
21. 3
22. 0
23. 1
24. 1
25. 2
26. 4
27. 1
28. 0
29. 2
30. 4
31. 0
32. 2
33. 3
34. 0
35. 2
36. 1
37. 1
38. 1
39. 2
40. 0
41. 2
42. 1
43. 2
44. 2
45. 1
46. 1
47. 1
48. 4
49. 2
50. 3
51. 2
52. 0
53. 2
54. 0
55. 3
56. 3
57. 2
58. 1
59. 1
60. 4
61. 2
62. 0
63. 2
64. 2
65. 2
66. 1
67. 2
68. 2
69. 3
70. 3
71. 2
72. 3
73. 1
74. 0
75. 1
76. 0
77. 2
78. 2
79. 0
80. 4
81. 2
82. 3
83. 3
84. 1
85. 0
86. 1
87. 0
88. 0
89. 5
90. 4
91. 1
92. 3
93. 0
94. 1
95. 1
96. 2
97. 8
98. 6
99. 0
100. 0
101. 0
102. 1
103. 2
104. 1
105. 1
106. 0
107. 3
108. 2
109. 2
110. 2
111. 1
112. 4
113. 1
114. 3
115. 0
116. 2
117. 2
118. 1
119. 4
120. 1
121. 0
122. 2
123. 2
124. 2
125. 3
126. 1
127. 1
128. 1
129. 1
130. 2
131. 1
132. 1
133. 2
134. 1
135. 5
136. 1
137. 3
138. 2
139. 0
140. 2
141. 2
142. 0
143. 2
144. 1
145. 1
146. 3
147. 1
148. 0
149. 0
150. 4
151. 2
152. 0
153. 0
154. 4
155. 1
156. 5
157. 3
158. 2
159. 0
160. 1
161. 0
162. 2
163. 4
164. 0
165. 0
166. 2
167. 3
168. 2
169. 7
170. 3
171. 2
172. 2
173. 3
174. 1
175. 1
176. 6
177. 2
178. 3
179. 3
180. 4
181. 5
182. 2
183. 5
184. 0
185. 1
186. 2
187. 2
188. 1
189. 2
190. 1
191. 3
192. 3
193. 4
194. 3
195. 3
196. 1
197. 0
198. 1
199. 4
200. 2