4348.txt
1. 2
2. 1
3. 2
4. 3
5. 1
6. 2
7. 4
8. 2
9. 3
10. 1
11. 2
12. 3
13. 3
14. 2
15. 2
16. 2
17. 2
18. 3
19. 1
20. 3
21. 4
22. 6
23. 1
24. 2
25. 4
26. 1
27. 1
28. 5
29. 2
30. 2
31. 4
32. 3
33. 3
34. 3
35. 2
36. 3
37. 3
38. 5
39. 3
40. 2
41. 2
42. 1
43. 3
44. 4
45. 2
46. 2
47. 3
48. 2
49. 2
50. 2
51. 2
52. 2
53. 3
54. 3
55. 3
56. 2
57. 2
58. 2
59. 7
60. 3
61. 2
62. 3
63. 2
64. 3
65. 1
66. 2
67. 2
68. 3
69. 3
70. 2
71. 2
72. 4
73. 2
74. 4
75. 3
76. 2
77. 3
78. 3
79. 2
80. 3
81. 2
82. 2
83. 4
84. 1
85. 1
86. 2
87. 3
88. 3
89. 2
90. 4
91. 2
92. 2
93. 1
94. 2
95. 1
96. 2
97. 2
98. 1
99. 4
100. 4
101. 2
102. 3
103. 5
104. 1
105. 1
106. 2
107. 2
108. 2
109. 3
110. 7
111. 2
112. 3
113. 4
114. 1
115. 4
116. 2
117. 3
118. 1
119. 4
120. 2
121. 4
122. 2
123. 3
124. 2
125. 3
126. 1
127. 1
128. 2
129. 2
130. 3
131. 1
132. 7
133. 2
134. 3
135. 1
136. 1
137. 2
138. 2
139. 4
140. 2
141. 2
142. 5
143. 2
144. 2
145. 2
146. 2
147. 2
148. 3
149. 2
150. 3
151. 6
152. 3
153. 1
154. 2
155. 2
156. 3
157. 1
158. 4
159. 3
160. 2
161. 3
162. 1
163. 4
164. 5
165. 2
166. 5
167. 2
168. 2
169. 3
170. 2
171. 1
172. 2
173. 3
174. 2
175. 2
176. 3
177. 2
178. 2
179. 1
180. 3
181. 3
182. 3
183. 1
184. 2
185. 4
186. 2
187. 2
188. 2
189. 4
190. 1
191. 2
192. 2
193. 1
194. 2
195. 2
196. 2
197. 1
198. 6
199. 3
200. 5