4363.txt
1. 6
2. 2
3. 7
4. 1
5. 2
6. 2
7. 3
8. 1
9. 5
10. 4
11. 1
12. 6
13. 2
14. 1
15. 3
16. 4
17. 2
18. 4
19. 2
20. 4
21. 3
22. 2
23. 1
24. 2
25. 5
26. 4
27. 7
28. 2
29. 2
30. 2
31. 1
32. 3
33. 2
34. 4
35. 3
36. 3
37. 1
38. 2
39. 3
40. 5
41. 2
42. 3
43. 3
44. 4
45. 2
46. 5
47. 4
48. 3
49. 8
50. 2
51. 3
52. 4
53. 6
54. 5
55. 4
56. 2
57. 4
58. 3
59. 4
60. 3
61. 2
62. 2
63. 4
64. 2
65. 5
66. 3
67. 2
68. 4
69. 6
70. 3
71. 2
72. 3
73. 2
74. 2
75. 2
76. 3
77. 4
78. 1
79. 2
80. 1
81. 2
82. 2
83. 3
84. 2
85. 3
86. 4
87. 3
88. 2
89. 5
90. 2
91. 3
92. 5
93. 3
94. 2
95. 4
96. 4
97. 3
98. 2
99. 5
100. 5
101. 4
102. 3
103. 3
104. 4
105. 3
106. 2
107. 3
108. 1
109. 3
110. 3
111. 2
112. 2
113. 2
114. 4
115. 3
116. 2
117. 4
118. 3
119. 4
120. 4
121. 4
122. 2
123. 2
124. 5
125. 5
126. 4
127. 2
128. 2
129. 4
130. 3
131. 2
132. 4
133. 3
134. 6
135. 3
136. 2
137. 2
138. 3
139. 3
140. 5
141. 2
142. 3
143. 4
144. 4
145. 2
146. 3
147. 3
148. 4
149. 5
150. 2
151. 5
152. 3
153. 4
154. 2
155. 6
156. 2
157. 3
158. 7
159. 2
160. 4
161. 3
162. 2
163. 3
164. 5
165. 2
166. 3
167. 2
168. 3
169. 4
170. 2
171. 3
172. 4
173. 2
174. 6
175. 3
176. 5
177. 2
178. 3
179. 3
180. 2
181. 2
182. 3
183. 4
184. 2
185. 2
186. 3
187. 2
188. 4
189. 3
190. 2
191. 4
192. 2
193. 3
194. 4
195. 5
196. 4
197. 2
198. 3
199. 2
200. 3