4365.txt
1. 2
2. 1
3. 3
4. 4
5. 1
6. 1
7. 5
8. 2
9. 1
10. 3
11. 3
12. 4
13. 1
14. 2
15. 1
16. 1
17. 2
18. 2
19. 4
20. 3
21. 2
22. 2
23. 1
24. 1
25. 2
26. 2
27. 1
28. 7
29. 3
30. 3
31. 2
32. 6
33. 2
34. 1
35. 3
36. 2
37. 1
38. 2
39. 2
40. 1
41. 1
42. 2
43. 8
44. 1
45. 2
46. 2
47. 1
48. 1
49. 2
50. 5
51. 1
52. 2
53. 2
54. 1
55. 2
56. 2
57. 2
58. 2
59. 1
60. 2
61. 1
62. 1
63. 1
64. 2
65. 2
66. 1
67. 1
68. 3
69. 1
70. 3
71. 3
72. 2
73. 2
74. 2
75. 3
76. 1
77. 3
78. 3
79. 2
80. 2
81. 3
82. 2
83. 1
84. 1
85. 2
86. 1
87. 4
88. 1
89. 2
90. 3
91. 2
92. 1
93. 3
94. 3
95. 2
96. 3
97. 2
98. 3
99. 1
100. 2
101. 1
102. 2
103. 1
104. 1
105. 1
106. 3
107. 2
108. 2
109. 5
110. 2
111. 2
112. 2
113. 3
114. 2
115. 1
116. 1
117. 1
118. 3
119. 1
120. 2
121. 1
122. 1
123. 1
124. 3
125. 3
126. 1
127. 2
128. 1
129. 1
130. 1
131. 3
132. 2
133. 3
134. 1
135. 2
136. 2
137. 3
138. 2
139. 1
140. 4
141. 1
142. 1
143. 1
144. 3
145. 1
146. 1
147. 4
148. 2
149. 2
150. 1
151. 1
152. 2
153. 2
154. 1
155. 2
156. 3
157. 2
158. 2
159. 1
160. 2
161. 3
162. 1
163. 1
164. 2
165. 2
166. 3
167. 1
168. 2
169. 2
170. 6
171. 2
172. 5
173. 2
174. 1
175. 2
176. 1
177. 2
178. 3
179. 2
180. 2
181. 2
182. 1
183. 2
184. 5
185. 1
186. 1
187. 3
188. 3
189. 2
190. 1
191. 1
192. 1
193. 2
194. 2
195. 2
196. 2
197. 2
198. 1
199. 3
200. 1