4366.txt
1. 3
2. 0
3. 1
4. 2
5. 2
6. 3
7. 2
8. 1
9. 1
10. 1
11. 1
12. 3
13. 2
14. 0
15. 3
16. 5
17. 2
18. 2
19. 2
20. 1
21. 2
22. 2
23. 1
24. 6
25. 2
26. 3
27. 3
28. 2
29. 3
30. 2
31. 3
32. 1
33. 1
34. 2
35. 1
36. 5
37. 3
38. 3
39. 4
40. 2
41. 1
42. 2
43. 1
44. 1
45. 4
46. 2
47. 1
48. 2
49. 3
50. 1
51. 2
52. 2
53. 1
54. 3
55. 2
56. 2
57. 1
58. 1
59. 2
60. 3
61. 2
62. 2
63. 2
64. 2
65. 2
66. 2
67. 3
68. 3
69. 2
70. 2
71. 3
72. 1
73. 2
74. 1
75. 5
76. 1
77. 1
78. 2
79. 7
80. 2
81. 2
82. 1
83. 1
84. 1
85. 2
86. 3
87. 1
88. 3
89. 2
90. 2
91. 3
92. 3
93. 1
94. 3
95. 1
96. 3
97. 1
98. 2
99. 2
100. 1
101. 3
102. 1
103. 3
104. 3
105. 3
106. 1
107. 4
108. 2
109. 1
110. 3
111. 2
112. 1
113. 2
114. 2
115. 2
116. 1
117. 2
118. 2
119. 2
120. 2
121. 4
122. 1
123. 2
124. 2
125. 2
126. 3
127. 1
128. 2
129. 2
130. 1
131. 2
132. 10
133. 2
134. 1
135. 3
136. 2
137. 1
138. 1
139. 2
140. 2
141. 2
142. 3
143. 1
144. 2
145. 2
146. 3
147. 2
148. 1
149. 1
150. 2
151. 2
152. 1
153. 3
154. 1
155. 3
156. 2
157. 5
158. 2
159. 2
160. 2
161. 2
162. 2
163. 1
164. 3
165. 3
166. 2
167. 1
168. 4
169. 2
170. 3
171. 2
172. 1
173. 4
174. 1
175. 2
176. 2
177. 2
178. 2
179. 2
180. 3
181. 3
182. 5
183. 2
184. 2
185. 3
186. 2
187. 2
188. 2
189. 2
190. 2
191. 1
192. 1
193. 3
194. 2
195. 2
196. 4
197. 2
198. 2
199. 3
200. 2