4379.txt
1. 2
2. 3
3. 1
4. 0
5. 2
6. 8
7. 3
8. 1
9. 2
10. 1
11. 1
12. 2
13. 2
14. 3
15. 2
16. 4
17. 3
18. 5
19. 2
20. 1
21. 2
22. 3
23. 1
24. 2
25. 3
26. 2
27. 3
28. 2
29. 1
30. 5
31. 3
32. 1
33. 4
34. 1
35. 1
36. 2
37. 1
38. 2
39. 1
40. 5
41. 2
42. 4
43. 2
44. 1
45. 2
46. 2
47. 1
48. 2
49. 1
50. 4
51. 2
52. 2
53. 2
54. 2
55. 1
56. 7
57. 2
58. 4
59. 2
60. 2
61. 2
62. 2
63. 2
64. 4
65. 3
66. 3
67. 3
68. 2
69. 2
70. 2
71. 2
72. 2
73. 1
74. 2
75. 1
76. 1
77. 1
78. 0
79. 1
80. 3
81. 2
82. 1
83. 1
84. 2
85. 3
86. 1
87. 3
88. 2
89. 2
90. 2
91. 2
92. 2
93. 1
94. 1
95. 1
96. 1
97. 1
98. 1
99. 3
100. 2
101. 1
102. 1
103. 2
104. 1
105. 2
106. 1
107. 3
108. 2
109. 2
110. 1
111. 2
112. 2
113. 2
114. 2
115. 2
116. 2
117. 1
118. 2
119. 1
120. 1
121. 1
122. 1
123. 1
124. 4
125. 2
126. 2
127. 2
128. 2
129. 2
130. 4
131. 1
132. 2
133. 2
134. 2
135. 2
136. 4
137. 2
138. 1
139. 1
140. 2
141. 2
142. 1
143. 1
144. 2
145. 2
146. 2
147. 2
148. 6
149. 3
150. 5
151. 3
152. 2
153. 1
154. 3
155. 3
156. 7
157. 1
158. 2
159. 2
160. 2
161. 1
162. 3
163. 1
164. 2
165. 2
166. 1
167. 2
168. 2
169. 2
170. 2
171. 1
172. 2
173. 2
174. 2
175. 1
176. 4
177. 2
178. 3
179. 2
180. 5
181. 1
182. 1
183. 1
184. 3
185. 2
186. 2
187. 1
188. 2
189. 2
190. 3
191. 1
192. 3
193. 3
194. 1
195. 5
196. 2
197. 2
198. 2
199. 3
200. 1