4393.txt
1. 2
2. 0
3. 0
4. 4
5. 2
6. 3
7. 3
8. 3
9. 2
10. 3
11. 0
12. 1
13. 1
14. 0
15. 3
16. 1
17. 2
18. 5
19. 3
20. 1
21. 2
22. 1
23. 2
24. 3
25. 3
26. 3
27. 4
28. 0
29. 2
30. 2
31. 2
32. 0
33. 2
34. 1
35. 6
36. 1
37. 1
38. 3
39. 0
40. 3
41. 1
42. 0
43. 4
44. 1
45. 1
46. 4
47. 1
48. 1
49. 1
50. 2
51. 0
52. 2
53. 1
54. 1
55. 0
56. 5
57. 4
58. 2
59. 1
60. 2
61. 1
62. 3
63. 2
64. 1
65. 1
66. 1
67. 2
68. 2
69. 0
70. 1
71. 1
72. 2
73. 2
74. 3
75. 0
76. 0
77. 2
78. 2
79. 2
80. 0
81. 2
82. 5
83. 1
84. 2
85. 2
86. 3
87. 1
88. 1
89. 2
90. 0
91. 3
92. 3
93. 1
94. 2
95. 3
96. 2
97. 2
98. 2
99. 3
100. 3
101. 1
102. 3
103. 3
104. 2
105. 2
106. 2
107. 2
108. 2
109. 2
110. 4
111. 1
112. 1
113. 1
114. 4
115. 1
116. 2
117. 3
118. 3
119. 4
120. 5
121. 1
122. 2
123. 3
124. 3
125. 0
126. 2
127. 2
128. 2
129. 2
130. 2
131. 2
132. 2
133. 2
134. 2
135. 3
136. 1
137. 3
138. 0
139. 1
140. 0
141. 3
142. 1
143. 4
144. 2
145. 1
146. 2
147. 2
148. 3
149. 1
150. 2
151. 1
152. 3
153. 5
154. 1
155. 0
156. 2
157. 3
158. 3
159. 2
160. 4
161. 2
162. 2
163. 3
164. 2
165. 3
166. 2
167. 1
168. 1
169. 2
170. 2
171. 2
172. 0
173. 2
174. 0
175. 2
176. 2
177. 1
178. 4
179. 2
180. 2
181. 2
182. 2
183. 1
184. 3
185. 2
186. 1
187. 2
188. 3
189. 2
190. 4
191. 2
192. 0
193. 1
194. 1
195. 3
196. 1
197. 1
198. 2
199. 0
200. 2