4395.txt
1. 0
2. 3
3. 0
4. 2
5. 1
6. 0
7. 3
8. 2
9. 1
10. 2
11. 1
12. 0
13. 2
14. 1
15. 2
16. 0
17. 1
18. 0
19. 1
20. 2
21. 4
22. 1
23. 3
24. 5
25. 0
26. 3
27. 4
28. 0
29. 7
30. 2
31. 5
32. 4
33. 1
34. 1
35. 1
36. 3
37. 4
38. 2
39. 2
40. 1
41. 2
42. 1
43. 2
44. 0
45. 1
46. 1
47. 1
48. 1
49. 1
50. 1
51. 2
52. 4
53. 5
54. 2
55. 1
56. 3
57. 2
58. 1
59. 0
60. 2
61. 0
62. 3
63. 2
64. 1
65. 3
66. 0
67. 3
68. 3
69. 1
70. 3
71. 1
72. 1
73. 4
74. 0
75. 0
76. 8
77. 2
78. 2
79. 2
80. 1
81. 1
82. 2
83. 3
84. 3
85. 1
86. 2
87. 1
88. 2
89. 2
90. 2
91. 1
92. 1
93. 0
94. 2
95. 0
96. 1
97. 0
98. 0
99. 2
100. 0
101. 2
102. 1
103. 2
104. 1
105. 2
106. 1
107. 3
108. 0
109. 1
110. 2
111. 1
112. 1
113. 1
114. 3
115. 2
116. 1
117. 1
118. 0
119. 4
120. 1
121. 1
122. 1
123. 2
124. 0
125. 1
126. 1
127. 2
128. 2
129. 0
130. 7
131. 2
132. 6
133. 2
134. 1
135. 2
136. 1
137. 1
138. 0
139. 0
140. 1
141. 2
142. 1
143. 1
144. 2
145. 2
146. 1
147. 1
148. 2
149. 3
150. 1
151. 0
152. 2
153. 1
154. 3
155. 1
156. 0
157. 1
158. 1
159. 2
160. 1
161. 1
162. 2
163. 0
164. 3
165. 2
166. 3
167. 1
168. 3
169. 2
170. 1
171. 2
172. 4
173. 0
174. 3
175. 1
176. 1
177. 1
178. 0
179. 2
180. 3
181. 0
182. 3
183. 1
184. 2
185. 2
186. 2
187. 2
188. 2
189. 2
190. 1
191. 2
192. 0
193. 1
194. 2
195. 1
196. 0
197. 1
198. 1
199. 1
200. 5