4400.txt
1. 3
2. 1
3. 1
4. 4
5. 2
6. 3
7. 1
8. 4
9. 3
10. 4
11. 3
12. 1
13. 2
14. 1
15. 2
16. 1
17. 3
18. 1
19. 2
20. 2
21. 1
22. 2
23. 2
24. 4
25. 3
26. 4
27. 1
28. 2
29. 2
30. 3
31. 2
32. 2
33. 2
34. 1
35. 2
36. 4
37. 2
38. 2
39. 3
40. 5
41. 2
42. 8
43. 3
44. 5
45. 1
46. 2
47. 2
48. 2
49. 1
50. 2
51. 1
52. 4
53. 1
54. 3
55. 4
56. 3
57. 4
58. 2
59. 3
60. 1
61. 1
62. 2
63. 0
64. 2
65. 1
66. 3
67. 2
68. 2
69. 1
70. 2
71. 3
72. 5
73. 2
74. 2
75. 3
76. 3
77. 3
78. 1
79. 1
80. 2
81. 1
82. 2
83. 1
84. 6
85. 2
86. 1
87. 1
88. 2
89. 3
90. 2
91. 3
92. 2
93. 1
94. 1
95. 5
96. 4
97. 1
98. 1
99. 2
100. 2
101. 3
102. 2
103. 1
104. 2
105. 4
106. 4
107. 1
108. 4
109. 1
110. 1
111. 2
112. 2
113. 2
114. 1
115. 2
116. 4
117. 4
118. 3
119. 3
120. 2
121. 3
122. 4
123. 3
124. 2
125. 1
126. 2
127. 3
128. 3
129. 2
130. 5
131. 1
132. 2
133. 1
134. 3
135. 2
136. 1
137. 1
138. 3
139. 1
140. 2
141. 2
142. 1
143. 5
144. 3
145. 1
146. 2
147. 2
148. 3
149. 3
150. 2
151. 2
152. 2
153. 3
154. 2
155. 1
156. 5
157. 4
158. 4
159. 3
160. 2
161. 2
162. 2
163. 2
164. 2
165. 3
166. 2
167. 2
168. 1
169. 3
170. 2
171. 2
172. 1
173. 2
174. 1
175. 3
176. 4
177. 1
178. 2
179. 2
180. 2
181. 6
182. 2
183. 4
184. 2
185. 4
186. 2
187. 2
188. 3
189. 2
190. 3
191. 1
192. 2
193. 2
194. 3
195. 1
196. 2
197. 2
198. 3
199. 4
200. 2