442.txt
1. 2
2. 1
3. 1
4. 1
5. 2
6. 1
7. 3
8. 3
9. 2
10. 3
11. 4
12. 3
13. 2
14. 4
15. 4
16. 3
17. 1
18. 2
19. 3
20. 1
21. 2
22. 5
23. 3
24. 3
25. 1
26. 3
27. 2
28. 2
29. 3
30. 2
31. 3
32. 3
33. 3
34. 2
35. 4
36. 2
37. 2
38. 2
39. 3
40. 3
41. 3
42. 4
43. 3
44. 2
45. 2
46. 4
47. 1
48. 2
49. 2
50. 4
51. 3
52. 2
53. 3
54. 2
55. 3
56. 2
57. 2
58. 3
59. 3
60. 4
61. 3
62. 2
63. 1
64. 2
65. 3
66. 4
67. 3
68. 2
69. 3
70. 2
71. 2
72. 3
73. 1
74. 2
75. 3
76. 4
77. 2
78. 2
79. 2
80. 2
81. 3
82. 3
83. 2
84. 3
85. 3
86. 2
87. 2
88. 5
89. 3
90. 3
91. 2
92. 1
93. 3
94. 3
95. 3
96. 3
97. 3
98. 4
99. 2
100. 2
101. 2
102. 2
103. 2
104. 3
105. 2
106. 3
107. 5
108. 3
109. 6
110. 2
111. 3
112. 2
113. 4
114. 2
115. 2
116. 3
117. 2
118. 3
119. 3
120. 3
121. 3
122. 3
123. 4
124. 3
125. 4
126. 2
127. 2
128. 3
129. 7
130. 2
131. 2
132. 3
133. 2
134. 3
135. 2
136. 2
137. 2
138. 2
139. 3
140. 2
141. 4
142. 2
143. 3
144. 2
145. 2
146. 2
147. 3
148. 2
149. 2
150. 5
151. 3
152. 5
153. 3
154. 2
155. 2
156. 5
157. 2
158. 2
159. 2
160. 6
161. 2
162. 2
163. 2
164. 2
165. 3
166. 2
167. 3
168. 3
169. 2
170. 3
171. 2
172. 2
173. 2
174. 3
175. 2
176. 2
177. 2
178. 3
179. 2
180. 2
181. 1
182. 3
183. 5
184. 4
185. 3
186. 4
187. 2
188. 3
189. 2
190. 4
191. 2
192. 3
193. 3
194. 2
195. 2
196. 3
197. 3
198. 2
199. 2
200. 4