4423.txt
1. 0
2. 3
3. 2
4. 2
5. 1
6. 2
7. 1
8. 1
9. 2
10. 2
11. 3
12. 2
13. 4
14. 1
15. 2
16. 2
17. 2
18. 0
19. 1
20. 0
21. 1
22. 4
23. 4
24. 3
25. 1
26. 1
27. 1
28. 1
29. 6
30. 1
31. 2
32. 3
33. 1
34. 4
35. 3
36. 1
37. 1
38. 3
39. 2
40. 0
41. 2
42. 2
43. 1
44. 3
45. 1
46. 1
47. 2
48. 2
49. 2
50. 1
51. 2
52. 1
53. 2
54. 5
55. 2
56. 1
57. 2
58. 1
59. 1
60. 2
61. 1
62. 1
63. 1
64. 3
65. 2
66. 3
67. 1
68. 1
69. 2
70. 2
71. 1
72. 1
73. 2
74. 3
75. 1
76. 2
77. 1
78. 2
79. 3
80. 1
81. 1
82. 3
83. 1
84. 2
85. 2
86. 1
87. 1
88. 2
89. 2
90. 2
91. 1
92. 1
93. 1
94. 1
95. 2
96. 1
97. 2
98. 2
99. 2
100. 2
101. 1
102. 2
103. 2
104. 1
105. 3
106. 2
107. 3
108. 2
109. 2
110. 1
111. 2
112. 2
113. 2
114. 3
115. 1
116. 1
117. 2
118. 1
119. 2
120. 2
121. 2
122. 2
123. 1
124. 3
125. 2
126. 1
127. 2
128. 0
129. 1
130. 3
131. 3
132. 4
133. 2
134. 2
135. 1
136. 2
137. 2
138. 2
139. 1
140. 2
141. 3
142. 3
143. 1
144. 2
145. 2
146. 1
147. 3
148. 3
149. 1
150. 1
151. 2
152. 2
153. 3
154. 2
155. 3
156. 2
157. 1
158. 2
159. 3
160. 2
161. 2
162. 1
163. 1
164. 2
165. 1
166. 1
167. 2
168. 1
169. 2
170. 1
171. 2
172. 1
173. 2
174. 2
175. 1
176. 2
177. 3
178. 3
179. 2
180. 2
181. 2
182. 1
183. 0
184. 1
185. 2
186. 3
187. 1
188. 2
189. 1
190. 2
191. 1
192. 2
193. 2
194. 2
195. 2
196. 1
197. 1
198. 2
199. 1
200. 2