4425.txt
1. 0
2. 1
3. 3
4. 1
5. 2
6. 0
7. 1
8. 2
9. 3
10. 1
11. 3
12. 2
13. 1
14. 1
15. 4
16. 1
17. 2
18. 3
19. 3
20. 1
21. 1
22. 2
23. 4
24. 1
25. 0
26. 1
27. 3
28. 0
29. 1
30. 1
31. 4
32. 3
33. 1
34. 2
35. 2
36. 4
37. 1
38. 2
39. 2
40. 4
41. 3
42. 1
43. 2
44. 5
45. 2
46. 2
47. 1
48. 1
49. 1
50. 1
51. 1
52. 1
53. 2
54. 1
55. 2
56. 3
57. 1
58. 2
59. 2
60. 1
61. 6
62. 0
63. 1
64. 1
65. 1
66. 0
67. 3
68. 2
69. 2
70. 3
71. 1
72. 2
73. 0
74. 3
75. 2
76. 1
77. 0
78. 2
79. 2
80. 5
81. 1
82. 0
83. 2
84. 1
85. 4
86. 2
87. 2
88. 1
89. 3
90. 0
91. 2
92. 5
93. 1
94. 4
95. 1
96. 1
97. 1
98. 2
99. 1
100. 2
101. 3
102. 1
103. 1
104. 1
105. 2
106. 2
107. 1
108. 3
109. 2
110. 2
111. 1
112. 4
113. 1
114. 2
115. 1
116. 0
117. 3
118. 3
119. 3
120. 7
121. 4
122. 1
123. 2
124. 2
125. 1
126. 2
127. 1
128. 1
129. 1
130. 1
131. 4
132. 1
133. 2
134. 0
135. 2
136. 1
137. 2
138. 1
139. 2
140. 1
141. 2
142. 3
143. 2
144. 5
145. 5
146. 3
147. 1
148. 5
149. 2
150. 1
151. 1
152. 1
153. 2
154. 1
155. 1
156. 2
157. 1
158. 1
159. 2
160. 3
161. 4
162. 1
163. 2
164. 2
165. 1
166. 1
167. 1
168. 3
169. 1
170. 1
171. 1
172. 1
173. 3
174. 1
175. 2
176. 0
177. 4
178. 3
179. 5
180. 3
181. 2
182. 2
183. 3
184. 2
185. 1
186. 2
187. 1
188. 1
189. 2
190. 1
191. 2
192. 8
193. 1
194. 3
195. 2
196. 1
197. 1
198. 1
199. 2
200. 1