4428.txt
1. 1
2. 4
3. 1
4. 4
5. 3
6. 5
7. 2
8. 1
9. 1
10. 1
11. 2
12. 1
13. 2
14. 1
15. 2
16. 1
17. 2
18. 1
19. 2
20. 2
21. 1
22. 1
23. 2
24. 3
25. 3
26. 7
27. 2
28. 2
29. 2
30. 3
31. 3
32. 2
33. 3
34. 1
35. 2
36. 2
37. 4
38. 1
39. 3
40. 3
41. 2
42. 3
43. 2
44. 4
45. 1
46. 3
47. 1
48. 3
49. 1
50. 2
51. 1
52. 2
53. 1
54. 2
55. 1
56. 4
57. 3
58. 3
59. 2
60. 3
61. 4
62. 2
63. 2
64. 1
65. 6
66. 1
67. 2
68. 1
69. 2
70. 2
71. 2
72. 1
73. 3
74. 2
75. 1
76. 1
77. 3
78. 2
79. 2
80. 2
81. 1
82. 2
83. 2
84. 2
85. 3
86. 2
87. 4
88. 4
89. 2
90. 1
91. 2
92. 1
93. 2
94. 2
95. 2
96. 1
97. 2
98. 3
99. 7
100. 2
101. 4
102. 1
103. 1
104. 2
105. 1
106. 6
107. 3
108. 2
109. 1
110. 2
111. 1
112. 2
113. 1
114. 3
115. 2
116. 3
117. 1
118. 1
119. 4
120. 1
121. 1
122. 2
123. 2
124. 2
125. 2
126. 3
127. 5
128. 2
129. 1
130. 1
131. 2
132. 4
133. 2
134. 5
135. 1
136. 2
137. 2
138. 1
139. 2
140. 3
141. 1
142. 4
143. 1
144. 2
145. 2
146. 8
147. 2
148. 2
149. 1
150. 1
151. 3
152. 2
153. 1
154. 2
155. 3
156. 2
157. 2
158. 1
159. 1
160. 4
161. 1
162. 2
163. 3
164. 3
165. 2
166. 1
167. 1
168. 2
169. 1
170. 2
171. 1
172. 1
173. 2
174. 2
175. 1
176. 3
177. 5
178. 3
179. 2
180. 2
181. 1
182. 3
183. 4
184. 1
185. 5
186. 1
187. 2
188. 2
189. 3
190. 1
191. 1
192. 3
193. 1
194. 2
195. 2
196. 2
197. 2
198. 4
199. 1
200. 7