4431.txt
1. 0
2. 3
3. 4
4. 0
5. 0
6. 0
7. 0
8. 2
9. 1
10. 0
11. 2
12. 1
13. 0
14. 0
15. 1
16. 0
17. 0
18. 2
19. 1
20. 3
21. 3
22. 2
23. 1
24. 0
25. 3
26. 2
27. 0
28. 0
29. 4
30. 2
31. 2
32. 0
33. 4
34. 0
35. 0
36. 3
37. 0
38. 0
39. 3
40. 3
41. 0
42. 3
43. 0
44. 0
45. 0
46. 0
47. 3
48. 2
49. 1
50. 3
51. 2
52. 0
53. 0
54. 2
55. 2
56. 2
57. 2
58. 3
59. 0
60. 0
61. 4
62. 3
63. 2
64. 2
65. 0
66. 2
67. 5
68. 0
69. 2
70. 3
71. 2
72. 2
73. 0
74. 0
75. 2
76. 0
77. 0
78. 3
79. 0
80. 2
81. 2
82. 2
83. 0
84. 2
85. 0
86. 2
87. 2
88. 3
89. 0
90. 0
91. 3
92. 3
93. 0
94. 0
95. 0
96. 4
97. 0
98. 2
99. 1
100. 3
101. 0
102. 2
103. 0
104. 0
105. 0
106. 2
107. 0
108. 3
109. 2
110. 1
111. 2
112. 0
113. 2
114. 0
115. 2
116. 0
117. 0
118. 4
119. 2
120. 0
121. 0
122. 0
123. 1
124. 0
125. 0
126. 0
127. 0
128. 2
129. 3
130. 2
131. 2
132. 0
133. 0
134. 6
135. 0
136. 0
137. 0
138. 2
139. 0
140. 4
141. 0
142. 0
143. 0
144. 0
145. 0
146. 0
147. 0
148. 2
149. 1
150. 2
151. 3
152. 0
153. 0
154. 2
155. 2
156. 3
157. 3
158. 1
159. 2
160. 1
161. 4
162. 0
163. 1
164. 0
165. 2
166. 1
167. 0
168. 3
169. 0
170. 3
171. 0
172. 0
173. 4
174. 2
175. 4
176. 1
177. 0
178. 0
179. 0
180. 2
181. 2
182. 2
183. 2
184. 1
185. 0
186. 0
187. 3
188. 0
189. 3
190. 0
191. 0
192. 0
193. 0
194. 3
195. 2
196. 3
197. 0
198. 0
199. 0
200. 2