4441.txt
1. 0
2. 4
3. 2
4. 0
5. 0
6. 0
7. 2
8. 3
9. 6
10. 7
11. 1
12. 3
13. 4
14. 1
15. 0
16. 1
17. 0
18. 2
19. 0
20. 8
21. 2
22. 0
23. 3
24. 0
25. 6
26. 0
27. 2
28. 0
29. 1
30. 2
31. 4
32. 3
33. 0
34. 0
35. 0
36. 0
37. 0
38. 0
39. 1
40. 2
41. 2
42. 1
43. 3
44. 0
45. 3
46. 2
47. 2
48. 2
49. 2
50. 4
51. 2
52. 0
53. 3
54. 0
55. 2
56. 0
57. 0
58. 3
59. 0
60. 1
61. 0
62. 0
63. 2
64. 0
65. 0
66. 2
67. 0
68. 0
69. 2
70. 1
71. 3
72. 1
73. 2
74. 0
75. 1
76. 2
77. 0
78. 2
79. 8
80. 1
81. 0
82. 0
83. 0
84. 0
85. 2
86. 2
87. 0
88. 0
89. 3
90. 2
91. 2
92. 0
93. 0
94. 2
95. 0
96. 1
97. 0
98. 2
99. 2
100. 2
101. 0
102. 2
103. 0
104. 0
105. 0
106. 3
107. 1
108. 0
109. 0
110. 0
111. 0
112. 1
113. 1
114. 2
115. 3
116. 2
117. 0
118. 1
119. 0
120. 1
121. 2
122. 2
123. 3
124. 2
125. 3
126. 0
127. 2
128. 0
129. 2
130. 0
131. 0
132. 0
133. 1
134. 0
135. 2
136. 0
137. 0
138. 0
139. 0
140. 0
141. 0
142. 2
143. 0
144. 1
145. 3
146. 0
147. 1
148. 0
149. 3
150. 0
151. 0
152. 0
153. 1
154. 1
155. 0
156. 0
157. 1
158. 0
159. 3
160. 1
161. 0
162. 0
163. 2
164. 1
165. 1
166. 0
167. 1
168. 1
169. 3
170. 0
171. 2
172. 1
173. 1
174. 0
175. 2
176. 0
177. 0
178. 2
179. 0
180. 2
181. 0
182. 0
183. 2
184. 0
185. 0
186. 0
187. 1
188. 1
189. 3
190. 0
191. 0
192. 1
193. 2
194. 0
195. 0
196. 2
197. 1
198. 3
199. 4
200. 2