4442.txt
1. 3
2. 1
3. 1
4. 0
5. 2
6. 2
7. 1
8. 1
9. 2
10. 1
11. 2
12. 1
13. 2
14. 1
15. 3
16. 3
17. 1
18. 3
19. 3
20. 2
21. 1
22. 2
23. 3
24. 3
25. 3
26. 1
27. 1
28. 2
29. 2
30. 0
31. 2
32. 2
33. 3
34. 1
35. 2
36. 1
37. 3
38. 2
39. 1
40. 2
41. 3
42. 4
43. 2
44. 2
45. 4
46. 3
47. 2
48. 2
49. 3
50. 2
51. 2
52. 3
53. 2
54. 3
55. 2
56. 0
57. 3
58. 2
59. 3
60. 1
61. 2
62. 7
63. 2
64. 2
65. 3
66. 3
67. 2
68. 3
69. 2
70. 8
71. 2
72. 2
73. 2
74. 1
75. 2
76. 2
77. 2
78. 1
79. 1
80. 3
81. 2
82. 3
83. 2
84. 1
85. 2
86. 1
87. 2
88. 1
89. 2
90. 3
91. 3
92. 1
93. 1
94. 1
95. 2
96. 1
97. 2
98. 3
99. 2
100. 1
101. 2
102. 4
103. 1
104. 1
105. 1
106. 1
107. 2
108. 4
109. 2
110. 3
111. 2
112. 3
113. 3
114. 1
115. 2
116. 2
117. 3
118. 2
119. 2
120. 2
121. 1
122. 1
123. 2
124. 2
125. 5
126. 1
127. 1
128. 1
129. 1
130. 2
131. 1
132. 2
133. 1
134. 1
135. 3
136. 2
137. 2
138. 1
139. 3
140. 2
141. 2
142. 0
143. 1
144. 4
145. 2
146. 2
147. 3
148. 2
149. 2
150. 1
151. 2
152. 2
153. 2
154. 3
155. 2
156. 1
157. 2
158. 1
159. 2
160. 2
161. 3
162. 2
163. 2
164. 4
165. 2
166. 1
167. 2
168. 3
169. 2
170. 1
171. 3
172. 2
173. 1
174. 3
175. 2
176. 2
177. 2
178. 2
179. 1
180. 4
181. 2
182. 1
183. 2
184. 5
185. 2
186. 2
187. 3
188. 1
189. 3
190. 2
191. 3
192. 2
193. 3
194. 2
195. 3
196. 2
197. 3
198. 1
199. 2
200. 3