445.txt
1. 3
2. 1
3. 7
4. 2
5. 2
6. 2
7. 3
8. 2
9. 2
10. 5
11. 2
12. 5
13. 6
14. 1
15. 3
16. 3
17. 2
18. 4
19. 6
20. 2
21. 2
22. 6
23. 5
24. 1
25. 2
26. 3
27. 4
28. 4
29. 4
30. 2
31. 1
32. 4
33. 1
34. 2
35. 4
36. 6
37. 5
38. 3
39. 2
40. 3
41. 4
42. 1
43. 2
44. 2
45. 2
46. 2
47. 2
48. 2
49. 2
50. 3
51. 1
52. 4
53. 5
54. 4
55. 1
56. 2
57. 1
58. 2
59. 2
60. 2
61. 1
62. 3
63. 4
64. 3
65. 2
66. 4
67. 3
68. 2
69. 8
70. 2
71. 7
72. 5
73. 3
74. 5
75. 2
76. 2
77. 4
78. 4
79. 3
80. 3
81. 2
82. 3
83. 2
84. 2
85. 3
86. 3
87. 2
88. 4
89. 3
90. 2
91. 2
92. 3
93. 2
94. 3
95. 4
96. 5
97. 2
98. 3
99. 4
100. 6
101. 2
102. 3
103. 1
104. 2
105. 3
106. 2
107. 4
108. 3
109. 2
110. 6
111. 1
112. 2
113. 2
114. 1
115. 2
116. 2
117. 6
118. 9
119. 2
120. 1
121. 3
122. 1
123. 2
124. 3
125. 1
126. 2
127. 2
128. 3
129. 5
130. 2
131. 2
132. 3
133. 3
134. 2
135. 3
136. 1
137. 4
138. 2
139. 2
140. 3
141. 3
142. 2
143. 5
144. 2
145. 3
146. 1
147. 4
148. 1
149. 5
150. 4
151. 4
152. 4
153. 4
154. 2
155. 5
156. 2
157. 4
158. 4
159. 1
160. 3
161. 2
162. 3
163. 2
164. 3
165. 1
166. 2
167. 2
168. 5
169. 2
170. 7
171. 2
172. 2
173. 2
174. 3
175. 3
176. 3
177. 2
178. 3
179. 2
180. 4
181. 1
182. 2
183. 2
184. 3
185. 3
186. 4
187. 3
188. 5
189. 6
190. 1
191. 2
192. 2
193. 3
194. 5
195. 2
196. 2
197. 7
198. 2
199. 3
200. 2