447.txt
1. 9
2. 2
3. 0
4. 1
5. 4
6. 0
7. 0
8. 0
9. 3
10. 0
11. 1
12. 1
13. 0
14. 0
15. 4
16. 2
17. 0
18. 0
19. 2
20. 0
21. 7
22. 0
23. 3
24. 1
25. 3
26. 1
27. 1
28. 0
29. 0
30. 1
31. 1
32. 2
33. 1
34. 0
35. 0
36. 2
37. 1
38. 0
39. 6
40. 2
41. 2
42. 4
43. 0
44. 3
45. 0
46. 0
47. 0
48. 0
49. 0
50. 0
51. 2
52. 0
53. 1
54. 0
55. 1
56. 0
57. 2
58. 2
59. 1
60. 2
61. 0
62. 0
63. 1
64. 2
65. 0
66. 3
67. 3
68. 0
69. 0
70. 6
71. 0
72. 0
73. 0
74. 2
75. 5
76. 4
77. 1
78. 0
79. 2
80. 0
81. 2
82. 1
83. 0
84. 3
85. 1
86. 0
87. 0
88. 1
89. 3
90. 1
91. 0
92. 2
93. 0
94. 1
95. 0
96. 2
97. 2
98. 3
99. 0
100. 0
101. 4
102. 3
103. 0
104. 0
105. 2
106. 0
107. 0
108. 1
109. 1
110. 1
111. 1
112. 2
113. 3
114. 0
115. 0
116. 2
117. 1
118. 1
119. 0
120. 0
121. 0
122. 0
123. 2
124. 0
125. 1
126. 2
127. 3
128. 0
129. 2
130. 1
131. 1
132. 0
133. 2
134. 0
135. 3
136. 1
137. 1
138. 0
139. 0
140. 0
141. 3
142. 0
143. 0
144. 0
145. 2
146. 2
147. 6
148. 2
149. 3
150. 4
151. 2
152. 2
153. 1
154. 1
155. 0
156. 1
157. 0
158. 0
159. 0
160. 0
161. 0
162. 3
163. 3
164. 2
165. 0
166. 1
167. 1
168. 0
169. 2
170. 2
171. 2
172. 0
173. 1
174. 1
175. 1
176. 3
177. 0
178. 0
179. 1
180. 3
181. 1
182. 2
183. 0
184. 3
185. 3
186. 1
187. 10
188. 0
189. 5
190. 2
191. 2
192. 0
193. 1
194. 1
195. 0
196. 1
197. 3
198. 2
199. 1
200. 3