4470.txt
1. 3
2. 4
3. 7
4. 4
5. 3
6. 7
7. 2
8. 1
9. 1
10. 3
11. 2
12. 2
13. 6
14. 2
15. 2
16. 2
17. 3
18. 2
19. 8
20. 2
21. 2
22. 4
23. 3
24. 2
25. 3
26. 3
27. 1
28. 3
29. 4
30. 1
31. 2
32. 1
33. 4
34. 2
35. 2
36. 3
37. 3
38. 1
39. 1
40. 2
41. 2
42. 4
43. 2
44. 4
45. 3
46. 3
47. 4
48. 2
49. 2
50. 3
51. 2
52. 1
53. 1
54. 2
55. 2
56. 4
57. 2
58. 2
59. 1
60. 2
61. 4
62. 2
63. 3
64. 3
65. 2
66. 3
67. 2
68. 1
69. 6
70. 1
71. 3
72. 1
73. 3
74. 2
75. 3
76. 2
77. 4
78. 3
79. 1
80. 2
81. 3
82. 2
83. 2
84. 2
85. 3
86. 1
87. 2
88. 3
89. 2
90. 2
91. 4
92. 3
93. 3
94. 3
95. 3
96. 2
97. 3
98. 5
99. 3
100. 2
101. 3
102. 3
103. 2
104. 4
105. 1
106. 2
107. 3
108. 2
109. 5
110. 3
111. 2
112. 1
113. 2
114. 2
115. 2
116. 3
117. 3
118. 2
119. 4
120. 2
121. 2
122. 5
123. 2
124. 4
125. 3
126. 2
127. 2
128. 4
129. 2
130. 1
131. 2
132. 3
133. 2
134. 2
135. 3
136. 3
137. 2
138. 2
139. 2
140. 2
141. 4
142. 2
143. 1
144. 1
145. 2
146. 3
147. 1
148. 3
149. 3
150. 2
151. 3
152. 1
153. 3
154. 4
155. 4
156. 2
157. 2
158. 2
159. 2
160. 3
161. 2
162. 2
163. 2
164. 2
165. 2
166. 3
167. 2
168. 2
169. 3
170. 3
171. 2
172. 2
173. 2
174. 4
175. 2
176. 6
177. 1
178. 4
179. 5
180. 4
181. 2
182. 2
183. 3
184. 3
185. 2
186. 3
187. 2
188. 2
189. 3
190. 1
191. 2
192. 3
193. 5
194. 2
195. 3
196. 3
197. 1
198. 2
199. 2
200. 5