4473.txt
1. 0
2. 2
3. 1
4. 1
5. 0
6. 1
7. 1
8. 0
9. 3
10. 0
11. 3
12. 0
13. 4
14. 1
15. 2
16. 0
17. 1
18. 3
19. 1
20. 3
21. 5
22. 0
23. 0
24. 1
25. 0
26. 2
27. 1
28. 3
29. 2
30. 1
31. 2
32. 4
33. 1
34. 6
35. 2
36. 2
37. 2
38. 0
39. 2
40. 2
41. 0
42. 1
43. 2
44. 4
45. 1
46. 2
47. 3
48. 1
49. 1
50. 1
51. 4
52. 3
53. 3
54. 1
55. 1
56. 1
57. 0
58. 1
59. 0
60. 1
61. 0
62. 0
63. 0
64. 1
65. 0
66. 0
67. 0
68. 0
69. 2
70. 1
71. 0
72. 2
73. 0
74. 1
75. 1
76. 2
77. 0
78. 3
79. 1
80. 2
81. 1
82. 2
83. 1
84. 3
85. 0
86. 2
87. 3
88. 0
89. 2
90. 1
91. 1
92. 1
93. 2
94. 1
95. 1
96. 3
97. 1
98. 3
99. 1
100. 2
101. 0
102. 2
103. 1
104. 2
105. 1
106. 1
107. 2
108. 2
109. 2
110. 3
111. 0
112. 1
113. 1
114. 0
115. 1
116. 0
117. 3
118. 1
119. 0
120. 1
121. 0
122. 1
123. 2
124. 2
125. 0
126. 1
127. 2
128. 0
129. 1
130. 2
131. 1
132. 0
133. 2
134. 2
135. 0
136. 0
137. 2
138. 1
139. 3
140. 2
141. 1
142. 1
143. 0
144. 0
145. 0
146. 0
147. 1
148. 1
149. 2
150. 0
151. 2
152. 1
153. 2
154. 4
155. 0
156. 0
157. 3
158. 3
159. 3
160. 1
161. 2
162. 4
163. 0
164. 1
165. 1
166. 0
167. 0
168. 2
169. 1
170. 1
171. 2
172. 1
173. 1
174. 0
175. 1
176. 1
177. 0
178. 2
179. 2
180. 1
181. 2
182. 1
183. 5
184. 0
185. 1
186. 0
187. 1
188. 0
189. 1
190. 0
191. 2
192. 2
193. 1
194. 2
195. 3
196. 1
197. 2
198. 2
199. 0
200. 1