4480.txt
1. 2
2. 1
3. 2
4. 3
5. 1
6. 3
7. 1
8. 4
9. 1
10. 1
11. 1
12. 3
13. 1
14. 2
15. 1
16. 2
17. 4
18. 3
19. 1
20. 9
21. 1
22. 2
23. 2
24. 2
25. 1
26. 2
27. 4
28. 2
29. 1
30. 4
31. 2
32. 3
33. 1
34. 1
35. 3
36. 1
37. 1
38. 1
39. 3
40. 3
41. 3
42. 1
43. 2
44. 1
45. 1
46. 2
47. 3
48. 1
49. 2
50. 2
51. 1
52. 1
53. 2
54. 3
55. 1
56. 2
57. 2
58. 3
59. 1
60. 2
61. 2
62. 2
63. 2
64. 3
65. 1
66. 1
67. 2
68. 3
69. 2
70. 3
71. 2
72. 3
73. 1
74. 5
75. 2
76. 3
77. 3
78. 3
79. 3
80. 2
81. 2
82. 1
83. 1
84. 3
85. 2
86. 1
87. 2
88. 2
89. 2
90. 2
91. 2
92. 2
93. 1
94. 3
95. 1
96. 1
97. 1
98. 1
99. 2
100. 2
101. 3
102. 2
103. 2
104. 2
105. 4
106. 3
107. 2
108. 3
109. 4
110. 2
111. 1
112. 1
113. 1
114. 3
115. 3
116. 4
117. 1
118. 1
119. 2
120. 5
121. 2
122. 1
123. 1
124. 3
125. 3
126. 1
127. 2
128. 1
129. 3
130. 2
131. 2
132. 2
133. 1
134. 2
135. 2
136. 3
137. 3
138. 2
139. 1
140. 2
141. 2
142. 1
143. 3
144. 3
145. 3
146. 2
147. 3
148. 1
149. 3
150. 2
151. 1
152. 2
153. 2
154. 3
155. 2
156. 2
157. 2
158. 4
159. 2
160. 3
161. 1
162. 2
163. 1
164. 1
165. 1
166. 2
167. 1
168. 1
169. 3
170. 3
171. 2
172. 3
173. 1
174. 2
175. 3
176. 2
177. 3
178. 1
179. 3
180. 7
181. 2
182. 2
183. 2
184. 3
185. 1
186. 2
187. 2
188. 2
189. 2
190. 2
191. 2
192. 1
193. 1
194. 2
195. 2
196. 1
197. 1
198. 2
199. 2
200. 2