4482.txt
1. 2
2. 7
3. 0
4. 1
5. 1
6. 2
7. 2
8. 2
9. 3
10. 4
11. 1
12. 4
13. 2
14. 3
15. 2
16. 0
17. 1
18. 1
19. 3
20. 2
21. 1
22. 1
23. 2
24. 2
25. 3
26. 2
27. 2
28. 2
29. 1
30. 3
31. 4
32. 4
33. 3
34. 2
35. 0
36. 2
37. 1
38. 2
39. 2
40. 2
41. 1
42. 5
43. 4
44. 1
45. 3
46. 3
47. 1
48. 2
49. 3
50. 2
51. 2
52. 2
53. 2
54. 2
55. 3
56. 2
57. 2
58. 3
59. 4
60. 2
61. 1
62. 3
63. 1
64. 3
65. 3
66. 9
67. 2
68. 2
69. 1
70. 3
71. 1
72. 2
73. 4
74. 2
75. 1
76. 2
77. 1
78. 2
79. 2
80. 2
81. 4
82. 4
83. 1
84. 2
85. 2
86. 2
87. 3
88. 3
89. 3
90. 3
91. 2
92. 1
93. 2
94. 1
95. 1
96. 2
97. 2
98. 2
99. 2
100. 2
101. 2
102. 4
103. 1
104. 3
105. 3
106. 2
107. 1
108. 2
109. 3
110. 5
111. 1
112. 2
113. 2
114. 2
115. 1
116. 2
117. 6
118. 3
119. 2
120. 1
121. 1
122. 2
123. 2
124. 1
125. 2
126. 1
127. 4
128. 3
129. 4
130. 1
131. 1
132. 2
133. 1
134. 3
135. 2
136. 2
137. 4
138. 3
139. 2
140. 2
141. 2
142. 2
143. 2
144. 1
145. 2
146. 2
147. 3
148. 3
149. 3
150. 5
151. 3
152. 2
153. 4
154. 3
155. 1
156. 3
157. 4
158. 1
159. 1
160. 2
161. 3
162. 1
163. 2
164. 1
165. 2
166. 2
167. 2
168. 2
169. 1
170. 1
171. 1
172. 3
173. 2
174. 2
175. 5
176. 2
177. 2
178. 1
179. 2
180. 1
181. 3
182. 3
183. 3
184. 2
185. 2
186. 2
187. 2
188. 3
189. 4
190. 2
191. 1
192. 2
193. 3
194. 1
195. 2
196. 2
197. 3
198. 3
199. 1
200. 2