4486.txt
1. 0
2. 3
3. 4
4. 7
5. 4
6. 0
7. 2
8. 2
9. 2
10. 1
11. 1
12. 0
13. 1
14. 5
15. 1
16. 2
17. 1
18. 2
19. 6
20. 2
21. 2
22. 1
23. 2
24. 5
25. 1
26. 1
27. 2
28. 3
29. 2
30. 4
31. 0
32. 2
33. 0
34. 4
35. 1
36. 0
37. 1
38. 1
39. 3
40. 4
41. 2
42. 1
43. 3
44. 2
45. 3
46. 3
47. 1
48. 2
49. 2
50. 2
51. 3
52. 3
53. 3
54. 2
55. 6
56. 1
57. 2
58. 1
59. 2
60. 2
61. 2
62. 7
63. 1
64. 2
65. 0
66. 3
67. 1
68. 2
69. 2
70. 1
71. 2
72. 2
73. 3
74. 1
75. 2
76. 3
77. 6
78. 1
79. 2
80. 2
81. 1
82. 3
83. 2
84. 1
85. 2
86. 2
87. 1
88. 2
89. 2
90. 3
91. 2
92. 3
93. 3
94. 1
95. 2
96. 2
97. 1
98. 3
99. 2
100. 1
101. 3
102. 3
103. 2
104. 1
105. 2
106. 0
107. 7
108. 3
109. 1
110. 1
111. 2
112. 3
113. 2
114. 1
115. 2
116. 1
117. 3
118. 2
119. 4
120. 2
121. 1
122. 2
123. 1
124. 1
125. 2
126. 6
127. 1
128. 3
129. 2
130. 2
131. 1
132. 3
133. 2
134. 2
135. 1
136. 2
137. 3
138. 2
139. 7
140. 3
141. 1
142. 1
143. 3
144. 2
145. 2
146. 2
147. 2
148. 7
149. 4
150. 3
151. 1
152. 2
153. 3
154. 1
155. 3
156. 2
157. 1
158. 2
159. 1
160. 2
161. 1
162. 5
163. 4
164. 2
165. 2
166. 3
167. 4
168. 2
169. 3
170. 2
171. 1
172. 2
173. 2
174. 3
175. 2
176. 2
177. 3
178. 1
179. 0
180. 4
181. 3
182. 1
183. 3
184. 2
185. 2
186. 1
187. 3
188. 2
189. 2
190. 2
191. 1
192. 1
193. 2
194. 1
195. 4
196. 4
197. 0
198. 2
199. 2
200. 3