449.txt
1. 2
2. 1
3. 2
4. 2
5. 2
6. 2
7. 3
8. 1
9. 2
10. 1
11. 1
12. 2
13. 5
14. 2
15. 1
16. 3
17. 5
18. 2
19. 2
20. 3
21. 1
22. 2
23. 2
24. 4
25. 3
26. 2
27. 1
28. 2
29. 2
30. 3
31. 3
32. 2
33. 5
34. 2
35. 2
36. 2
37. 2
38. 2
39. 1
40. 2
41. 3
42. 2
43. 2
44. 1
45. 4
46. 2
47. 3
48. 3
49. 2
50. 2
51. 2
52. 5
53. 3
54. 2
55. 2
56. 2
57. 1
58. 2
59. 3
60. 4
61. 2
62. 1
63. 3
64. 2
65. 3
66. 4
67. 4
68. 1
69. 4
70. 1
71. 2
72. 3
73. 3
74. 3
75. 2
76. 1
77. 2
78. 3
79. 2
80. 2
81. 1
82. 3
83. 1
84. 1
85. 1
86. 3
87. 3
88. 3
89. 2
90. 3
91. 1
92. 2
93. 2
94. 4
95. 2
96. 1
97. 2
98. 3
99. 1
100. 2
101. 3
102. 3
103. 3
104. 1
105. 2
106. 1
107. 2
108. 3
109. 1
110. 3
111. 3
112. 1
113. 2
114. 2
115. 6
116. 2
117. 4
118. 2
119. 2
120. 3
121. 1
122. 2
123. 2
124. 2
125. 2
126. 1
127. 2
128. 2
129. 1
130. 3
131. 2
132. 2
133. 2
134. 2
135. 3
136. 2
137. 3
138. 4
139. 2
140. 1
141. 2
142. 5
143. 2
144. 3
145. 2
146. 2
147. 1
148. 2
149. 3
150. 3
151. 2
152. 2
153. 4
154. 3
155. 3
156. 1
157. 2
158. 3
159. 2
160. 1
161. 2
162. 2
163. 4
164. 2
165. 4
166. 2
167. 1
168. 3
169. 1
170. 3
171. 3
172. 1
173. 2
174. 6
175. 3
176. 2
177. 1
178. 2
179. 3
180. 2
181. 1
182. 3
183. 2
184. 1
185. 2
186. 2
187. 1
188. 2
189. 2
190. 2
191. 2
192. 2
193. 2
194. 1
195. 2
196. 4
197. 3
198. 1
199. 2
200. 2