4493.txt
1. 2
2. 2
3. 3
4. 1
5. 1
6. 2
7. 1
8. 2
9. 1
10. 1
11. 7
12. 2
13. 3
14. 1
15. 1
16. 1
17. 3
18. 3
19. 2
20. 6
21. 2
22. 2
23. 3
24. 2
25. 4
26. 1
27. 1
28. 2
29. 2
30. 1
31. 3
32. 2
33. 1
34. 2
35. 7
36. 2
37. 3
38. 1
39. 4
40. 2
41. 2
42. 3
43. 1
44. 1
45. 2
46. 2
47. 2
48. 1
49. 2
50. 4
51. 1
52. 1
53. 4
54. 5
55. 2
56. 1
57. 2
58. 3
59. 2
60. 3
61. 2
62. 8
63. 2
64. 3
65. 1
66. 2
67. 2
68. 1
69. 1
70. 2
71. 3
72. 2
73. 2
74. 2
75. 2
76. 1
77. 2
78. 6
79. 3
80. 2
81. 2
82. 3
83. 3
84. 2
85. 3
86. 1
87. 2
88. 3
89. 2
90. 2
91. 2
92. 2
93. 2
94. 1
95. 2
96. 1
97. 2
98. 3
99. 1
100. 1
101. 2
102. 1
103. 2
104. 1
105. 2
106. 1
107. 3
108. 4
109. 2
110. 2
111. 2
112. 5
113. 4
114. 3
115. 2
116. 1
117. 2
118. 2
119. 1
120. 2
121. 1
122. 2
123. 1
124. 2
125. 3
126. 2
127. 2
128. 3
129. 3
130. 1
131. 1
132. 2
133. 1
134. 3
135. 5
136. 2
137. 3
138. 1
139. 4
140. 3
141. 3
142. 2
143. 2
144. 2
145. 2
146. 1
147. 2
148. 1
149. 3
150. 1
151. 2
152. 2
153. 1
154. 4
155. 2
156. 3
157. 3
158. 2
159. 3
160. 1
161. 1
162. 2
163. 2
164. 1
165. 3
166. 3
167. 2
168. 2
169. 3
170. 2
171. 2
172. 3
173. 1
174. 2
175. 2
176. 2
177. 3
178. 2
179. 4
180. 2
181. 2
182. 1
183. 2
184. 4
185. 4
186. 3
187. 1
188. 2
189. 2
190. 3
191. 2
192. 1
193. 2
194. 1
195. 2
196. 1
197. 3
198. 7
199. 3
200. 2