450.txt
1. 4
2. 3
3. 2
4. 2
5. 2
6. 1
7. 1
8. 1
9. 2
10. 2
11. 3
12. 4
13. 5
14. 4
15. 1
16. 4
17. 2
18. 2
19. 1
20. 2
21. 2
22. 3
23. 1
24. 4
25. 3
26. 1
27. 1
28. 1
29. 3
30. 2
31. 1
32. 1
33. 2
34. 1
35. 1
36. 3
37. 2
38. 2
39. 4
40. 3
41. 1
42. 2
43. 2
44. 2
45. 2
46. 2
47. 2
48. 2
49. 2
50. 2
51. 1
52. 3
53. 1
54. 1
55. 2
56. 5
57. 3
58. 4
59. 1
60. 3
61. 1
62. 2
63. 2
64. 3
65. 3
66. 2
67. 2
68. 2
69. 1
70. 1
71. 1
72. 1
73. 3
74. 2
75. 2
76. 3
77. 1
78. 2
79. 2
80. 3
81. 2
82. 3
83. 1
84. 1
85. 1
86. 1
87. 1
88. 1
89. 1
90. 2
91. 2
92. 1
93. 2
94. 2
95. 2
96. 1
97. 2
98. 2
99. 4
100. 2
101. 1
102. 1
103. 4
104. 2
105. 2
106. 4
107. 3
108. 2
109. 1
110. 1
111. 2
112. 2
113. 2
114. 1
115. 3
116. 2
117. 1
118. 2
119. 3
120. 1
121. 1
122. 3
123. 2
124. 1
125. 2
126. 1
127. 2
128. 3
129. 1
130. 2
131. 3
132. 3
133. 1
134. 2
135. 2
136. 2
137. 2
138. 2
139. 3
140. 2
141. 1
142. 2
143. 1
144. 1
145. 2
146. 2
147. 3
148. 2
149. 1
150. 2
151. 2
152. 2
153. 1
154. 2
155. 2
156. 1
157. 1
158. 3
159. 1
160. 2
161. 3
162. 1
163. 2
164. 5
165. 2
166. 2
167. 2
168. 1
169. 4
170. 4
171. 2
172. 2
173. 1
174. 2
175. 2
176. 2
177. 2
178. 3
179. 3
180. 1
181. 3
182. 2
183. 1
184. 1
185. 1
186. 1
187. 3
188. 5
189. 3
190. 2
191. 1
192. 1
193. 2
194. 3
195. 2
196. 2
197. 1
198. 1
199. 1
200. 2