4504.txt
1. 2
2. 1
3. 1
4. 4
5. 5
6. 2
7. 6
8. 2
9. 3
10. 4
11. 3
12. 1
13. 2
14. 2
15. 1
16. 2
17. 2
18. 1
19. 3
20. 1
21. 5
22. 2
23. 2
24. 4
25. 7
26. 2
27. 1
28. 2
29. 1
30. 3
31. 0
32. 2
33. 2
34. 3
35. 4
36. 4
37. 2
38. 3
39. 4
40. 4
41. 2
42. 1
43. 3
44. 7
45. 2
46. 5
47. 2
48. 2
49. 1
50. 5
51. 2
52. 3
53. 2
54. 3
55. 2
56. 3
57. 2
58. 4
59. 1
60. 2
61. 1
62. 3
63. 2
64. 4
65. 3
66. 2
67. 4
68. 3
69. 3
70. 2
71. 0
72. 6
73. 5
74. 2
75. 2
76. 3
77. 3
78. 4
79. 2
80. 6
81. 2
82. 2
83. 2
84. 7
85. 1
86. 1
87. 1
88. 1
89. 3
90. 2
91. 1
92. 2
93. 3
94. 2
95. 3
96. 5
97. 4
98. 6
99. 1
100. 1
101. 3
102. 2
103. 1
104. 2
105. 2
106. 4
107. 2
108. 3
109. 3
110. 4
111. 3
112. 3
113. 2
114. 2
115. 2
116. 4
117. 1
118. 1
119. 3
120. 2
121. 1
122. 3
123. 3
124. 2
125. 4
126. 1
127. 2
128. 2
129. 1
130. 2
131. 2
132. 2
133. 4
134. 2
135. 1
136. 1
137. 1
138. 4
139. 2
140. 2
141. 2
142. 1
143. 2
144. 4
145. 2
146. 2
147. 2
148. 2
149. 3
150. 3
151. 3
152. 3
153. 2
154. 4
155. 2
156. 3
157. 2
158. 2
159. 3
160. 7
161. 3
162. 2
163. 2
164. 2
165. 3
166. 2
167. 1
168. 4
169. 4
170. 3
171. 1
172. 3
173. 2
174. 3
175. 5
176. 2
177. 2
178. 4
179. 3
180. 1
181. 2
182. 3
183. 3
184. 3
185. 2
186. 1
187. 4
188. 3
189. 3
190. 3
191. 2
192. 2
193. 3
194. 6
195. 2
196. 2
197. 3
198. 2
199. 3
200. 2