4506.txt
1. 3
2. 1
3. 2
4. 3
5. 2
6. 1
7. 4
8. 3
9. 1
10. 8
11. 1
12. 2
13. 1
14. 4
15. 0
16. 1
17. 5
18. 3
19. 1
20. 2
21. 2
22. 0
23. 3
24. 2
25. 1
26. 1
27. 1
28. 2
29. 1
30. 1
31. 1
32. 4
33. 1
34. 3
35. 2
36. 1
37. 2
38. 5
39. 1
40. 1
41. 1
42. 3
43. 1
44. 1
45. 1
46. 2
47. 1
48. 1
49. 1
50. 2
51. 2
52. 6
53. 4
54. 1
55. 2
56. 1
57. 7
58. 2
59. 1
60. 2
61. 2
62. 3
63. 1
64. 1
65. 2
66. 1
67. 4
68. 1
69. 3
70. 3
71. 2
72. 1
73. 3
74. 2
75. 1
76. 4
77. 1
78. 2
79. 1
80. 2
81. 2
82. 1
83. 1
84. 1
85. 3
86. 4
87. 3
88. 3
89. 1
90. 3
91. 4
92. 2
93. 1
94. 1
95. 3
96. 3
97. 2
98. 1
99. 1
100. 3
101. 4
102. 2
103. 1
104. 3
105. 2
106. 3
107. 2
108. 2
109. 2
110. 2
111. 1
112. 4
113. 1
114. 3
115. 5
116. 3
117. 3
118. 2
119. 6
120. 2
121. 1
122. 1
123. 1
124. 1
125. 2
126. 1
127. 1
128. 2
129. 2
130. 2
131. 1
132. 3
133. 3
134. 2
135. 2
136. 2
137. 1
138. 3
139. 1
140. 2
141. 2
142. 3
143. 2
144. 3
145. 2
146. 1
147. 2
148. 2
149. 2
150. 4
151. 2
152. 3
153. 1
154. 1
155. 2
156. 1
157. 2
158. 1
159. 2
160. 2
161. 3
162. 2
163. 2
164. 2
165. 3
166. 2
167. 2
168. 4
169. 3
170. 3
171. 1
172. 2
173. 1
174. 3
175. 3
176. 2
177. 1
178. 3
179. 1
180. 3
181. 6
182. 1
183. 2
184. 1
185. 1
186. 2
187. 2
188. 1
189. 2
190. 1
191. 2
192. 2
193. 5
194. 2
195. 2
196. 2
197. 2
198. 2
199. 3
200. 2