4509.txt
1. 7
2. 2
3. 4
4. 3
5. 2
6. 4
7. 4
8. 2
9. 6
10. 2
11. 2
12. 3
13. 1
14. 2
15. 2
16. 1
17. 4
18. 3
19. 3
20. 5
21. 2
22. 3
23. 2
24. 2
25. 3
26. 1
27. 2
28. 3
29. 3
30. 5
31. 2
32. 4
33. 4
34. 4
35. 2
36. 3
37. 2
38. 6
39. 5
40. 3
41. 2
42. 2
43. 3
44. 5
45. 5
46. 4
47. 4
48. 2
49. 2
50. 2
51. 2
52. 4
53. 5
54. 2
55. 4
56. 3
57. 2
58. 2
59. 3
60. 2
61. 3
62. 3
63. 1
64. 7
65. 2
66. 7
67. 3
68. 2
69. 4
70. 5
71. 2
72. 3
73. 3
74. 2
75. 1
76. 2
77. 3
78. 2
79. 4
80. 3
81. 2
82. 1
83. 4
84. 3
85. 5
86. 2
87. 2
88. 2
89. 4
90. 2
91. 2
92. 3
93. 2
94. 9
95. 2
96. 3
97. 2
98. 2
99. 4
100. 3
101. 3
102. 3
103. 6
104. 3
105. 4
106. 2
107. 4
108. 2
109. 3
110. 3
111. 2
112. 4
113. 3
114. 3
115. 3
116. 2
117. 2
118. 2
119. 2
120. 3
121. 2
122. 3
123. 2
124. 3
125. 2
126. 2
127. 3
128. 2
129. 3
130. 3
131. 1
132. 5
133. 2
134. 6
135. 3
136. 3
137. 3
138. 2
139. 2
140. 3
141. 2
142. 4
143. 3
144. 2
145. 2
146. 3
147. 2
148. 3
149. 3
150. 2
151. 2
152. 4
153. 3
154. 2
155. 1
156. 2
157. 5
158. 3
159. 5
160. 3
161. 2
162. 3
163. 3
164. 4
165. 3
166. 3
167. 4
168. 3
169. 3
170. 3
171. 3
172. 4
173. 2
174. 5
175. 2
176. 5
177. 2
178. 2
179. 2
180. 3
181. 3
182. 2
183. 3
184. 3
185. 4
186. 2
187. 3
188. 2
189. 2
190. 3
191. 4
192. 4
193. 1
194. 4
195. 3
196. 4
197. 3
198. 4
199. 2
200. 5