4516.txt
1. 2
2. 1
3. 2
4. 1
5. 2
6. 3
7. 2
8. 1
9. 3
10. 2
11. 1
12. 4
13. 3
14. 3
15. 4
16. 1
17. 1
18. 3
19. 2
20. 1
21. 6
22. 2
23. 1
24. 2
25. 2
26. 2
27. 1
28. 2
29. 5
30. 4
31. 1
32. 3
33. 1
34. 2
35. 3
36. 2
37. 2
38. 1
39. 1
40. 1
41. 1
42. 1
43. 2
44. 1
45. 4
46. 2
47. 1
48. 2
49. 1
50. 2
51. 5
52. 1
53. 2
54. 2
55. 3
56. 2
57. 1
58. 5
59. 3
60. 2
61. 1
62. 1
63. 2
64. 1
65. 3
66. 3
67. 1
68. 2
69. 4
70. 3
71. 3
72. 2
73. 1
74. 3
75. 1
76. 2
77. 4
78. 2
79. 2
80. 1
81. 1
82. 2
83. 1
84. 1
85. 2
86. 1
87. 1
88. 1
89. 2
90. 3
91. 1
92. 1
93. 1
94. 1
95. 1
96. 1
97. 2
98. 1
99. 3
100. 3
101. 1
102. 3
103. 2
104. 1
105. 1
106. 2
107. 2
108. 1
109. 3
110. 4
111. 2
112. 2
113. 1
114. 2
115. 3
116. 1
117. 3
118. 2
119. 3
120. 1
121. 1
122. 2
123. 2
124. 4
125. 1
126. 3
127. 1
128. 3
129. 2
130. 1
131. 1
132. 1
133. 3
134. 4
135. 1
136. 2
137. 2
138. 1
139. 1
140. 2
141. 1
142. 2
143. 1
144. 4
145. 1
146. 1
147. 1
148. 3
149. 2
150. 1
151. 2
152. 1
153. 2
154. 1
155. 2
156. 1
157. 2
158. 1
159. 1
160. 2
161. 4
162. 1
163. 1
164. 1
165. 3
166. 1
167. 2
168. 1
169. 2
170. 1
171. 1
172. 1
173. 1
174. 2
175. 3
176. 2
177. 2
178. 3
179. 3
180. 1
181. 1
182. 3
183. 1
184. 1
185. 2
186. 1
187. 3
188. 1
189. 1
190. 2
191. 1
192. 2
193. 1
194. 1
195. 1
196. 1
197. 2
198. 2
199. 2
200. 2