4517.txt
1. 0
2. 2
3. 1
4. 2
5. 1
6. 1
7. 4
8. 1
9. 2
10. 7
11. 2
12. 3
13. 2
14. 1
15. 1
16. 3
17. 3
18. 1
19. 1
20. 3
21. 3
22. 1
23. 4
24. 2
25. 2
26. 1
27. 2
28. 2
29. 1
30. 2
31. 4
32. 2
33. 2
34. 3
35. 1
36. 2
37. 1
38. 4
39. 2
40. 3
41. 1
42. 2
43. 2
44. 3
45. 1
46. 2
47. 2
48. 2
49. 3
50. 2
51. 2
52. 2
53. 2
54. 1
55. 3
56. 2
57. 2
58. 1
59. 2
60. 2
61. 2
62. 3
63. 2
64. 2
65. 2
66. 3
67. 2
68. 3
69. 2
70. 2
71. 3
72. 2
73. 2
74. 4
75. 2
76. 2
77. 1
78. 2
79. 3
80. 3
81. 2
82. 3
83. 4
84. 2
85. 3
86. 3
87. 2
88. 2
89. 2
90. 3
91. 2
92. 2
93. 1
94. 1
95. 1
96. 2
97. 4
98. 2
99. 1
100. 2
101. 2
102. 2
103. 2
104. 5
105. 2
106. 3
107. 1
108. 2
109. 1
110. 2
111. 1
112. 2
113. 1
114. 3
115. 1
116. 1
117. 3
118. 4
119. 2
120. 2
121. 1
122. 4
123. 2
124. 2
125. 3
126. 2
127. 2
128. 1
129. 2
130. 2
131. 3
132. 2
133. 2
134. 3
135. 2
136. 4
137. 2
138. 3
139. 2
140. 2
141. 2
142. 2
143. 1
144. 3
145. 1
146. 1
147. 2
148. 2
149. 3
150. 2
151. 4
152. 2
153. 3
154. 2
155. 1
156. 1
157. 3
158. 2
159. 1
160. 2
161. 2
162. 5
163. 4
164. 2
165. 2
166. 3
167. 1
168. 2
169. 2
170. 1
171. 2
172. 2
173. 3
174. 2
175. 2
176. 2
177. 3
178. 1
179. 2
180. 3
181. 3
182. 2
183. 4
184. 2
185. 2
186. 2
187. 1
188. 3
189. 3
190. 1
191. 3
192. 6
193. 3
194. 2
195. 2
196. 2
197. 1
198. 1
199. 4
200. 2