4523.txt
1. 0
2. 3
3. 2
4. 3
5. 0
6. 0
7. 2
8. 0
9. 0
10. 2
11. 2
12. 0
13. 0
14. 1
15. 0
16. 2
17. 0
18. 2
19. 0
20. 1
21. 3
22. 2
23. 2
24. 0
25. 0
26. 2
27. 1
28. 3
29. 0
30. 4
31. 0
32. 1
33. 2
34. 0
35. 1
36. 2
37. 1
38. 1
39. 1
40. 1
41. 2
42. 2
43. 1
44. 2
45. 2
46. 0
47. 3
48. 1
49. 2
50. 2
51. 0
52. 1
53. 0
54. 0
55. 0
56. 1
57. 9
58. 1
59. 0
60. 0
61. 1
62. 0
63. 1
64. 2
65. 0
66. 0
67. 1
68. 0
69. 1
70. 2
71. 2
72. 1
73. 2
74. 0
75. 4
76. 2
77. 2
78. 1
79. 1
80. 1
81. 1
82. 0
83. 2
84. 2
85. 2
86. 1
87. 0
88. 1
89. 0
90. 1
91. 3
92. 0
93. 2
94. 2
95. 2
96. 1
97. 2
98. 3
99. 1
100. 4
101. 0
102. 2
103. 8
104. 2
105. 0
106. 1
107. 0
108. 1
109. 0
110. 2
111. 4
112. 0
113. 0
114. 1
115. 2
116. 3
117. 5
118. 1
119. 3
120. 1
121. 0
122. 3
123. 3
124. 0
125. 0
126. 1
127. 2
128. 0
129. 0
130. 2
131. 2
132. 2
133. 2
134. 0
135. 0
136. 3
137. 4
138. 3
139. 1
140. 0
141. 2
142. 5
143. 0
144. 0
145. 1
146. 0
147. 0
148. 4
149. 0
150. 1
151. 0
152. 0
153. 4
154. 1
155. 0
156. 2
157. 3
158. 1
159. 2
160. 3
161. 0
162. 1
163. 2
164. 0
165. 0
166. 1
167. 1
168. 2
169. 1
170. 1
171. 0
172. 0
173. 1
174. 0
175. 4
176. 0
177. 1
178. 1
179. 0
180. 2
181. 0
182. 0
183. 1
184. 0
185. 0
186. 0
187. 3
188. 1
189. 0
190. 2
191. 3
192. 4
193. 1
194. 1
195. 2
196. 4
197. 0
198. 0
199. 1
200. 2