4528.txt
1. 3
2. 2
3. 1
4. 3
5. 2
6. 4
7. 5
8. 4
9. 2
10. 3
11. 1
12. 1
13. 2
14. 1
15. 2
16. 2
17. 2
18. 1
19. 1
20. 2
21. 3
22. 4
23. 3
24. 3
25. 3
26. 1
27. 3
28. 3
29. 2
30. 3
31. 2
32. 1
33. 3
34. 2
35. 2
36. 2
37. 1
38. 2
39. 3
40. 3
41. 2
42. 3
43. 2
44. 3
45. 2
46. 2
47. 2
48. 2
49. 2
50. 1
51. 3
52. 2
53. 2
54. 2
55. 3
56. 2
57. 2
58. 1
59. 5
60. 1
61. 3
62. 2
63. 2
64. 2
65. 3
66. 5
67. 4
68. 2
69. 2
70. 4
71. 1
72. 2
73. 3
74. 3
75. 2
76. 2
77. 2
78. 2
79. 3
80. 3
81. 2
82. 2
83. 2
84. 2
85. 2
86. 4
87. 1
88. 3
89. 3
90. 5
91. 1
92. 2
93. 4
94. 3
95. 2
96. 3
97. 2
98. 4
99. 3
100. 8
101. 2
102. 1
103. 4
104. 2
105. 8
106. 3
107. 3
108. 2
109. 2
110. 2
111. 3
112. 4
113. 2
114. 3
115. 1
116. 2
117. 3
118. 3
119. 1
120. 1
121. 2
122. 2
123. 1
124. 2
125. 1
126. 2
127. 4
128. 2
129. 2
130. 3
131. 3
132. 3
133. 3
134. 2
135. 2
136. 3
137. 2
138. 3
139. 3
140. 2
141. 2
142. 2
143. 4
144. 1
145. 2
146. 3
147. 3
148. 1
149. 2
150. 6
151. 2
152. 2
153. 2
154. 2
155. 2
156. 3
157. 3
158. 2
159. 4
160. 4
161. 1
162. 2
163. 2
164. 4
165. 2
166. 3
167. 3
168. 3
169. 2
170. 1
171. 2
172. 3
173. 4
174. 2
175. 2
176. 2
177. 1
178. 1
179. 1
180. 2
181. 4
182. 2
183. 2
184. 2
185. 3
186. 2
187. 3
188. 1
189. 3
190. 2
191. 2
192. 2
193. 2
194. 3
195. 5
196. 2
197. 2
198. 4
199. 4
200. 2