4538.txt
1. 7
2. 2
3. 3
4. 2
5. 2
6. 1
7. 2
8. 1
9. 2
10. 1
11. 4
12. 3
13. 4
14. 6
15. 2
16. 1
17. 2
18. 1
19. 5
20. 4
21. 3
22. 2
23. 5
24. 2
25. 1
26. 3
27. 1
28. 2
29. 4
30. 1
31. 7
32. 3
33. 2
34. 1
35. 2
36. 1
37. 3
38. 6
39. 3
40. 3
41. 2
42. 2
43. 4
44. 3
45. 4
46. 1
47. 1
48. 3
49. 4
50. 3
51. 2
52. 5
53. 2
54. 5
55. 1
56. 3
57. 7
58. 1
59. 3
60. 5
61. 1
62. 2
63. 2
64. 1
65. 2
66. 3
67. 3
68. 2
69. 2
70. 2
71. 2
72. 2
73. 3
74. 2
75. 2
76. 3
77. 2
78. 3
79. 2
80. 2
81. 3
82. 2
83. 3
84. 6
85. 8
86. 5
87. 2
88. 1
89. 3
90. 5
91. 4
92. 1
93. 2
94. 2
95. 1
96. 2
97. 7
98. 4
99. 2
100. 3
101. 4
102. 6
103. 2
104. 2
105. 2
106. 2
107. 3
108. 3
109. 3
110. 2
111. 2
112. 3
113. 4
114. 2
115. 2
116. 2
117. 1
118. 2
119. 3
120. 2
121. 1
122. 5
123. 2
124. 5
125. 4
126. 3
127. 3
128. 3
129. 3
130. 2
131. 2
132. 1
133. 4
134. 2
135. 1
136. 1
137. 2
138. 3
139. 3
140. 2
141. 3
142. 5
143. 3
144. 3
145. 5
146. 2
147. 4
148. 5
149. 2
150. 3
151. 2
152. 2
153. 3
154. 4
155. 3
156. 2
157. 3
158. 2
159. 6
160. 3
161. 4
162. 2
163. 2
164. 2
165. 2
166. 2
167. 2
168. 1
169. 8
170. 2
171. 3
172. 2
173. 2
174. 2
175. 1
176. 3
177. 3
178. 2
179. 2
180. 3
181. 3
182. 3
183. 5
184. 1
185. 4
186. 4
187. 3
188. 2
189. 3
190. 2
191. 2
192. 2
193. 2
194. 3
195. 3
196. 3
197. 3
198. 4
199. 2
200. 2