4539.txt
1. 6
2. 2
3. 1
4. 1
5. 2
6. 5
7. 3
8. 2
9. 1
10. 1
11. 1
12. 0
13. 2
14. 2
15. 4
16. 4
17. 2
18. 3
19. 3
20. 4
21. 4
22. 3
23. 4
24. 1
25. 7
26. 1
27. 2
28. 4
29. 1
30. 2
31. 4
32. 4
33. 2
34. 1
35. 3
36. 1
37. 4
38. 2
39. 3
40. 6
41. 2
42. 2
43. 3
44. 4
45. 2
46. 6
47. 2
48. 3
49. 4
50. 4
51. 1
52. 3
53. 2
54. 0
55. 3
56. 4
57. 2
58. 3
59. 4
60. 2
61. 2
62. 5
63. 1
64. 2
65. 2
66. 3
67. 3
68. 2
69. 1
70. 3
71. 2
72. 1
73. 3
74. 4
75. 2
76. 3
77. 5
78. 2
79. 3
80. 3
81. 3
82. 3
83. 2
84. 1
85. 4
86. 4
87. 2
88. 3
89. 2
90. 2
91. 3
92. 2
93. 2
94. 2
95. 3
96. 4
97. 2
98. 3
99. 2
100. 3
101. 2
102. 1
103. 3
104. 1
105. 3
106. 2
107. 3
108. 3
109. 1
110. 3
111. 1
112. 4
113. 3
114. 2
115. 2
116. 3
117. 2
118. 3
119. 5
120. 4
121. 2
122. 2
123. 3
124. 1
125. 2
126. 3
127. 2
128. 3
129. 1
130. 4
131. 3
132. 2
133. 2
134. 2
135. 3
136. 3
137. 2
138. 3
139. 3
140. 3
141. 4
142. 4
143. 3
144. 2
145. 1
146. 3
147. 3
148. 1
149. 2
150. 3
151. 1
152. 4
153. 3
154. 2
155. 3
156. 2
157. 2
158. 2
159. 3
160. 3
161. 2
162. 3
163. 4
164. 3
165. 5
166. 2
167. 2
168. 3
169. 2
170. 3
171. 3
172. 5
173. 3
174. 5
175. 3
176. 3
177. 1
178. 3
179. 2
180. 4
181. 3
182. 4
183. 4
184. 1
185. 4
186. 3
187. 2
188. 4
189. 4
190. 3
191. 2
192. 2
193. 2
194. 4
195. 2
196. 4
197. 3
198. 2
199. 3
200. 2