455.txt
1. 0
2. 1
3. 1
4. 1
5. 0
6. 3
7. 2
8. 1
9. 1
10. 2
11. 1
12. 0
13. 1
14. 1
15. 2
16. 0
17. 3
18. 1
19. 5
20. 2
21. 3
22. 1
23. 2
24. 1
25. 2
26. 2
27. 2
28. 3
29. 2
30. 2
31. 1
32. 1
33. 2
34. 2
35. 3
36. 2
37. 0
38. 2
39. 7
40. 3
41. 2
42. 2
43. 1
44. 0
45. 3
46. 2
47. 3
48. 2
49. 1
50. 1
51. 2
52. 2
53. 1
54. 2
55. 8
56. 1
57. 0
58. 1
59. 1
60. 2
61. 1
62. 2
63. 3
64. 2
65. 2
66. 1
67. 3
68. 2
69. 2
70. 1
71. 2
72. 1
73. 2
74. 2
75. 2
76. 1
77. 2
78. 0
79. 0
80. 3
81. 2
82. 2
83. 2
84. 3
85. 2
86. 1
87. 1
88. 4
89. 2
90. 1
91. 1
92. 3
93. 1
94. 2
95. 2
96. 1
97. 2
98. 1
99. 0
100. 2
101. 2
102. 1
103. 3
104. 6
105. 2
106. 2
107. 7
108. 3
109. 1
110. 2
111. 2
112. 3
113. 4
114. 2
115. 1
116. 0
117. 3
118. 2
119. 1
120. 3
121. 2
122. 1
123. 2
124. 2
125. 1
126. 1
127. 3
128. 2
129. 1
130. 2
131. 2
132. 3
133. 2
134. 2
135. 1
136. 1
137. 2
138. 2
139. 4
140. 1
141. 2
142. 2
143. 3
144. 1
145. 1
146. 3
147. 0
148. 2
149. 2
150. 1
151. 2
152. 2
153. 2
154. 4
155. 3
156. 3
157. 2
158. 2
159. 2
160. 1
161. 3
162. 2
163. 3
164. 2
165. 3
166. 2
167. 2
168. 3
169. 2
170. 1
171. 1
172. 2
173. 2
174. 1
175. 4
176. 1
177. 2
178. 1
179. 2
180. 3
181. 2
182. 4
183. 1
184. 3
185. 1
186. 3
187. 1
188. 2
189. 2
190. 3
191. 5
192. 2
193. 3
194. 2
195. 1
196. 3
197. 2
198. 1
199. 5
200. 1