4554.txt
1. 2
2. 1
3. 0
4. 4
5. 3
6. 1
7. 2
8. 2
9. 0
10. 4
11. 0
12. 3
13. 2
14. 0
15. 2
16. 1
17. 4
18. 1
19. 0
20. 1
21. 0
22. 1
23. 1
24. 2
25. 4
26. 1
27. 0
28. 1
29. 1
30. 2
31. 1
32. 5
33. 0
34. 2
35. 2
36. 1
37. 1
38. 1
39. 1
40. 1
41. 3
42. 4
43. 2
44. 0
45. 1
46. 0
47. 4
48. 2
49. 2
50. 1
51. 1
52. 1
53. 5
54. 1
55. 2
56. 1
57. 4
58. 0
59. 2
60. 1
61. 1
62. 1
63. 3
64. 2
65. 1
66. 2
67. 2
68. 2
69. 3
70. 5
71. 0
72. 3
73. 4
74. 3
75. 3
76. 1
77. 0
78. 2
79. 1
80. 3
81. 2
82. 3
83. 2
84. 1
85. 0
86. 3
87. 1
88. 1
89. 2
90. 1
91. 1
92. 2
93. 3
94. 0
95. 2
96. 0
97. 1
98. 2
99. 2
100. 2
101. 0
102. 1
103. 3
104. 3
105. 3
106. 2
107. 3
108. 1
109. 3
110. 1
111. 4
112. 1
113. 1
114. 2
115. 1
116. 2
117. 2
118. 1
119. 1
120. 2
121. 1
122. 0
123. 2
124. 5
125. 1
126. 0
127. 4
128. 2
129. 2
130. 3
131. 1
132. 0
133. 3
134. 2
135. 2
136. 2
137. 1
138. 3
139. 1
140. 1
141. 1
142. 2
143. 1
144. 3
145. 0
146. 2
147. 5
148. 1
149. 3
150. 2
151. 2
152. 1
153. 2
154. 2
155. 3
156. 1
157. 1
158. 2
159. 2
160. 2
161. 1
162. 4
163. 2
164. 2
165. 3
166. 3
167. 0
168. 3
169. 0
170. 2
171. 3
172. 1
173. 2
174. 1
175. 3
176. 4
177. 3
178. 3
179. 1
180. 5
181. 1
182. 2
183. 0
184. 3
185. 2
186. 1
187. 2
188. 3
189. 3
190. 1
191. 0
192. 3
193. 3
194. 2
195. 2
196. 1
197. 3
198. 2
199. 3
200. 2