4573.txt
1. 0
2. 2
3. 0
4. 1
5. 2
6. 1
7. 4
8. 2
9. 0
10. 3
11. 1
12. 0
13. 0
14. 2
15. 4
16. 5
17. 2
18. 3
19. 0
20. 2
21. 3
22. 1
23. 1
24. 3
25. 4
26. 2
27. 6
28. 0
29. 2
30. 0
31. 2
32. 1
33. 1
34. 0
35. 2
36. 2
37. 3
38. 2
39. 4
40. 1
41. 1
42. 3
43. 2
44. 1
45. 2
46. 2
47. 0
48. 5
49. 4
50. 0
51. 1
52. 1
53. 2
54. 2
55. 1
56. 7
57. 1
58. 1
59. 4
60. 2
61. 1
62. 0
63. 4
64. 1
65. 1
66. 2
67. 3
68. 3
69. 3
70. 1
71. 2
72. 2
73. 0
74. 3
75. 1
76. 2
77. 1
78. 4
79. 0
80. 2
81. 1
82. 4
83. 1
84. 2
85. 3
86. 3
87. 2
88. 4
89. 1
90. 1
91. 0
92. 3
93. 3
94. 3
95. 0
96. 0
97. 0
98. 2
99. 4
100. 6
101. 1
102. 2
103. 3
104. 1
105. 1
106. 0
107. 8
108. 3
109. 2
110. 2
111. 2
112. 2
113. 2
114. 1
115. 6
116. 2
117. 1
118. 1
119. 0
120. 1
121. 2
122. 1
123. 4
124. 2
125. 2
126. 1
127. 0
128. 0
129. 1
130. 0
131. 1
132. 1
133. 3
134. 3
135. 2
136. 3
137. 1
138. 2
139. 1
140. 2
141. 3
142. 2
143. 1
144. 2
145. 0
146. 2
147. 2
148. 1
149. 2
150. 3
151. 2
152. 1
153. 3
154. 2
155. 3
156. 1
157. 1
158. 3
159. 2
160. 4
161. 0
162. 1
163. 1
164. 5
165. 6
166. 1
167. 0
168. 2
169. 1
170. 1
171. 1
172. 1
173. 2
174. 2
175. 1
176. 3
177. 2
178. 2
179. 1
180. 1
181. 2
182. 0
183. 1
184. 1
185. 2
186. 1
187. 2
188. 2
189. 2
190. 2
191. 1
192. 1
193. 2
194. 3
195. 3
196. 2
197. 6
198. 2
199. 3
200. 5