4577.txt
1. 2
2. 2
3. 3
4. 4
5. 2
6. 3
7. 1
8. 2
9. 1
10. 2
11. 3
12. 4
13. 3
14. 1
15. 4
16. 3
17. 2
18. 3
19. 2
20. 4
21. 2
22. 1
23. 2
24. 3
25. 1
26. 5
27. 1
28. 4
29. 2
30. 2
31. 3
32. 3
33. 2
34. 4
35. 1
36. 2
37. 4
38. 3
39. 2
40. 4
41. 4
42. 2
43. 3
44. 2
45. 3
46. 2
47. 2
48. 2
49. 4
50. 2
51. 2
52. 2
53. 2
54. 1
55. 3
56. 2
57. 2
58. 4
59. 2
60. 1
61. 3
62. 2
63. 2
64. 1
65. 3
66. 3
67. 2
68. 4
69. 2
70. 3
71. 2
72. 2
73. 2
74. 2
75. 3
76. 7
77. 2
78. 2
79. 4
80. 2
81. 2
82. 2
83. 3
84. 2
85. 2
86. 1
87. 2
88. 2
89. 2
90. 1
91. 4
92. 3
93. 2
94. 2
95. 5
96. 2
97. 3
98. 3
99. 8
100. 2
101. 2
102. 4
103. 1
104. 4
105. 2
106. 3
107. 2
108. 3
109. 2
110. 3
111. 3
112. 2
113. 2
114. 1
115. 2
116. 3
117. 2
118. 4
119. 2
120. 2
121. 3
122. 2
123. 3
124. 3
125. 2
126. 3
127. 2
128. 2
129. 2
130. 3
131. 3
132. 4
133. 1
134. 2
135. 3
136. 3
137. 3
138. 3
139. 2
140. 3
141. 2
142. 2
143. 1
144. 2
145. 2
146. 3
147. 4
148. 2
149. 4
150. 2
151. 3
152. 3
153. 2
154. 2
155. 1
156. 2
157. 2
158. 1
159. 3
160. 3
161. 3
162. 3
163. 2
164. 2
165. 2
166. 4
167. 2
168. 2
169. 1
170. 2
171. 2
172. 2
173. 3
174. 2
175. 4
176. 2
177. 2
178. 2
179. 2
180. 2
181. 3
182. 3
183. 2
184. 2
185. 3
186. 4
187. 2
188. 3
189. 2
190. 3
191. 2
192. 2
193. 3
194. 2
195. 4
196. 2
197. 2
198. 3
199. 4
200. 3