458.txt
1. 7
2. 3
3. 2
4. 1
5. 3
6. 4
7. 2
8. 1
9. 2
10. 4
11. 4
12. 1
13. 2
14. 4
15. 4
16. 6
17. 2
18. 3
19. 1
20. 2
21. 1
22. 2
23. 1
24. 2
25. 1
26. 5
27. 2
28. 4
29. 3
30. 2
31. 2
32. 1
33. 1
34. 4
35. 2
36. 2
37. 3
38. 7
39. 1
40. 2
41. 5
42. 1
43. 2
44. 3
45. 2
46. 3
47. 2
48. 3
49. 4
50. 1
51. 4
52. 4
53. 2
54. 1
55. 3
56. 3
57. 3
58. 3
59. 2
60. 3
61. 2
62. 2
63. 1
64. 2
65. 3
66. 3
67. 1
68. 1
69. 1
70. 1
71. 2
72. 2
73. 4
74. 2
75. 3
76. 3
77. 4
78. 3
79. 7
80. 4
81. 3
82. 3
83. 6
84. 2
85. 2
86. 5
87. 3
88. 2
89. 2
90. 4
91. 2
92. 2
93. 3
94. 3
95. 4
96. 3
97. 5
98. 4
99. 3
100. 2
101. 3
102. 2
103. 2
104. 1
105. 2
106. 3
107. 3
108. 2
109. 3
110. 3
111. 3
112. 3
113. 2
114. 2
115. 1
116. 2
117. 2
118. 4
119. 3
120. 10
121. 3
122. 1
123. 2
124. 6
125. 4
126. 1
127. 3
128. 3
129. 2
130. 1
131. 4
132. 2
133. 6
134. 3
135. 5
136. 2
137. 2
138. 2
139. 3
140. 2
141. 2
142. 1
143. 2
144. 2
145. 5
146. 3
147. 2
148. 2
149. 2
150. 2
151. 4
152. 2
153. 2
154. 2
155. 3
156. 4
157. 2
158. 6
159. 3
160. 4
161. 3
162. 2
163. 2
164. 2
165. 2
166. 1
167. 3
168. 3
169. 3
170. 1
171. 2
172. 2
173. 6
174. 2
175. 4
176. 5
177. 2
178. 2
179. 3
180. 3
181. 2
182. 2
183. 2
184. 3
185. 3
186. 3
187. 2
188. 3
189. 3
190. 3
191. 1
192. 3
193. 2
194. 3
195. 4
196. 2
197. 3
198. 2
199. 1
200. 3