4584.txt
1. 0
2. 3
3. 1
4. 0
5. 2
6. 0
7. 2
8. 0
9. 5
10. 2
11. 7
12. 0
13. 1
14. 2
15. 2
16. 2
17. 4
18. 4
19. 0
20. 3
21. 1
22. 2
23. 2
24. 1
25. 7
26. 2
27. 0
28. 2
29. 0
30. 1
31. 1
32. 9
33. 1
34. 2
35. 2
36. 1
37. 1
38. 3
39. 0
40. 4
41. 5
42. 3
43. 1
44. 0
45. 2
46. 1
47. 0
48. 0
49. 0
50. 2
51. 2
52. 1
53. 0
54. 1
55. 0
56. 3
57. 0
58. 1
59. 1
60. 2
61. 0
62. 1
63. 0
64. 1
65. 5
66. 1
67. 2
68. 1
69. 0
70. 2
71. 0
72. 3
73. 0
74. 2
75. 0
76. 2
77. 0
78. 0
79. 0
80. 1
81. 1
82. 0
83. 3
84. 1
85. 1
86. 0
87. 0
88. 6
89. 4
90. 0
91. 2
92. 0
93. 1
94. 1
95. 0
96. 0
97. 1
98. 1
99. 2
100. 3
101. 0
102. 0
103. 0
104. 4
105. 1
106. 0
107. 2
108. 3
109. 0
110. 2
111. 1
112. 1
113. 4
114. 2
115. 1
116. 0
117. 4
118. 0
119. 2
120. 0
121. 7
122. 1
123. 0
124. 1
125. 2
126. 3
127. 0
128. 0
129. 0
130. 2
131. 3
132. 1
133. 3
134. 4
135. 2
136. 1
137. 0
138. 0
139. 1
140. 1
141. 1
142. 0
143. 1
144. 2
145. 0
146. 0
147. 0
148. 2
149. 1
150. 1
151. 2
152. 0
153. 3
154. 1
155. 0
156. 3
157. 1
158. 0
159. 2
160. 4
161. 1
162. 2
163. 0
164. 3
165. 1
166. 3
167. 1
168. 1
169. 1
170. 1
171. 4
172. 0
173. 2
174. 0
175. 2
176. 0
177. 2
178. 2
179. 3
180. 2
181. 1
182. 1
183. 1
184. 0
185. 1
186. 2
187. 1
188. 1
189. 1
190. 2
191. 2
192. 0
193. 2
194. 3
195. 3
196. 4
197. 2
198. 2
199. 1
200. 0