4591.txt
1. 2
2. 1
3. 0
4. 3
5. 4
6. 1
7. 1
8. 4
9. 2
10. 1
11. 1
12. 1
13. 2
14. 2
15. 3
16. 3
17. 4
18. 3
19. 6
20. 3
21. 2
22. 5
23. 1
24. 3
25. 1
26. 2
27. 3
28. 1
29. 3
30. 2
31. 1
32. 2
33. 5
34. 3
35. 3
36. 1
37. 2
38. 4
39. 2
40. 1
41. 2
42. 4
43. 1
44. 3
45. 2
46. 1
47. 2
48. 2
49. 2
50. 2
51. 2
52. 3
53. 1
54. 2
55. 3
56. 1
57. 2
58. 1
59. 4
60. 1
61. 2
62. 3
63. 2
64. 3
65. 2
66. 3
67. 2
68. 2
69. 4
70. 1
71. 3
72. 2
73. 2
74. 4
75. 2
76. 3
77. 3
78. 2
79. 2
80. 2
81. 2
82. 1
83. 2
84. 1
85. 2
86. 3
87. 2
88. 2
89. 2
90. 4
91. 2
92. 3
93. 3
94. 1
95. 1
96. 2
97. 2
98. 2
99. 3
100. 1
101. 2
102. 2
103. 3
104. 3
105. 2
106. 1
107. 4
108. 1
109. 3
110. 2
111. 1
112. 1
113. 4
114. 3
115. 2
116. 2
117. 1
118. 1
119. 2
120. 3
121. 1
122. 1
123. 5
124. 2
125. 2
126. 1
127. 2
128. 1
129. 1
130. 5
131. 1
132. 2
133. 3
134. 1
135. 2
136. 2
137. 2
138. 2
139. 4
140. 1
141. 2
142. 2
143. 3
144. 2
145. 2
146. 3
147. 2
148. 2
149. 2
150. 2
151. 3
152. 2
153. 3
154. 3
155. 2
156. 2
157. 2
158. 3
159. 1
160. 2
161. 1
162. 2
163. 3
164. 4
165. 2
166. 2
167. 2
168. 2
169. 1
170. 2
171. 4
172. 2
173. 3
174. 2
175. 2
176. 2
177. 1
178. 4
179. 2
180. 2
181. 1
182. 2
183. 1
184. 2
185. 2
186. 3
187. 2
188. 4
189. 3
190. 2
191. 3
192. 3
193. 2
194. 2
195. 4
196. 2
197. 2
198. 3
199. 2
200. 2