4596.txt
1. 2
2. 1
3. 3
4. 1
5. 0
6. 2
7. 1
8. 4
9. 1
10. 2
11. 6
12. 3
13. 2
14. 1
15. 3
16. 2
17. 2
18. 3
19. 1
20. 1
21. 3
22. 2
23. 3
24. 2
25. 3
26. 2
27. 4
28. 3
29. 2
30. 2
31. 2
32. 2
33. 7
34. 2
35. 3
36. 2
37. 1
38. 2
39. 2
40. 3
41. 2
42. 2
43. 3
44. 1
45. 6
46. 3
47. 1
48. 2
49. 1
50. 2
51. 1
52. 2
53. 3
54. 2
55. 2
56. 5
57. 4
58. 2
59. 3
60. 1
61. 1
62. 2
63. 2
64. 3
65. 4
66. 2
67. 8
68. 2
69. 2
70. 1
71. 2
72. 3
73. 2
74. 4
75. 3
76. 3
77. 1
78. 2
79. 2
80. 4
81. 2
82. 3
83. 2
84. 3
85. 2
86. 2
87. 1
88. 2
89. 4
90. 3
91. 3
92. 5
93. 2
94. 3
95. 2
96. 4
97. 1
98. 2
99. 2
100. 4
101. 2
102. 2
103. 2
104. 2
105. 3
106. 2
107. 3
108. 3
109. 2
110. 4
111. 3
112. 2
113. 2
114. 4
115. 3
116. 2
117. 2
118. 2
119. 3
120. 2
121. 2
122. 5
123. 2
124. 2
125. 4
126. 2
127. 3
128. 3
129. 1
130. 2
131. 2
132. 2
133. 3
134. 4
135. 3
136. 2
137. 4
138. 2
139. 3
140. 2
141. 5
142. 2
143. 1
144. 3
145. 2
146. 4
147. 2
148. 3
149. 2
150. 4
151. 2
152. 2
153. 3
154. 4
155. 1
156. 3
157. 2
158. 4
159. 1
160. 2
161. 2
162. 2
163. 2
164. 3
165. 4
166. 2
167. 2
168. 2
169. 3
170. 2
171. 2
172. 2
173. 1
174. 3
175. 2
176. 2
177. 3
178. 3
179. 3
180. 1
181. 3
182. 2
183. 2
184. 4
185. 2
186. 4
187. 2
188. 2
189. 4
190. 3
191. 5
192. 2
193. 5
194. 2
195. 1
196. 3
197. 2
198. 3
199. 2
200. 2