4600.txt
1. 0
2. 1
3. 2
4. 3
5. 0
6. 0
7. 2
8. 3
9. 1
10. 3
11. 1
12. 0
13. 1
14. 1
15. 4
16. 2
17. 0
18. 2
19. 2
20. 0
21. 1
22. 1
23. 0
24. 1
25. 4
26. 2
27. 0
28. 3
29. 4
30. 1
31. 3
32. 0
33. 1
34. 0
35. 1
36. 1
37. 1
38. 0
39. 2
40. 0
41. 1
42. 1
43. 3
44. 1
45. 1
46. 1
47. 1
48. 0
49. 2
50. 2
51. 0
52. 2
53. 2
54. 1
55. 1
56. 2
57. 3
58. 2
59. 2
60. 2
61. 2
62. 2
63. 1
64. 2
65. 3
66. 10
67. 2
68. 1
69. 0
70. 3
71. 7
72. 1
73. 1
74. 2
75. 1
76. 1
77. 3
78. 1
79. 0
80. 1
81. 2
82. 1
83. 1
84. 3
85. 2
86. 2
87. 3
88. 1
89. 1
90. 3
91. 2
92. 0
93. 0
94. 3
95. 1
96. 0
97. 1
98. 3
99. 2
100. 0
101. 0
102. 2
103. 1
104. 0
105. 1
106. 0
107. 0
108. 0
109. 0
110. 7
111. 0
112. 5
113. 0
114. 2
115. 0
116. 2
117. 1
118. 0
119. 3
120. 1
121. 0
122. 1
123. 2
124. 0
125. 3
126. 2
127. 1
128. 0
129. 0
130. 2
131. 2
132. 0
133. 1
134. 2
135. 2
136. 0
137. 0
138. 0
139. 1
140. 0
141. 0
142. 2
143. 1
144. 0
145. 1
146. 1
147. 1
148. 0
149. 1
150. 2
151. 2
152. 0
153. 1
154. 1
155. 2
156. 0
157. 3
158. 3
159. 2
160. 1
161. 0
162. 3
163. 0
164. 1
165. 0
166. 1
167. 1
168. 0
169. 3
170. 2
171. 1
172. 2
173. 0
174. 1
175. 2
176. 0
177. 0
178. 1
179. 2
180. 1
181. 0
182. 3
183. 2
184. 1
185. 1
186. 3
187. 2
188. 2
189. 0
190. 3
191. 1
192. 1
193. 1
194. 3
195. 3
196. 1
197. 1
198. 0
199. 2
200. 0