4604.txt
1. 2
2. 0
3. 0
4. 3
5. 2
6. 2
7. 4
8. 0
9. 7
10. 6
11. 5
12. 6
13. 2
14. 2
15. 0
16. 2
17. 2
18. 2
19. 0
20. 3
21. 2
22. 0
23. 5
24. 2
25. 2
26. 2
27. 2
28. 3
29. 3
30. 8
31. 2
32. 2
33. 3
34. 0
35. 0
36. 2
37. 2
38. 0
39. 0
40. 2
41. 0
42. 0
43. 6
44. 1
45. 0
46. 1
47. 0
48. 0
49. 2
50. 4
51. 1
52. 0
53. 5
54. 1
55. 0
56. 2
57. 4
58. 0
59. 2
60. 2
61. 2
62. 3
63. 3
64. 2
65. 5
66. 0
67. 3
68. 4
69. 3
70. 0
71. 3
72. 3
73. 3
74. 0
75. 0
76. 0
77. 3
78. 1
79. 0
80. 0
81. 3
82. 1
83. 2
84. 2
85. 0
86. 2
87. 3
88. 5
89. 2
90. 2
91. 2
92. 1
93. 0
94. 2
95. 1
96. 0
97. 0
98. 3
99. 2
100. 3
101. 2
102. 2
103. 2
104. 2
105. 3
106. 2
107. 3
108. 0
109. 3
110. 0
111. 0
112. 4
113. 0
114. 2
115. 2
116. 3
117. 1
118. 2
119. 7
120. 2
121. 4
122. 2
123. 0
124. 0
125. 2
126. 2
127. 0
128. 2
129. 2
130. 2
131. 4
132. 1
133. 4
134. 2
135. 3
136. 0
137. 2
138. 3
139. 5
140. 2
141. 0
142. 2
143. 8
144. 0
145. 5
146. 0
147. 2
148. 2
149. 3
150. 2
151. 3
152. 1
153. 2
154. 3
155. 0
156. 2
157. 0
158. 2
159. 3
160. 0
161. 2
162. 2
163. 0
164. 3
165. 3
166. 0
167. 1
168. 0
169. 2
170. 2
171. 2
172. 0
173. 5
174. 4
175. 3
176. 0
177. 3
178. 3
179. 2
180. 0
181. 2
182. 4
183. 3
184. 2
185. 0
186. 2
187. 3
188. 0
189. 2
190. 2
191. 0
192. 1
193. 2
194. 4
195. 0
196. 2
197. 2
198. 2
199. 3
200. 2