4622.txt
1. 0
2. 1
3. 0
4. 2
5. 3
6. 2
7. 0
8. 2
9. 2
10. 0
11. 0
12. 1
13. 1
14. 2
15. 4
16. 3
17. 4
18. 4
19. 3
20. 2
21. 0
22. 0
23. 1
24. 2
25. 1
26. 2
27. 0
28. 6
29. 1
30. 1
31. 1
32. 1
33. 3
34. 2
35. 2
36. 1
37. 1
38. 2
39. 3
40. 2
41. 2
42. 0
43. 2
44. 1
45. 1
46. 1
47. 1
48. 1
49. 1
50. 2
51. 2
52. 1
53. 2
54. 1
55. 0
56. 2
57. 1
58. 3
59. 1
60. 2
61. 1
62. 1
63. 2
64. 2
65. 1
66. 2
67. 2
68. 1
69. 1
70. 1
71. 2
72. 1
73. 3
74. 2
75. 1
76. 1
77. 1
78. 3
79. 1
80. 1
81. 2
82. 2
83. 1
84. 1
85. 2
86. 1
87. 2
88. 2
89. 7
90. 2
91. 1
92. 2
93. 1
94. 1
95. 0
96. 1
97. 2
98. 1
99. 1
100. 2
101. 2
102. 3
103. 1
104. 4
105. 4
106. 1
107. 0
108. 2
109. 1
110. 5
111. 1
112. 1
113. 3
114. 1
115. 2
116. 3
117. 2
118. 1
119. 1
120. 1
121. 0
122. 1
123. 1
124. 2
125. 1
126. 2
127. 0
128. 1
129. 2
130. 1
131. 2
132. 1
133. 1
134. 2
135. 2
136. 1
137. 1
138. 2
139. 2
140. 2
141. 0
142. 1
143. 1
144. 1
145. 1
146. 1
147. 0
148. 2
149. 2
150. 2
151. 3
152. 1
153. 1
154. 0
155. 1
156. 1
157. 1
158. 2
159. 1
160. 1
161. 1
162. 1
163. 5
164. 1
165. 2
166. 2
167. 1
168. 1
169. 2
170. 1
171. 1
172. 2
173. 0
174. 1
175. 2
176. 1
177. 2
178. 1
179. 0
180. 2
181. 1
182. 1
183. 3
184. 2
185. 1
186. 2
187. 1
188. 2
189. 1
190. 1
191. 1
192. 1
193. 3
194. 1
195. 1
196. 2
197. 2
198. 1
199. 6
200. 2