4624.txt
1. 2
2. 1
3. 3
4. 4
5. 2
6. 2
7. 1
8. 3
9. 4
10. 5
11. 2
12. 3
13. 2
14. 2
15. 1
16. 3
17. 3
18. 2
19. 2
20. 3
21. 6
22. 3
23. 4
24. 3
25. 4
26. 2
27. 2
28. 4
29. 3
30. 2
31. 1
32. 2
33. 4
34. 3
35. 4
36. 2
37. 1
38. 2
39. 2
40. 2
41. 3
42. 2
43. 3
44. 2
45. 2
46. 4
47. 3
48. 3
49. 4
50. 3
51. 3
52. 2
53. 2
54. 5
55. 2
56. 5
57. 2
58. 3
59. 3
60. 7
61. 2
62. 2
63. 3
64. 2
65. 1
66. 2
67. 5
68. 3
69. 2
70. 2
71. 3
72. 3
73. 1
74. 3
75. 3
76. 2
77. 1
78. 2
79. 2
80. 4
81. 2
82. 3
83. 4
84. 3
85. 2
86. 3
87. 4
88. 1
89. 2
90. 3
91. 2
92. 2
93. 2
94. 3
95. 2
96. 2
97. 4
98. 2
99. 3
100. 3
101. 2
102. 4
103. 2
104. 4
105. 3
106. 3
107. 4
108. 4
109. 2
110. 2
111. 2
112. 2
113. 3
114. 4
115. 2
116. 4
117. 3
118. 2
119. 2
120. 3
121. 3
122. 2
123. 1
124. 2
125. 2
126. 3
127. 3
128. 4
129. 2
130. 2
131. 2
132. 4
133. 3
134. 2
135. 2
136. 2
137. 3
138. 3
139. 2
140. 3
141. 3
142. 3
143. 3
144. 2
145. 3
146. 3
147. 2
148. 3
149. 2
150. 3
151. 2
152. 2
153. 5
154. 3
155. 3
156. 5
157. 2
158. 6
159. 1
160. 1
161. 2
162. 3
163. 2
164. 2
165. 4
166. 3
167. 2
168. 2
169. 2
170. 3
171. 2
172. 2
173. 2
174. 3
175. 2
176. 4
177. 2
178. 2
179. 4
180. 2
181. 3
182. 2
183. 4
184. 3
185. 3
186. 2
187. 3
188. 3
189. 3
190. 3
191. 2
192. 2
193. 2
194. 3
195. 3
196. 2
197. 2
198. 2
199. 3
200. 3