4628.txt
1. 0
2. 0
3. 1
4. 0
5. 3
6. 4
7. 1
8. 2
9. 1
10. 2
11. 3
12. 4
13. 0
14. 3
15. 0
16. 0
17. 3
18. 0
19. 0
20. 2
21. 2
22. 1
23. 3
24. 2
25. 2
26. 2
27. 0
28. 1
29. 2
30. 1
31. 1
32. 1
33. 1
34. 0
35. 4
36. 1
37. 1
38. 3
39. 2
40. 2
41. 0
42. 3
43. 1
44. 1
45. 1
46. 1
47. 0
48. 1
49. 2
50. 0
51. 2
52. 2
53. 2
54. 3
55. 1
56. 0
57. 1
58. 2
59. 0
60. 0
61. 2
62. 1
63. 2
64. 0
65. 0
66. 0
67. 0
68. 1
69. 1
70. 0
71. 1
72. 4
73. 2
74. 2
75. 3
76. 1
77. 2
78. 0
79. 4
80. 0
81. 0
82. 1
83. 1
84. 1
85. 2
86. 1
87. 2
88. 0
89. 2
90. 0
91. 2
92. 0
93. 0
94. 1
95. 2
96. 0
97. 0
98. 1
99. 2
100. 2
101. 3
102. 2
103. 0
104. 0
105. 2
106. 3
107. 1
108. 2
109. 3
110. 2
111. 3
112. 0
113. 2
114. 0
115. 1
116. 0
117. 0
118. 1
119. 1
120. 0
121. 1
122. 2
123. 1
124. 0
125. 3
126. 1
127. 2
128. 1
129. 1
130. 0
131. 2
132. 1
133. 1
134. 2
135. 2
136. 1
137. 2
138. 2
139. 4
140. 1
141. 2
142. 2
143. 2
144. 0
145. 0
146. 0
147. 1
148. 1
149. 2
150. 3
151. 2
152. 0
153. 2
154. 0
155. 1
156. 0
157. 1
158. 5
159. 2
160. 0
161. 0
162. 3
163. 2
164. 0
165. 2
166. 2
167. 2
168. 0
169. 0
170. 2
171. 0
172. 0
173. 0
174. 1
175. 2
176. 1
177. 0
178. 1
179. 0
180. 2
181. 1
182. 1
183. 2
184. 0
185. 2
186. 2
187. 1
188. 0
189. 1
190. 2
191. 3
192. 2
193. 0
194. 3
195. 1
196. 2
197. 2
198. 2
199. 1
200. 2