4647.txt
1. 0
2. 0
3. 2
4. 0
5. 4
6. 4
7. 2
8. 0
9. 0
10. 2
11. 3
12. 0
13. 1
14. 2
15. 5
16. 1
17. 1
18. 1
19. 2
20. 2
21. 0
22. 0
23. 2
24. 2
25. 0
26. 0
27. 0
28. 1
29. 0
30. 8
31. 1
32. 1
33. 3
34. 2
35. 0
36. 3
37. 2
38. 1
39. 0
40. 0
41. 1
42. 2
43. 1
44. 4
45. 2
46. 3
47. 3
48. 2
49. 2
50. 2
51. 1
52. 3
53. 1
54. 3
55. 4
56. 0
57. 3
58. 3
59. 1
60. 1
61. 0
62. 3
63. 3
64. 2
65. 0
66. 3
67. 1
68. 0
69. 0
70. 1
71. 0
72. 2
73. 0
74. 1
75. 0
76. 0
77. 0
78. 0
79. 3
80. 2
81. 1
82. 2
83. 3
84. 1
85. 0
86. 1
87. 3
88. 2
89. 1
90. 0
91. 0
92. 0
93. 2
94. 3
95. 0
96. 3
97. 2
98. 0
99. 1
100. 2
101. 3
102. 1
103. 1
104. 1
105. 1
106. 0
107. 1
108. 1
109. 2
110. 2
111. 2
112. 1
113. 0
114. 2
115. 2
116. 0
117. 2
118. 2
119. 3
120. 3
121. 2
122. 2
123. 2
124. 3
125. 1
126. 1
127. 1
128. 2
129. 3
130. 2
131. 0
132. 2
133. 2
134. 2
135. 0
136. 2
137. 3
138. 2
139. 3
140. 2
141. 1
142. 1
143. 2
144. 1
145. 0
146. 2
147. 2
148. 1
149. 1
150. 0
151. 1
152. 0
153. 2
154. 1
155. 2
156. 3
157. 2
158. 2
159. 0
160. 1
161. 3
162. 1
163. 2
164. 1
165. 3
166. 0
167. 1
168. 2
169. 0
170. 0
171. 1
172. 2
173. 3
174. 5
175. 2
176. 2
177. 0
178. 3
179. 0
180. 0
181. 0
182. 4
183. 3
184. 2
185. 1
186. 2
187. 0
188. 4
189. 1
190. 3
191. 0
192. 2
193. 0
194. 0
195. 2
196. 2
197. 1
198. 2
199. 3
200. 1