4649.txt
1. 0
2. 0
3. 1
4. 0
5. 2
6. 4
7. 0
8. 2
9. 2
10. 1
11. 2
12. 0
13. 8
14. 0
15. 0
16. 4
17. 3
18. 2
19. 0
20. 2
21. 1
22. 3
23. 2
24. 1
25. 3
26. 1
27. 2
28. 0
29. 2
30. 0
31. 2
32. 2
33. 0
34. 2
35. 2
36. 2
37. 2
38. 0
39. 3
40. 1
41. 1
42. 3
43. 0
44. 1
45. 4
46. 1
47. 2
48. 2
49. 3
50. 1
51. 5
52. 2
53. 1
54. 0
55. 2
56. 2
57. 0
58. 0
59. 3
60. 0
61. 2
62. 2
63. 1
64. 2
65. 3
66. 0
67. 2
68. 1
69. 2
70. 1
71. 2
72. 2
73. 4
74. 4
75. 3
76. 1
77. 2
78. 2
79. 3
80. 2
81. 4
82. 3
83. 4
84. 1
85. 1
86. 1
87. 0
88. 3
89. 2
90. 2
91. 0
92. 2
93. 2
94. 1
95. 0
96. 1
97. 0
98. 2
99. 3
100. 0
101. 2
102. 1
103. 3
104. 4
105. 3
106. 0
107. 1
108. 1
109. 4
110. 1
111. 2
112. 0
113. 1
114. 1
115. 2
116. 0
117. 0
118. 0
119. 1
120. 4
121. 2
122. 4
123. 2
124. 2
125. 2
126. 1
127. 2
128. 3
129. 1
130. 0
131. 1
132. 3
133. 0
134. 1
135. 0
136. 2
137. 0
138. 2
139. 2
140. 2
141. 2
142. 0
143. 2
144. 1
145. 3
146. 1
147. 2
148. 1
149. 0
150. 1
151. 2
152. 4
153. 3
154. 0
155. 2
156. 3
157. 2
158. 3
159. 2
160. 1
161. 0
162. 2
163. 0
164. 0
165. 2
166. 0
167. 0
168. 1
169. 3
170. 1
171. 2
172. 1
173. 2
174. 4
175. 0
176. 1
177. 3
178. 2
179. 1
180. 2
181. 3
182. 1
183. 3
184. 2
185. 2
186. 4
187. 1
188. 2
189. 3
190. 1
191. 1
192. 0
193. 0
194. 0
195. 1
196. 1
197. 2
198. 0
199. 2
200. 2