4660.txt
1. 2
2. 3
3. 1
4. 2
5. 8
6. 4
7. 2
8. 4
9. 2
10. 5
11. 2
12. 2
13. 1
14. 1
15. 2
16. 3
17. 1
18. 2
19. 2
20. 3
21. 2
22. 3
23. 1
24. 2
25. 1
26. 4
27. 2
28. 3
29. 2
30. 6
31. 1
32. 1
33. 4
34. 2
35. 2
36. 1
37. 7
38. 3
39. 8
40. 1
41. 3
42. 2
43. 6
44. 2
45. 2
46. 2
47. 3
48. 2
49. 2
50. 2
51. 4
52. 2
53. 3
54. 2
55. 1
56. 4
57. 3
58. 2
59. 5
60. 3
61. 1
62. 2
63. 7
64. 1
65. 3
66. 1
67. 2
68. 2
69. 3
70. 1
71. 3
72. 2
73. 3
74. 1
75. 1
76. 2
77. 2
78. 2
79. 3
80. 4
81. 4
82. 2
83. 3
84. 1
85. 3
86. 2
87. 1
88. 1
89. 3
90. 1
91. 2
92. 1
93. 3
94. 1
95. 3
96. 1
97. 4
98. 3
99. 3
100. 2
101. 4
102. 2
103. 3
104. 3
105. 2
106. 2
107. 3
108. 3
109. 2
110. 2
111. 3
112. 4
113. 2
114. 3
115. 3
116. 2
117. 4
118. 4
119. 2
120. 2
121. 2
122. 3
123. 3
124. 2
125. 2
126. 1
127. 1
128. 2
129. 4
130. 1
131. 2
132. 7
133. 2
134. 1
135. 5
136. 4
137. 1
138. 2
139. 1
140. 1
141. 3
142. 3
143. 2
144. 3
145. 2
146. 1
147. 2
148. 1
149. 2
150. 1
151. 1
152. 2
153. 1
154. 2
155. 1
156. 1
157. 2
158. 2
159. 2
160. 3
161. 2
162. 2
163. 2
164. 3
165. 3
166. 1
167. 2
168. 4
169. 1
170. 2
171. 1
172. 2
173. 4
174. 3
175. 2
176. 2
177. 3
178. 2
179. 2
180. 3
181. 2
182. 1
183. 3
184. 1
185. 2
186. 2
187. 2
188. 2
189. 2
190. 4
191. 2
192. 2
193. 1
194. 3
195. 3
196. 2
197. 1
198. 3
199. 2
200. 2