4667.txt
1. 2
2. 3
3. 4
4. 2
5. 2
6. 5
7. 3
8. 6
9. 2
10. 3
11. 4
12. 2
13. 5
14. 2
15. 7
16. 3
17. 4
18. 6
19. 3
20. 2
21. 3
22. 2
23. 3
24. 3
25. 3
26. 2
27. 2
28. 3
29. 4
30. 3
31. 3
32. 1
33. 3
34. 6
35. 2
36. 4
37. 3
38. 3
39. 3
40. 4
41. 2
42. 3
43. 2
44. 3
45. 3
46. 4
47. 6
48. 3
49. 4
50. 3
51. 7
52. 2
53. 2
54. 3
55. 2
56. 3
57. 5
58. 3
59. 3
60. 3
61. 5
62. 1
63. 2
64. 2
65. 3
66. 5
67. 1
68. 3
69. 3
70. 2
71. 2
72. 1
73. 2
74. 3
75. 3
76. 2
77. 4
78. 2
79. 4
80. 3
81. 4
82. 2
83. 3
84. 4
85. 4
86. 4
87. 2
88. 2
89. 2
90. 7
91. 3
92. 3
93. 2
94. 3
95. 4
96. 1
97. 3
98. 5
99. 3
100. 2
101. 2
102. 4
103. 3
104. 3
105. 3
106. 2
107. 3
108. 3
109. 2
110. 3
111. 5
112. 4
113. 2
114. 2
115. 3
116. 2
117. 3
118. 4
119. 3
120. 2
121. 2
122. 2
123. 3
124. 3
125. 3
126. 2
127. 3
128. 4
129. 2
130. 3
131. 3
132. 8
133. 4
134. 4
135. 2
136. 2
137. 3
138. 2
139. 2
140. 2
141. 2
142. 2
143. 3
144. 3
145. 3
146. 3
147. 1
148. 2
149. 4
150. 3
151. 2
152. 6
153. 3
154. 3
155. 3
156. 3
157. 2
158. 3
159. 3
160. 3
161. 3
162. 3
163. 2
164. 2
165. 3
166. 2
167. 2
168. 3
169. 2
170. 2
171. 2
172. 3
173. 3
174. 6
175. 2
176. 1
177. 2
178. 5
179. 3
180. 2
181. 3
182. 4
183. 3
184. 2
185. 3
186. 3
187. 2
188. 2
189. 3
190. 2
191. 3
192. 2
193. 2
194. 3
195. 3
196. 3
197. 3
198. 2
199. 5
200. 4