4681.txt
1. 4
2. 2
3. 2
4. 2
5. 4
6. 1
7. 3
8. 4
9. 2
10. 4
11. 3
12. 2
13. 1
14. 7
15. 1
16. 1
17. 3
18. 1
19. 1
20. 3
21. 2
22. 4
23. 2
24. 2
25. 4
26. 2
27. 3
28. 2
29. 2
30. 2
31. 3
32. 1
33. 4
34. 2
35. 1
36. 3
37. 1
38. 3
39. 4
40. 3
41. 3
42. 3
43. 1
44. 3
45. 7
46. 3
47. 2
48. 3
49. 3
50. 3
51. 2
52. 3
53. 2
54. 2
55. 4
56. 1
57. 2
58. 2
59. 4
60. 5
61. 3
62. 2
63. 2
64. 3
65. 3
66. 4
67. 1
68. 3
69. 4
70. 3
71. 3
72. 2
73. 4
74. 1
75. 3
76. 2
77. 2
78. 4
79. 2
80. 1
81. 3
82. 1
83. 2
84. 2
85. 2
86. 4
87. 2
88. 3
89. 2
90. 2
91. 3
92. 2
93. 1
94. 2
95. 1
96. 3
97. 3
98. 2
99. 3
100. 2
101. 2
102. 2
103. 2
104. 4
105. 2
106. 2
107. 3
108. 2
109. 2
110. 1
111. 1
112. 1
113. 3
114. 2
115. 2
116. 4
117. 3
118. 3
119. 3
120. 3
121. 4
122. 2
123. 3
124. 3
125. 3
126. 3
127. 4
128. 2
129. 3
130. 1
131. 2
132. 1
133. 6
134. 3
135. 2
136. 1
137. 3
138. 3
139. 2
140. 2
141. 1
142. 3
143. 2
144. 1
145. 1
146. 3
147. 2
148. 2
149. 2
150. 1
151. 1
152. 4
153. 1
154. 2
155. 2
156. 2
157. 3
158. 3
159. 3
160. 2
161. 1
162. 3
163. 3
164. 4
165. 1
166. 2
167. 2
168. 3
169. 1
170. 3
171. 2
172. 3
173. 2
174. 3
175. 4
176. 2
177. 3
178. 2
179. 2
180. 4
181. 2
182. 3
183. 5
184. 3
185. 1
186. 2
187. 2
188. 3
189. 3
190. 3
191. 5
192. 2
193. 4
194. 3
195. 4
196. 2
197. 2
198. 1
199. 1
200. 2