4683.txt
1. 4
2. 0
3. 1
4. 0
5. 0
6. 3
7. 0
8. 1
9. 3
10. 0
11. 2
12. 0
13. 0
14. 8
15. 3
16. 2
17. 1
18. 1
19. 0
20. 9
21. 0
22. 0
23. 1
24. 0
25. 0
26. 1
27. 4
28. 0
29. 0
30. 3
31. 5
32. 0
33. 0
34. 1
35. 2
36. 1
37. 1
38. 0
39. 2
40. 2
41. 1
42. 0
43. 2
44. 8
45. 0
46. 0
47. 3
48. 0
49. 2
50. 2
51. 0
52. 2
53. 1
54. 0
55. 2
56. 0
57. 1
58. 3
59. 1
60. 0
61. 0
62. 0
63. 5
64. 0
65. 1
66. 0
67. 2
68. 1
69. 2
70. 1
71. 0
72. 1
73. 0
74. 4
75. 2
76. 1
77. 3
78. 6
79. 0
80. 3
81. 3
82. 3
83. 1
84. 1
85. 0
86. 0
87. 3
88. 2
89. 0
90. 2
91. 0
92. 0
93. 0
94. 0
95. 0
96. 0
97. 2
98. 4
99. 2
100. 0
101. 3
102. 2
103. 3
104. 2
105. 1
106. 0
107. 2
108. 4
109. 0
110. 3
111. 0
112. 0
113. 2
114. 3
115. 1
116. 0
117. 0
118. 3
119. 0
120. 0
121. 2
122. 0
123. 3
124. 1
125. 0
126. 1
127. 0
128. 4
129. 3
130. 0
131. 1
132. 3
133. 2
134. 0
135. 0
136. 0
137. 1
138. 0
139. 0
140. 1
141. 0
142. 5
143. 1
144. 0
145. 0
146. 0
147. 1
148. 3
149. 0
150. 1
151. 3
152. 2
153. 0
154. 1
155. 1
156. 2
157. 0
158. 2
159. 0
160. 3
161. 0
162. 0
163. 0
164. 0
165. 0
166. 1
167. 0
168. 0
169. 0
170. 3
171. 2
172. 2
173. 0
174. 0
175. 1
176. 1
177. 0
178. 1
179. 3
180. 4
181. 1
182. 0
183. 0
184. 3
185. 0
186. 0
187. 0
188. 5
189. 1
190. 1
191. 0
192. 1
193. 0
194. 0
195. 0
196. 2
197. 0
198. 2
199. 5
200. 0