4695.txt
1. 0
2. 2
3. 4
4. 0
5. 1
6. 3
7. 6
8. 1
9. 1
10. 3
11. 0
12. 1
13. 2
14. 2
15. 2
16. 0
17. 1
18. 2
19. 0
20. 1
21. 2
22. 2
23. 1
24. 1
25. 3
26. 5
27. 3
28. 1
29. 2
30. 2
31. 1
32. 4
33. 3
34. 2
35. 1
36. 2
37. 1
38. 2
39. 2
40. 2
41. 2
42. 2
43. 7
44. 1
45. 1
46. 2
47. 2
48. 2
49. 2
50. 1
51. 5
52. 1
53. 4
54. 3
55. 0
56. 2
57. 2
58. 1
59. 1
60. 2
61. 2
62. 3
63. 1
64. 1
65. 2
66. 2
67. 0
68. 2
69. 0
70. 2
71. 2
72. 0
73. 1
74. 2
75. 2
76. 2
77. 0
78. 3
79. 2
80. 0
81. 3
82. 1
83. 0
84. 4
85. 4
86. 0
87. 6
88. 1
89. 1
90. 2
91. 2
92. 3
93. 1
94. 6
95. 1
96. 3
97. 1
98. 4
99. 2
100. 3
101. 2
102. 2
103. 2
104. 3
105. 1
106. 2
107. 0
108. 4
109. 3
110. 1
111. 2
112. 0
113. 2
114. 2
115. 2
116. 1
117. 2
118. 2
119. 2
120. 1
121. 0
122. 3
123. 0
124. 1
125. 1
126. 1
127. 2
128. 3
129. 1
130. 1
131. 0
132. 2
133. 1
134. 2
135. 3
136. 2
137. 2
138. 1
139. 1
140. 2
141. 2
142. 1
143. 2
144. 3
145. 3
146. 1
147. 3
148. 2
149. 2
150. 2
151. 1
152. 1
153. 2
154. 2
155. 1
156. 2
157. 1
158. 4
159. 0
160. 2
161. 1
162. 3
163. 1
164. 2
165. 1
166. 1
167. 0
168. 1
169. 3
170. 4
171. 1
172. 2
173. 3
174. 2
175. 0
176. 0
177. 2
178. 2
179. 3
180. 5
181. 1
182. 2
183. 1
184. 6
185. 2
186. 0
187. 1
188. 0
189. 3
190. 3
191. 1
192. 2
193. 6
194. 1
195. 1
196. 3
197. 2
198. 1
199. 1
200. 3