4707.txt
1. 2
2. 1
3. 1
4. 7
5. 2
6. 4
7. 3
8. 3
9. 8
10. 9
11. 1
12. 3
13. 1
14. 2
15. 1
16. 1
17. 4
18. 3
19. 2
20. 2
21. 4
22. 5
23. 2
24. 3
25. 8
26. 2
27. 6
28. 3
29. 5
30. 1
31. 1
32. 2
33. 2
34. 2
35. 2
36. 1
37. 2
38. 2
39. 1
40. 3
41. 4
42. 2
43. 2
44. 2
45. 3
46. 3
47. 1
48. 3
49. 4
50. 2
51. 4
52. 7
53. 1
54. 2
55. 3
56. 3
57. 2
58. 3
59. 4
60. 3
61. 2
62. 8
63. 2
64. 3
65. 2
66. 2
67. 1
68. 2
69. 3
70. 4
71. 4
72. 2
73. 2
74. 2
75. 2
76. 6
77. 4
78. 2
79. 2
80. 2
81. 3
82. 3
83. 2
84. 2
85. 3
86. 2
87. 3
88. 3
89. 3
90. 1
91. 2
92. 7
93. 3
94. 3
95. 4
96. 3
97. 1
98. 2
99. 2
100. 3
101. 2
102. 3
103. 2
104. 4
105. 2
106. 1
107. 2
108. 2
109. 4
110. 3
111. 3
112. 4
113. 2
114. 2
115. 3
116. 2
117. 3
118. 5
119. 3
120. 4
121. 2
122. 3
123. 3
124. 2
125. 3
126. 1
127. 2
128. 3
129. 2
130. 2
131. 2
132. 3
133. 3
134. 3
135. 2
136. 1
137. 3
138. 3
139. 3
140. 3
141. 4
142. 2
143. 1
144. 2
145. 2
146. 3
147. 2
148. 5
149. 2
150. 3
151. 3
152. 3
153. 2
154. 2
155. 2
156. 3
157. 2
158. 2
159. 2
160. 2
161. 2
162. 3
163. 2
164. 3
165. 3
166. 5
167. 1
168. 2
169. 3
170. 4
171. 4
172. 1
173. 2
174. 4
175. 2
176. 3
177. 2
178. 2
179. 4
180. 3
181. 3
182. 2
183. 2
184. 2
185. 2
186. 3
187. 3
188. 3
189. 2
190. 2
191. 2
192. 2
193. 2
194. 2
195. 3
196. 2
197. 2
198. 4
199. 3
200. 2