4712.txt
1. 3
2. 0
3. 2
4. 0
5. 2
6. 3
7. 1
8. 0
9. 2
10. 0
11. 2
12. 4
13. 0
14. 3
15. 2
16. 2
17. 1
18. 1
19. 1
20. 3
21. 0
22. 1
23. 2
24. 4
25. 2
26. 0
27. 3
28. 0
29. 3
30. 2
31. 2
32. 7
33. 0
34. 0
35. 1
36. 1
37. 1
38. 2
39. 3
40. 0
41. 7
42. 2
43. 2
44. 0
45. 2
46. 1
47. 2
48. 0
49. 1
50. 2
51. 2
52. 7
53. 1
54. 1
55. 2
56. 2
57. 0
58. 1
59. 2
60. 2
61. 0
62. 0
63. 0
64. 2
65. 1
66. 2
67. 1
68. 1
69. 4
70. 1
71. 2
72. 2
73. 0
74. 3
75. 5
76. 0
77. 3
78. 3
79. 2
80. 1
81. 0
82. 3
83. 0
84. 3
85. 1
86. 1
87. 2
88. 3
89. 2
90. 0
91. 0
92. 2
93. 3
94. 2
95. 1
96. 3
97. 4
98. 1
99. 1
100. 2
101. 3
102. 1
103. 2
104. 2
105. 4
106. 1
107. 1
108. 5
109. 3
110. 2
111. 0
112. 3
113. 5
114. 2
115. 1
116. 1
117. 1
118. 2
119. 1
120. 3
121. 1
122. 4
123. 1
124. 2
125. 1
126. 2
127. 2
128. 2
129. 1
130. 2
131. 0
132. 2
133. 3
134. 2
135. 2
136. 2
137. 1
138. 4
139. 0
140. 1
141. 2
142. 5
143. 2
144. 3
145. 5
146. 0
147. 1
148. 1
149. 2
150. 1
151. 1
152. 1
153. 1
154. 2
155. 3
156. 1
157. 2
158. 0
159. 6
160. 3
161. 1
162. 1
163. 1
164. 2
165. 2
166. 1
167. 2
168. 2
169. 2
170. 2
171. 1
172. 0
173. 1
174. 1
175. 3
176. 2
177. 3
178. 2
179. 2
180. 3
181. 8
182. 2
183. 3
184. 1
185. 5
186. 0
187. 1
188. 1
189. 3
190. 1
191. 3
192. 3
193. 3
194. 1
195. 1
196. 2
197. 4
198. 1
199. 2
200. 2