4720.txt
1. 2
2. 4
3. 2
4. 2
5. 3
6. 2
7. 1
8. 1
9. 4
10. 3
11. 4
12. 2
13. 3
14. 0
15. 2
16. 6
17. 2
18. 2
19. 1
20. 5
21. 4
22. 1
23. 3
24. 1
25. 3
26. 2
27. 1
28. 4
29. 2
30. 1
31. 3
32. 1
33. 4
34. 2
35. 1
36. 3
37. 2
38. 2
39. 3
40. 1
41. 4
42. 1
43. 2
44. 4
45. 1
46. 4
47. 1
48. 2
49. 2
50. 1
51. 3
52. 2
53. 3
54. 1
55. 2
56. 2
57. 1
58. 2
59. 4
60. 1
61. 1
62. 2
63. 3
64. 4
65. 3
66. 2
67. 1
68. 2
69. 2
70. 2
71. 2
72. 1
73. 3
74. 2
75. 2
76. 3
77. 1
78. 2
79. 3
80. 2
81. 2
82. 4
83. 2
84. 2
85. 3
86. 1
87. 2
88. 3
89. 2
90. 1
91. 3
92. 3
93. 2
94. 2
95. 7
96. 3
97. 2
98. 2
99. 3
100. 2
101. 2
102. 1
103. 4
104. 3
105. 2
106. 2
107. 4
108. 3
109. 2
110. 2
111. 2
112. 3
113. 2
114. 2
115. 3
116. 2
117. 3
118. 2
119. 1
120. 3
121. 2
122. 2
123. 3
124. 2
125. 2
126. 2
127. 3
128. 2
129. 2
130. 2
131. 3
132. 3
133. 2
134. 2
135. 1
136. 2
137. 2
138. 1
139. 3
140. 2
141. 2
142. 2
143. 1
144. 1
145. 2
146. 2
147. 2
148. 3
149. 4
150. 3
151. 3
152. 3
153. 2
154. 2
155. 5
156. 2
157. 2
158. 2
159. 2
160. 3
161. 2
162. 1
163. 1
164. 2
165. 3
166. 1
167. 2
168. 2
169. 2
170. 3
171. 3
172. 1
173. 2
174. 2
175. 1
176. 1
177. 2
178. 2
179. 1
180. 2
181. 3
182. 2
183. 3
184. 3
185. 2
186. 3
187. 4
188. 1
189. 2
190. 1
191. 2
192. 3
193. 2
194. 3
195. 2
196. 4
197. 1
198. 2
199. 2
200. 2