4725.txt
1. 0
2. 0
3. 0
4. 5
5. 4
6. 0
7. 0
8. 2
9. 3
10. 0
11. 0
12. 3
13. 0
14. 0
15. 3
16. 2
17. 3
18. 3
19. 0
20. 2
21. 3
22. 2
23. 1
24. 2
25. 2
26. 4
27. 0
28. 0
29. 3
30. 2
31. 0
32. 2
33. 3
34. 8
35. 3
36. 2
37. 0
38. 4
39. 0
40. 0
41. 3
42. 3
43. 1
44. 0
45. 0
46. 2
47. 0
48. 4
49. 0
50. 3
51. 0
52. 0
53. 2
54. 4
55. 2
56. 0
57. 2
58. 3
59. 2
60. 2
61. 0
62. 2
63. 0
64. 0
65. 0
66. 0
67. 0
68. 3
69. 5
70. 0
71. 0
72. 0
73. 4
74. 0
75. 0
76. 0
77. 3
78. 0
79. 2
80. 2
81. 3
82. 0
83. 0
84. 0
85. 2
86. 2
87. 2
88. 2
89. 0
90. 2
91. 0
92. 0
93. 2
94. 4
95. 2
96. 2
97. 2
98. 0
99. 0
100. 0
101. 0
102. 3
103. 2
104. 0
105. 2
106. 0
107. 0
108. 2
109. 3
110. 0
111. 2
112. 0
113. 3
114. 4
115. 0
116. 0
117. 0
118. 2
119. 2
120. 2
121. 2
122. 0
123. 0
124. 0
125. 3
126. 0
127. 2
128. 2
129. 3
130. 2
131. 2
132. 0
133. 3
134. 2
135. 0
136. 2
137. 3
138. 2
139. 0
140. 2
141. 0
142. 0
143. 4
144. 3
145. 2
146. 0
147. 2
148. 0
149. 4
150. 2
151. 0
152. 0
153. 2
154. 2
155. 3
156. 2
157. 2
158. 0
159. 0
160. 2
161. 0
162. 0
163. 2
164. 0
165. 2
166. 0
167. 2
168. 5
169. 0
170. 2
171. 4
172. 0
173. 2
174. 2
175. 0
176. 4
177. 0
178. 3
179. 2
180. 2
181. 0
182. 4
183. 0
184. 0
185. 2
186. 2
187. 2
188. 3
189. 0
190. 0
191. 2
192. 0
193. 0
194. 3
195. 0
196. 0
197. 2
198. 0
199. 0
200. 2