4736.txt
1. 2
2. 7
3. 2
4. 2
5. 1
6. 1
7. 2
8. 3
9. 1
10. 5
11. 2
12. 2
13. 3
14. 2
15. 2
16. 1
17. 2
18. 2
19. 1
20. 5
21. 3
22. 3
23. 2
24. 2
25. 3
26. 2
27. 3
28. 2
29. 2
30. 2
31. 3
32. 4
33. 2
34. 4
35. 1
36. 2
37. 3
38. 2
39. 5
40. 2
41. 3
42. 2
43. 3
44. 3
45. 4
46. 3
47. 3
48. 3
49. 3
50. 3
51. 2
52. 1
53. 4
54. 3
55. 6
56. 2
57. 3
58. 2
59. 3
60. 4
61. 2
62. 3
63. 1
64. 2
65. 3
66. 3
67. 2
68. 2
69. 3
70. 4
71. 2
72. 1
73. 2
74. 5
75. 3
76. 4
77. 2
78. 2
79. 3
80. 4
81. 2
82. 1
83. 3
84. 2
85. 5
86. 3
87. 2
88. 3
89. 4
90. 2
91. 3
92. 3
93. 2
94. 3
95. 3
96. 3
97. 3
98. 3
99. 2
100. 3
101. 3
102. 2
103. 2
104. 3
105. 2
106. 2
107. 3
108. 2
109. 3
110. 2
111. 2
112. 2
113. 4
114. 3
115. 2
116. 2
117. 4
118. 3
119. 2
120. 3
121. 2
122. 2
123. 2
124. 2
125. 2
126. 3
127. 3
128. 3
129. 2
130. 2
131. 3
132. 2
133. 3
134. 2
135. 2
136. 1
137. 3
138. 3
139. 3
140. 6
141. 3
142. 2
143. 2
144. 3
145. 4
146. 2
147. 3
148. 2
149. 3
150. 2
151. 3
152. 2
153. 3
154. 4
155. 1
156. 3
157. 2
158. 3
159. 3
160. 4
161. 2
162. 2
163. 2
164. 2
165. 4
166. 2
167. 2
168. 3
169. 6
170. 2
171. 2
172. 3
173. 3
174. 2
175. 3
176. 2
177. 3
178. 4
179. 2
180. 1
181. 2
182. 1
183. 2
184. 2
185. 3
186. 2
187. 3
188. 3
189. 3
190. 2
191. 1
192. 5
193. 3
194. 2
195. 2
196. 2
197. 2
198. 4
199. 4
200. 4