4744.txt
1. 2
2. 1
3. 3
4. 1
5. 3
6. 1
7. 2
8. 3
9. 1
10. 3
11. 2
12. 4
13. 2
14. 3
15. 2
16. 2
17. 2
18. 2
19. 3
20. 2
21. 3
22. 4
23. 3
24. 4
25. 1
26. 4
27. 3
28. 2
29. 3
30. 1
31. 2
32. 2
33. 1
34. 2
35. 1
36. 5
37. 2
38. 3
39. 2
40. 2
41. 1
42. 4
43. 2
44. 1
45. 1
46. 1
47. 2
48. 3
49. 1
50. 7
51. 6
52. 1
53. 2
54. 2
55. 2
56. 3
57. 2
58. 2
59. 3
60. 7
61. 2
62. 1
63. 6
64. 1
65. 3
66. 2
67. 1
68. 2
69. 1
70. 1
71. 1
72. 1
73. 2
74. 3
75. 5
76. 1
77. 1
78. 2
79. 3
80. 1
81. 1
82. 2
83. 2
84. 2
85. 2
86. 2
87. 3
88. 3
89. 4
90. 1
91. 1
92. 2
93. 2
94. 2
95. 2
96. 3
97. 2
98. 2
99. 2
100. 3
101. 1
102. 2
103. 1
104. 3
105. 2
106. 3
107. 2
108. 2
109. 2
110. 2
111. 3
112. 4
113. 1
114. 1
115. 3
116. 1
117. 2
118. 1
119. 3
120. 2
121. 2
122. 3
123. 2
124. 1
125. 3
126. 1
127. 3
128. 2
129. 2
130. 1
131. 1
132. 2
133. 2
134. 2
135. 4
136. 2
137. 1
138. 3
139. 8
140. 3
141. 1
142. 3
143. 1
144. 3
145. 2
146. 1
147. 2
148. 2
149. 3
150. 4
151. 3
152. 1
153. 1
154. 1
155. 2
156. 3
157. 5
158. 2
159. 2
160. 1
161. 2
162. 1
163. 3
164. 1
165. 5
166. 2
167. 2
168. 2
169. 2
170. 1
171. 2
172. 2
173. 2
174. 2
175. 4
176. 3
177. 4
178. 4
179. 1
180. 2
181. 3
182. 1
183. 2
184. 2
185. 1
186. 2
187. 2
188. 1
189. 4
190. 4
191. 2
192. 3
193. 2
194. 1
195. 2
196. 2
197. 2
198. 1
199. 2
200. 5