4746.txt
1. 8
2. 1
3. 1
4. 2
5. 2
6. 1
7. 4
8. 1
9. 3
10. 2
11. 2
12. 3
13. 1
14. 3
15. 1
16. 7
17. 2
18. 3
19. 2
20. 1
21. 3
22. 2
23. 1
24. 2
25. 2
26. 8
27. 2
28. 3
29. 4
30. 1
31. 3
32. 0
33. 3
34. 1
35. 3
36. 3
37. 2
38. 1
39. 1
40. 2
41. 3
42. 3
43. 3
44. 2
45. 2
46. 9
47. 3
48. 2
49. 3
50. 3
51. 3
52. 1
53. 2
54. 2
55. 2
56. 1
57. 1
58. 2
59. 3
60. 2
61. 1
62. 3
63. 1
64. 2
65. 1
66. 2
67. 3
68. 1
69. 7
70. 3
71. 2
72. 1
73. 2
74. 3
75. 4
76. 1
77. 2
78. 1
79. 2
80. 3
81. 2
82. 2
83. 2
84. 3
85. 2
86. 2
87. 1
88. 2
89. 6
90. 2
91. 2
92. 2
93. 3
94. 3
95. 1
96. 3
97. 4
98. 3
99. 2
100. 2
101. 3
102. 2
103. 2
104. 3
105. 3
106. 2
107. 2
108. 1
109. 2
110. 2
111. 2
112. 2
113. 1
114. 2
115. 4
116. 2
117. 5
118. 2
119. 1
120. 3
121. 2
122. 2
123. 1
124. 2
125. 1
126. 3
127. 1
128. 2
129. 1
130. 1
131. 1
132. 3
133. 2
134. 2
135. 2
136. 3
137. 2
138. 2
139. 1
140. 2
141. 2
142. 2
143. 2
144. 2
145. 3
146. 1
147. 2
148. 2
149. 2
150. 3
151. 4
152. 3
153. 2
154. 2
155. 2
156. 3
157. 5
158. 2
159. 1
160. 4
161. 3
162. 2
163. 1
164. 1
165. 2
166. 2
167. 6
168. 2
169. 2
170. 3
171. 2
172. 2
173. 3
174. 2
175. 3
176. 2
177. 4
178. 3
179. 2
180. 5
181. 3
182. 2
183. 2
184. 2
185. 3
186. 1
187. 2
188. 2
189. 2
190. 2
191. 3
192. 2
193. 2
194. 2
195. 2
196. 2
197. 2
198. 3
199. 1
200. 3