4758.txt
1. 2
2. 3
3. 2
4. 0
5. 2
6. 3
7. 2
8. 5
9. 2
10. 1
11. 1
12. 0
13. 3
14. 1
15. 2
16. 4
17. 3
18. 1
19. 3
20. 2
21. 1
22. 3
23. 2
24. 3
25. 2
26. 1
27. 6
28. 4
29. 2
30. 4
31. 2
32. 1
33. 2
34. 2
35. 5
36. 4
37. 3
38. 2
39. 1
40. 2
41. 2
42. 3
43. 2
44. 4
45. 4
46. 1
47. 2
48. 2
49. 3
50. 2
51. 2
52. 2
53. 2
54. 5
55. 2
56. 2
57. 4
58. 2
59. 2
60. 4
61. 1
62. 2
63. 2
64. 1
65. 6
66. 3
67. 3
68. 1
69. 2
70. 4
71. 2
72. 1
73. 3
74. 3
75. 1
76. 3
77. 1
78. 2
79. 2
80. 3
81. 1
82. 1
83. 1
84. 2
85. 2
86. 2
87. 3
88. 1
89. 6
90. 2
91. 2
92. 1
93. 1
94. 1
95. 2
96. 4
97. 2
98. 3
99. 2
100. 2
101. 3
102. 2
103. 2
104. 1
105. 5
106. 4
107. 2
108. 2
109. 3
110. 3
111. 1
112. 3
113. 2
114. 2
115. 3
116. 2
117. 1
118. 3
119. 3
120. 2
121. 3
122. 2
123. 2
124. 3
125. 3
126. 2
127. 1
128. 2
129. 2
130. 3
131. 3
132. 1
133. 4
134. 1
135. 3
136. 2
137. 2
138. 3
139. 3
140. 6
141. 1
142. 2
143. 3
144. 2
145. 1
146. 1
147. 1
148. 2
149. 3
150. 2
151. 2
152. 3
153. 2
154. 2
155. 2
156. 2
157. 3
158. 2
159. 4
160. 3
161. 3
162. 2
163. 2
164. 4
165. 1
166. 2
167. 4
168. 4
169. 2
170. 2
171. 1
172. 2
173. 1
174. 2
175. 2
176. 2
177. 3
178. 2
179. 2
180. 2
181. 1
182. 2
183. 1
184. 2
185. 2
186. 2
187. 2
188. 1
189. 4
190. 3
191. 2
192. 2
193. 2
194. 5
195. 3
196. 3
197. 1
198. 2
199. 2
200. 2