4761.txt
1. 2
2. 2
3. 1
4. 1
5. 2
6. 0
7. 6
8. 0
9. 1
10. 0
11. 2
12. 3
13. 2
14. 1
15. 4
16. 3
17. 2
18. 3
19. 3
20. 4
21. 2
22. 2
23. 4
24. 3
25. 1
26. 1
27. 4
28. 1
29. 2
30. 2
31. 2
32. 2
33. 2
34. 3
35. 3
36. 1
37. 2
38. 3
39. 2
40. 1
41. 2
42. 2
43. 1
44. 1
45. 3
46. 2
47. 2
48. 2
49. 4
50. 1
51. 2
52. 3
53. 2
54. 5
55. 2
56. 1
57. 4
58. 2
59. 3
60. 3
61. 2
62. 2
63. 6
64. 3
65. 2
66. 1
67. 2
68. 3
69. 2
70. 1
71. 1
72. 2
73. 3
74. 3
75. 2
76. 2
77. 3
78. 1
79. 2
80. 2
81. 1
82. 3
83. 1
84. 5
85. 2
86. 3
87. 1
88. 2
89. 4
90. 2
91. 5
92. 1
93. 1
94. 1
95. 2
96. 6
97. 3
98. 1
99. 2
100. 2
101. 3
102. 2
103. 2
104. 1
105. 4
106. 3
107. 2
108. 3
109. 2
110. 2
111. 2
112. 4
113. 1
114. 3
115. 2
116. 7
117. 3
118. 2
119. 2
120. 1
121. 1
122. 4
123. 2
124. 1
125. 2
126. 2
127. 2
128. 2
129. 3
130. 1
131. 3
132. 3
133. 2
134. 4
135. 3
136. 4
137. 1
138. 3
139. 1
140. 1
141. 3
142. 3
143. 3
144. 2
145. 1
146. 2
147. 2
148. 4
149. 1
150. 2
151. 4
152. 3
153. 4
154. 2
155. 3
156. 2
157. 4
158. 1
159. 1
160. 1
161. 1
162. 2
163. 3
164. 2
165. 3
166. 3
167. 3
168. 2
169. 2
170. 4
171. 2
172. 3
173. 3
174. 3
175. 1
176. 1
177. 2
178. 3
179. 2
180. 3
181. 2
182. 3
183. 2
184. 4
185. 3
186. 2
187. 2
188. 3
189. 3
190. 2
191. 3
192. 4
193. 1
194. 3
195. 1
196. 1
197. 2
198. 3
199. 1
200. 2