4777.txt
1. 2
2. 6
3. 0
4. 2
5. 2
6. 2
7. 7
8. 1
9. 2
10. 1
11. 0
12. 1
13. 4
14. 2
15. 1
16. 2
17. 2
18. 0
19. 7
20. 3
21. 1
22. 0
23. 2
24. 1
25. 2
26. 1
27. 4
28. 1
29. 1
30. 5
31. 1
32. 2
33. 2
34. 1
35. 2
36. 4
37. 2
38. 1
39. 2
40. 1
41. 2
42. 1
43. 3
44. 2
45. 1
46. 1
47. 1
48. 2
49. 2
50. 4
51. 3
52. 3
53. 3
54. 2
55. 2
56. 2
57. 2
58. 2
59. 3
60. 2
61. 1
62. 2
63. 1
64. 2
65. 1
66. 3
67. 1
68. 2
69. 1
70. 2
71. 1
72. 2
73. 1
74. 1
75. 1
76. 1
77. 1
78. 3
79. 1
80. 3
81. 1
82. 1
83. 1
84. 2
85. 2
86. 1
87. 4
88. 2
89. 1
90. 2
91. 1
92. 2
93. 3
94. 2
95. 1
96. 1
97. 4
98. 2
99. 2
100. 3
101. 1
102. 2
103. 2
104. 1
105. 1
106. 1
107. 1
108. 2
109. 2
110. 3
111. 4
112. 3
113. 2
114. 1
115. 1
116. 1
117. 1
118. 1
119. 1
120. 1
121. 1
122. 1
123. 2
124. 2
125. 1
126. 1
127. 1
128. 1
129. 2
130. 1
131. 3
132. 1
133. 2
134. 1
135. 2
136. 1
137. 4
138. 3
139. 2
140. 6
141. 2
142. 2
143. 1
144. 1
145. 1
146. 2
147. 2
148. 2
149. 2
150. 2
151. 3
152. 2
153. 2
154. 2
155. 3
156. 3
157. 1
158. 3
159. 1
160. 3
161. 3
162. 2
163. 1
164. 2
165. 4
166. 1
167. 2
168. 1
169. 1
170. 2
171. 1
172. 2
173. 3
174. 2
175. 1
176. 3
177. 1
178. 3
179. 1
180. 1
181. 2
182. 2
183. 2
184. 2
185. 4
186. 2
187. 2
188. 2
189. 2
190. 2
191. 2
192. 1
193. 1
194. 3
195. 3
196. 1
197. 1
198. 2
199. 3
200. 2