478.txt
1. 2
2. 3
3. 1
4. 3
5. 2
6. 4
7. 1
8. 1
9. 3
10. 2
11. 7
12. 1
13. 2
14. 4
15. 2
16. 4
17. 3
18. 3
19. 2
20. 2
21. 4
22. 6
23. 4
24. 3
25. 2
26. 1
27. 5
28. 2
29. 3
30. 1
31. 5
32. 3
33. 2
34. 4
35. 2
36. 4
37. 3
38. 3
39. 4
40. 2
41. 3
42. 3
43. 4
44. 3
45. 3
46. 4
47. 2
48. 2
49. 3
50. 3
51. 4
52. 2
53. 3
54. 3
55. 3
56. 2
57. 3
58. 2
59. 3
60. 2
61. 2
62. 2
63. 2
64. 3
65. 5
66. 5
67. 2
68. 2
69. 2
70. 2
71. 1
72. 4
73. 2
74. 4
75. 2
76. 5
77. 2
78. 2
79. 2
80. 2
81. 2
82. 4
83. 3
84. 3
85. 2
86. 1
87. 3
88. 2
89. 2
90. 2
91. 3
92. 2
93. 2
94. 4
95. 2
96. 4
97. 2
98. 2
99. 3
100. 2
101. 2
102. 1
103. 4
104. 2
105. 3
106. 2
107. 2
108. 3
109. 2
110. 2
111. 2
112. 3
113. 3
114. 3
115. 4
116. 4
117. 2
118. 2
119. 2
120. 1
121. 2
122. 3
123. 4
124. 2
125. 2
126. 3
127. 5
128. 2
129. 3
130. 2
131. 3
132. 2
133. 3
134. 2
135. 4
136. 2
137. 2
138. 2
139. 4
140. 4
141. 4
142. 3
143. 2
144. 2
145. 8
146. 2
147. 3
148. 2
149. 3
150. 2
151. 3
152. 3
153. 2
154. 3
155. 3
156. 2
157. 3
158. 2
159. 2
160. 2
161. 2
162. 3
163. 1
164. 2
165. 4
166. 3
167. 2
168. 2
169. 3
170. 3
171. 3
172. 3
173. 3
174. 2
175. 2
176. 3
177. 3
178. 3
179. 2
180. 4
181. 2
182. 3
183. 2
184. 2
185. 2
186. 2
187. 3
188. 4
189. 1
190. 3
191. 3
192. 2
193. 2
194. 2
195. 3
196. 2
197. 1
198. 2
199. 2
200. 4