479.txt
1. 4
2. 5
3. 3
4. 2
5. 1
6. 3
7. 2
8. 2
9. 4
10. 3
11. 2
12. 1
13. 3
14. 5
15. 2
16. 2
17. 3
18. 4
19. 2
20. 3
21. 2
22. 1
23. 2
24. 3
25. 2
26. 7
27. 3
28. 2
29. 4
30. 2
31. 2
32. 2
33. 3
34. 3
35. 4
36. 3
37. 3
38. 4
39. 2
40. 2
41. 2
42. 1
43. 1
44. 3
45. 2
46. 3
47. 2
48. 3
49. 2
50. 3
51. 1
52. 1
53. 3
54. 1
55. 2
56. 2
57. 2
58. 1
59. 6
60. 2
61. 4
62. 2
63. 2
64. 3
65. 2
66. 2
67. 3
68. 4
69. 3
70. 2
71. 4
72. 2
73. 3
74. 1
75. 3
76. 4
77. 3
78. 3
79. 1
80. 3
81. 2
82. 2
83. 2
84. 2
85. 2
86. 1
87. 2
88. 3
89. 2
90. 3
91. 3
92. 2
93. 1
94. 3
95. 4
96. 3
97. 3
98. 4
99. 3
100. 2
101. 4
102. 1
103. 2
104. 3
105. 3
106. 2
107. 1
108. 3
109. 3
110. 1
111. 3
112. 1
113. 3
114. 3
115. 2
116. 2
117. 3
118. 3
119. 2
120. 2
121. 3
122. 2
123. 3
124. 2
125. 3
126. 1
127. 2
128. 1
129. 2
130. 2
131. 3
132. 3
133. 2
134. 2
135. 2
136. 1
137. 2
138. 1
139. 2
140. 2
141. 4
142. 3
143. 2
144. 2
145. 2
146. 2
147. 3
148. 3
149. 2
150. 4
151. 2
152. 3
153. 2
154. 2
155. 3
156. 1
157. 3
158. 2
159. 2
160. 5
161. 2
162. 1
163. 1
164. 2
165. 3
166. 2
167. 2
168. 2
169. 2
170. 3
171. 3
172. 2
173. 2
174. 1
175. 3
176. 2
177. 1
178. 3
179. 2
180. 1
181. 2
182. 2
183. 3
184. 2
185. 1
186. 2
187. 2
188. 2
189. 2
190. 3
191. 2
192. 2
193. 2
194. 2
195. 2
196. 2
197. 2
198. 3
199. 2
200. 3