4792.txt
1. 0
2. 4
3. 0
4. 3
5. 1
6. 2
7. 4
8. 0
9. 0
10. 3
11. 7
12. 0
13. 2
14. 0
15. 0
16. 2
17. 0
18. 6
19. 2
20. 0
21. 2
22. 0
23. 3
24. 4
25. 2
26. 0
27. 2
28. 1
29. 2
30. 3
31. 1
32. 3
33. 0
34. 2
35. 4
36. 2
37. 0
38. 3
39. 1
40. 4
41. 3
42. 1
43. 2
44. 1
45. 0
46. 0
47. 8
48. 0
49. 3
50. 1
51. 0
52. 2
53. 1
54. 1
55. 0
56. 1
57. 0
58. 3
59. 2
60. 0
61. 1
62. 0
63. 0
64. 1
65. 0
66. 1
67. 0
68. 0
69. 3
70. 4
71. 1
72. 3
73. 3
74. 2
75. 3
76. 2
77. 0
78. 2
79. 1
80. 3
81. 2
82. 0
83. 0
84. 2
85. 0
86. 0
87. 0
88. 3
89. 0
90. 2
91. 3
92. 0
93. 0
94. 1
95. 0
96. 3
97. 0
98. 0
99. 4
100. 0
101. 2
102. 0
103. 0
104. 3
105. 0
106. 5
107. 0
108. 2
109. 4
110. 0
111. 1
112. 3
113. 1
114. 2
115. 0
116. 2
117. 0
118. 2
119. 3
120. 0
121. 0
122. 0
123. 0
124. 4
125. 2
126. 7
127. 0
128. 3
129. 0
130. 0
131. 2
132. 3
133. 0
134. 2
135. 2
136. 0
137. 0
138. 2
139. 1
140. 3
141. 0
142. 0
143. 6
144. 1
145. 1
146. 0
147. 2
148. 2
149. 1
150. 2
151. 0
152. 1
153. 2
154. 0
155. 2
156. 3
157. 0
158. 0
159. 0
160. 3
161. 0
162. 3
163. 1
164. 0
165. 0
166. 2
167. 2
168. 0
169. 0
170. 2
171. 0
172. 1
173. 2
174. 3
175. 4
176. 2
177. 1
178. 3
179. 0
180. 2
181. 0
182. 1
183. 1
184. 0
185. 2
186. 2
187. 2
188. 0
189. 2
190. 3
191. 0
192. 4
193. 0
194. 3
195. 2
196. 1
197. 2
198. 2
199. 1
200. 4