4794.txt
1. 0
2. 1
3. 2
4. 1
5. 1
6. 0
7. 2
8. 2
9. 0
10. 2
11. 3
12. 4
13. 5
14. 2
15. 4
16. 3
17. 4
18. 2
19. 1
20. 3
21. 0
22. 2
23. 1
24. 1
25. 3
26. 1
27. 2
28. 1
29. 2
30. 2
31. 3
32. 2
33. 2
34. 2
35. 3
36. 1
37. 1
38. 3
39. 3
40. 1
41. 0
42. 2
43. 2
44. 1
45. 2
46. 4
47. 2
48. 0
49. 2
50. 2
51. 2
52. 3
53. 1
54. 2
55. 1
56. 1
57. 2
58. 2
59. 2
60. 2
61. 1
62. 2
63. 1
64. 1
65. 3
66. 3
67. 0
68. 2
69. 2
70. 3
71. 1
72. 2
73. 1
74. 3
75. 2
76. 3
77. 2
78. 3
79. 6
80. 1
81. 1
82. 2
83. 1
84. 2
85. 4
86. 1
87. 1
88. 1
89. 2
90. 2
91. 2
92. 4
93. 2
94. 1
95. 0
96. 3
97. 1
98. 2
99. 2
100. 1
101. 1
102. 2
103. 2
104. 2
105. 1
106. 2
107. 1
108. 2
109. 1
110. 2
111. 5
112. 3
113. 0
114. 1
115. 1
116. 2
117. 3
118. 2
119. 0
120. 1
121. 0
122. 1
123. 2
124. 5
125. 1
126. 1
127. 1
128. 3
129. 2
130. 1
131. 3
132. 2
133. 2
134. 3
135. 0
136. 1
137. 1
138. 4
139. 1
140. 0
141. 2
142. 2
143. 1
144. 2
145. 2
146. 2
147. 1
148. 2
149. 2
150. 4
151. 4
152. 2
153. 2
154. 1
155. 2
156. 2
157. 1
158. 1
159. 1
160. 2
161. 1
162. 2
163. 1
164. 1
165. 1
166. 2
167. 0
168. 2
169. 1
170. 0
171. 1
172. 2
173. 2
174. 2
175. 2
176. 3
177. 2
178. 1
179. 2
180. 1
181. 1
182. 1
183. 2
184. 1
185. 2
186. 3
187. 3
188. 2
189. 3
190. 2
191. 1
192. 2
193. 1
194. 2
195. 1
196. 2
197. 1
198. 2
199. 3
200. 2