48.txt
1. 3
2. 1
3. 2
4. 7
5. 2
6. 4
7. 8
8. 1
9. 3
10. 2
11. 3
12. 4
13. 4
14. 2
15. 2
16. 2
17. 3
18. 2
19. 4
20. 1
21. 3
22. 2
23. 1
24. 2
25. 4
26. 3
27. 3
28. 1
29. 2
30. 2
31. 5
32. 6
33. 4
34. 1
35. 3
36. 2
37. 2
38. 2
39. 2
40. 4
41. 3
42. 3
43. 2
44. 3
45. 8
46. 2
47. 2
48. 4
49. 3
50. 3
51. 4
52. 2
53. 4
54. 3
55. 3
56. 2
57. 2
58. 3
59. 2
60. 2
61. 1
62. 3
63. 3
64. 3
65. 3
66. 2
67. 2
68. 2
69. 2
70. 2
71. 3
72. 1
73. 2
74. 2
75. 4
76. 2
77. 1
78. 2
79. 5
80. 3
81. 3
82. 1
83. 2
84. 4
85. 4
86. 3
87. 4
88. 7
89. 3
90. 6
91. 4
92. 3
93. 2
94. 4
95. 2
96. 1
97. 2
98. 1
99. 1
100. 2
101. 4
102. 2
103. 2
104. 3
105. 5
106. 2
107. 3
108. 2
109. 2
110. 3
111. 2
112. 1
113. 3
114. 3
115. 2
116. 4
117. 2
118. 2
119. 2
120. 2
121. 1
122. 2
123. 4
124. 3
125. 3
126. 2
127. 3
128. 3
129. 2
130. 4
131. 2
132. 1
133. 2
134. 3
135. 2
136. 4
137. 1
138. 3
139. 1
140. 3
141. 1
142. 2
143. 3
144. 2
145. 2
146. 2
147. 1
148. 2
149. 4
150. 1
151. 2
152. 2
153. 2
154. 6
155. 2
156. 3
157. 2
158. 4
159. 3
160. 5
161. 2
162. 5
163. 3
164. 5
165. 2
166. 1
167. 4
168. 2
169. 2
170. 3
171. 2
172. 2
173. 2
174. 3
175. 2
176. 2
177. 2
178. 4
179. 2
180. 2
181. 7
182. 8
183. 1
184. 4
185. 3
186. 3
187. 2
188. 1
189. 1
190. 5
191. 2
192. 2
193. 4
194. 3
195. 4
196. 3
197. 3
198. 1
199. 2
200. 4