4805.txt
1. 2
2. 4
3. 3
4. 4
5. 2
6. 3
7. 1
8. 3
9. 0
10. 1
11. 3
12. 2
13. 1
14. 1
15. 3
16. 1
17. 2
18. 0
19. 2
20. 1
21. 2
22. 1
23. 6
24. 3
25. 1
26. 3
27. 2
28. 0
29. 5
30. 1
31. 2
32. 3
33. 2
34. 1
35. 2
36. 1
37. 2
38. 2
39. 1
40. 1
41. 4
42. 1
43. 1
44. 3
45. 2
46. 2
47. 2
48. 3
49. 2
50. 2
51. 3
52. 3
53. 3
54. 1
55. 3
56. 1
57. 4
58. 1
59. 3
60. 1
61. 2
62. 2
63. 2
64. 2
65. 1
66. 2
67. 1
68. 1
69. 2
70. 2
71. 2
72. 3
73. 3
74. 3
75. 1
76. 1
77. 2
78. 2
79. 2
80. 1
81. 1
82. 2
83. 2
84. 3
85. 2
86. 1
87. 1
88. 2
89. 2
90. 2
91. 3
92. 3
93. 2
94. 2
95. 3
96. 3
97. 2
98. 2
99. 2
100. 1
101. 1
102. 3
103. 2
104. 2
105. 2
106. 2
107. 2
108. 3
109. 1
110. 1
111. 1
112. 2
113. 1
114. 2
115. 2
116. 2
117. 2
118. 3
119. 2
120. 2
121. 2
122. 2
123. 1
124. 4
125. 3
126. 2
127. 1
128. 2
129. 1
130. 2
131. 2
132. 1
133. 2
134. 2
135. 2
136. 2
137. 2
138. 1
139. 3
140. 3
141. 1
142. 3
143. 4
144. 1
145. 2
146. 3
147. 2
148. 2
149. 2
150. 3
151. 2
152. 1
153. 4
154. 3
155. 3
156. 1
157. 2
158. 2
159. 3
160. 2
161. 3
162. 1
163. 2
164. 2
165. 1
166. 1
167. 2
168. 2
169. 2
170. 1
171. 3
172. 1
173. 3
174. 1
175. 1
176. 2
177. 2
178. 3
179. 2
180. 1
181. 2
182. 4
183. 2
184. 3
185. 1
186. 3
187. 2
188. 1
189. 2
190. 1
191. 2
192. 2
193. 4
194. 2
195. 2
196. 2
197. 2
198. 2
199. 2
200. 2