4811.txt
1. 2
2. 3
3. 1
4. 2
5. 1
6. 2
7. 3
8. 3
9. 2
10. 3
11. 2
12. 1
13. 3
14. 2
15. 2
16. 3
17. 2
18. 2
19. 2
20. 4
21. 1
22. 3
23. 4
24. 1
25. 3
26. 2
27. 2
28. 5
29. 4
30. 3
31. 1
32. 5
33. 1
34. 2
35. 1
36. 1
37. 3
38. 6
39. 2
40. 1
41. 2
42. 2
43. 3
44. 2
45. 3
46. 2
47. 1
48. 3
49. 2
50. 3
51. 1
52. 2
53. 1
54. 3
55. 3
56. 4
57. 2
58. 2
59. 2
60. 2
61. 3
62. 1
63. 4
64. 2
65. 3
66. 2
67. 3
68. 1
69. 1
70. 3
71. 1
72. 2
73. 8
74. 1
75. 5
76. 1
77. 1
78. 3
79. 1
80. 4
81. 4
82. 1
83. 2
84. 2
85. 2
86. 5
87. 3
88. 2
89. 2
90. 3
91. 2
92. 2
93. 2
94. 3
95. 2
96. 4
97. 2
98. 2
99. 1
100. 1
101. 8
102. 2
103. 3
104. 2
105. 4
106. 2
107. 2
108. 2
109. 2
110. 2
111. 1
112. 1
113. 2
114. 2
115. 3
116. 4
117. 2
118. 3
119. 1
120. 2
121. 1
122. 2
123. 8
124. 3
125. 2
126. 2
127. 1
128. 3
129. 2
130. 2
131. 2
132. 1
133. 1
134. 2
135. 4
136. 1
137. 1
138. 3
139. 1
140. 4
141. 2
142. 1
143. 1
144. 1
145. 2
146. 2
147. 2
148. 2
149. 3
150. 2
151. 3
152. 4
153. 1
154. 4
155. 2
156. 4
157. 4
158. 1
159. 1
160. 3
161. 2
162. 2
163. 2
164. 2
165. 4
166. 1
167. 2
168. 2
169. 4
170. 1
171. 3
172. 1
173. 2
174. 1
175. 2
176. 1
177. 2
178. 2
179. 3
180. 3
181. 2
182. 5
183. 3
184. 3
185. 1
186. 2
187. 2
188. 1
189. 2
190. 2
191. 1
192. 4
193. 2
194. 2
195. 1
196. 3
197. 1
198. 2
199. 2
200. 2