4825.txt
1. 0
2. 2
3. 2
4. 3
5. 0
6. 0
7. 4
8. 3
9. 2
10. 3
11. 2
12. 1
13. 1
14. 2
15. 0
16. 1
17. 0
18. 0
19. 2
20. 3
21. 3
22. 8
23. 1
24. 2
25. 4
26. 1
27. 3
28. 0
29. 2
30. 0
31. 1
32. 1
33. 1
34. 2
35. 1
36. 2
37. 3
38. 1
39. 2
40. 2
41. 0
42. 0
43. 2
44. 1
45. 2
46. 0
47. 4
48. 0
49. 2
50. 0
51. 0
52. 3
53. 2
54. 3
55. 4
56. 2
57. 2
58. 4
59. 0
60. 1
61. 1
62. 2
63. 3
64. 0
65. 1
66. 0
67. 2
68. 2
69. 3
70. 0
71. 2
72. 0
73. 0
74. 1
75. 3
76. 7
77. 2
78. 2
79. 1
80. 1
81. 1
82. 5
83. 1
84. 1
85. 1
86. 2
87. 4
88. 2
89. 1
90. 0
91. 3
92. 1
93. 2
94. 1
95. 0
96. 1
97. 0
98. 1
99. 2
100. 2
101. 2
102. 2
103. 0
104. 3
105. 0
106. 2
107. 1
108. 2
109. 1
110. 0
111. 1
112. 3
113. 1
114. 1
115. 0
116. 1
117. 2
118. 0
119. 1
120. 2
121. 1
122. 3
123. 2
124. 6
125. 1
126. 1
127. 1
128. 2
129. 2
130. 2
131. 0
132. 1
133. 1
134. 2
135. 2
136. 2
137. 3
138. 0
139. 1
140. 2
141. 2
142. 3
143. 2
144. 4
145. 0
146. 2
147. 0
148. 1
149. 1
150. 3
151. 1
152. 0
153. 2
154. 1
155. 1
156. 3
157. 0
158. 0
159. 0
160. 2
161. 1
162. 1
163. 2
164. 2
165. 1
166. 1
167. 4
168. 2
169. 1
170. 0
171. 1
172. 0
173. 3
174. 3
175. 2
176. 1
177. 2
178. 2
179. 2
180. 3
181. 2
182. 1
183. 2
184. 2
185. 4
186. 1
187. 1
188. 4
189. 1
190. 1
191. 1
192. 2
193. 1
194. 1
195. 0
196. 1
197. 2
198. 1
199. 1
200. 0