4826.txt
1. 6
2. 0
3. 0
4. 8
5. 1
6. 4
7. 2
8. 3
9. 3
10. 1
11. 1
12. 5
13. 3
14. 2
15. 5
16. 3
17. 1
18. 2
19. 1
20. 2
21. 3
22. 2
23. 1
24. 4
25. 1
26. 1
27. 3
28. 2
29. 2
30. 1
31. 4
32. 1
33. 3
34. 2
35. 3
36. 1
37. 3
38. 5
39. 2
40. 2
41. 5
42. 1
43. 2
44. 1
45. 2
46. 3
47. 0
48. 2
49. 8
50. 2
51. 1
52. 2
53. 1
54. 1
55. 3
56. 2
57. 1
58. 2
59. 1
60. 3
61. 2
62. 3
63. 4
64. 1
65. 2
66. 2
67. 3
68. 1
69. 2
70. 3
71. 1
72. 2
73. 1
74. 4
75. 2
76. 1
77. 1
78. 1
79. 2
80. 3
81. 2
82. 1
83. 2
84. 3
85. 3
86. 2
87. 3
88. 0
89. 3
90. 3
91. 1
92. 2
93. 1
94. 3
95. 3
96. 2
97. 2
98. 1
99. 3
100. 2
101. 1
102. 2
103. 2
104. 1
105. 1
106. 2
107. 4
108. 2
109. 2
110. 3
111. 2
112. 2
113. 2
114. 3
115. 2
116. 1
117. 5
118. 1
119. 3
120. 2
121. 2
122. 5
123. 1
124. 1
125. 1
126. 3
127. 2
128. 1
129. 2
130. 1
131. 3
132. 2
133. 2
134. 3
135. 2
136. 4
137. 1
138. 2
139. 2
140. 1
141. 3
142. 2
143. 2
144. 2
145. 7
146. 3
147. 2
148. 2
149. 2
150. 2
151. 2
152. 2
153. 3
154. 3
155. 1
156. 3
157. 5
158. 3
159. 2
160. 2
161. 1
162. 1
163. 2
164. 2
165. 3
166. 1
167. 2
168. 2
169. 2
170. 1
171. 1
172. 2
173. 1
174. 1
175. 2
176. 2
177. 2
178. 1
179. 2
180. 2
181. 2
182. 6
183. 1
184. 2
185. 3
186. 2
187. 1
188. 3
189. 1
190. 3
191. 1
192. 3
193. 4
194. 2
195. 1
196. 2
197. 2
198. 2
199. 2
200. 2