4827.txt
1. 2
2. 1
3. 3
4. 1
5. 2
6. 1
7. 4
8. 0
9. 1
10. 2
11. 1
12. 5
13. 1
14. 4
15. 2
16. 5
17. 3
18. 3
19. 2
20. 2
21. 1
22. 1
23. 2
24. 2
25. 3
26. 3
27. 3
28. 1
29. 5
30. 1
31. 4
32. 6
33. 2
34. 1
35. 2
36. 2
37. 2
38. 2
39. 1
40. 1
41. 1
42. 2
43. 3
44. 4
45. 1
46. 2
47. 2
48. 2
49. 3
50. 5
51. 1
52. 3
53. 2
54. 3
55. 6
56. 3
57. 2
58. 3
59. 2
60. 2
61. 3
62. 1
63. 1
64. 3
65. 6
66. 4
67. 3
68. 1
69. 2
70. 4
71. 2
72. 1
73. 4
74. 1
75. 1
76. 1
77. 1
78. 3
79. 2
80. 1
81. 2
82. 2
83. 3
84. 1
85. 2
86. 3
87. 2
88. 3
89. 1
90. 3
91. 2
92. 3
93. 2
94. 2
95. 4
96. 4
97. 2
98. 3
99. 2
100. 2
101. 3
102. 2
103. 2
104. 5
105. 3
106. 3
107. 2
108. 2
109. 2
110. 2
111. 3
112. 4
113. 1
114. 2
115. 2
116. 3
117. 2
118. 2
119. 1
120. 2
121. 1
122. 2
123. 1
124. 6
125. 1
126. 2
127. 1
128. 2
129. 1
130. 2
131. 3
132. 2
133. 1
134. 2
135. 2
136. 2
137. 3
138. 3
139. 4
140. 2
141. 3
142. 2
143. 2
144. 3
145. 2
146. 1
147. 3
148. 3
149. 1
150. 2
151. 2
152. 3
153. 3
154. 4
155. 1
156. 4
157. 5
158. 1
159. 4
160. 1
161. 3
162. 1
163. 2
164. 2
165. 1
166. 1
167. 3
168. 2
169. 2
170. 3
171. 2
172. 2
173. 2
174. 3
175. 3
176. 3
177. 2
178. 2
179. 1
180. 2
181. 4
182. 2
183. 2
184. 2
185. 1
186. 1
187. 2
188. 3
189. 1
190. 2
191. 4
192. 3
193. 3
194. 3
195. 1
196. 2
197. 4
198. 2
199. 5
200. 3