483.txt
1. 2
2. 1
3. 7
4. 5
5. 2
6. 1
7. 2
8. 1
9. 1
10. 3
11. 4
12. 1
13. 6
14. 2
15. 3
16. 2
17. 1
18. 3
19. 3
20. 2
21. 3
22. 2
23. 2
24. 2
25. 1
26. 2
27. 1
28. 2
29. 3
30. 4
31. 3
32. 3
33. 1
34. 2
35. 4
36. 1
37. 2
38. 5
39. 1
40. 5
41. 2
42. 2
43. 1
44. 3
45. 1
46. 2
47. 2
48. 4
49. 3
50. 2
51. 1
52. 3
53. 2
54. 3
55. 2
56. 1
57. 2
58. 1
59. 2
60. 2
61. 3
62. 1
63. 7
64. 3
65. 3
66. 6
67. 1
68. 2
69. 3
70. 1
71. 2
72. 1
73. 3
74. 3
75. 2
76. 3
77. 2
78. 1
79. 2
80. 2
81. 2
82. 5
83. 1
84. 4
85. 1
86. 1
87. 3
88. 2
89. 2
90. 2
91. 5
92. 2
93. 2
94. 2
95. 4
96. 2
97. 2
98. 1
99. 7
100. 2
101. 2
102. 2
103. 2
104. 2
105. 3
106. 3
107. 2
108. 1
109. 2
110. 5
111. 2
112. 2
113. 1
114. 2
115. 1
116. 2
117. 2
118. 2
119. 3
120. 4
121. 3
122. 2
123. 4
124. 3
125. 2
126. 2
127. 2
128. 1
129. 3
130. 2
131. 2
132. 2
133. 3
134. 3
135. 2
136. 1
137. 3
138. 2
139. 2
140. 3
141. 2
142. 3
143. 3
144. 2
145. 1
146. 3
147. 3
148. 2
149. 2
150. 4
151. 2
152. 1
153. 2
154. 5
155. 2
156. 1
157. 3
158. 2
159. 2
160. 3
161. 2
162. 2
163. 2
164. 5
165. 4
166. 2
167. 1
168. 2
169. 1
170. 2
171. 2
172. 1
173. 2
174. 2
175. 1
176. 3
177. 4
178. 2
179. 4
180. 3
181. 1
182. 1
183. 2
184. 2
185. 2
186. 1
187. 1
188. 1
189. 2
190. 2
191. 1
192. 1
193. 2
194. 2
195. 2
196. 1
197. 4
198. 1
199. 2
200. 2