4830.txt
1. 2
2. 3
3. 2
4. 3
5. 1
6. 1
7. 3
8. 4
9. 1
10. 1
11. 1
12. 2
13. 2
14. 4
15. 1
16. 3
17. 8
18. 2
19. 2
20. 3
21. 4
22. 2
23. 3
24. 2
25. 2
26. 2
27. 3
28. 5
29. 4
30. 1
31. 2
32. 3
33. 2
34. 2
35. 4
36. 2
37. 1
38. 1
39. 2
40. 3
41. 3
42. 2
43. 1
44. 2
45. 3
46. 1
47. 1
48. 2
49. 2
50. 2
51. 3
52. 2
53. 3
54. 2
55. 1
56. 1
57. 1
58. 4
59. 2
60. 5
61. 4
62. 1
63. 1
64. 2
65. 2
66. 3
67. 2
68. 2
69. 3
70. 1
71. 2
72. 3
73. 5
74. 1
75. 3
76. 3
77. 2
78. 2
79. 4
80. 1
81. 2
82. 5
83. 1
84. 3
85. 4
86. 3
87. 3
88. 4
89. 3
90. 2
91. 2
92. 1
93. 1
94. 3
95. 3
96. 5
97. 2
98. 4
99. 6
100. 1
101. 2
102. 1
103. 1
104. 4
105. 2
106. 2
107. 2
108. 0
109. 2
110. 1
111. 6
112. 3
113. 2
114. 3
115. 1
116. 4
117. 2
118. 1
119. 3
120. 2
121. 3
122. 7
123. 2
124. 2
125. 3
126. 2
127. 2
128. 3
129. 1
130. 2
131. 2
132. 3
133. 2
134. 3
135. 1
136. 2
137. 2
138. 1
139. 2
140. 3
141. 2
142. 3
143. 3
144. 2
145. 1
146. 3
147. 2
148. 2
149. 5
150. 3
151. 1
152. 2
153. 6
154. 2
155. 1
156. 1
157. 2
158. 3
159. 2
160. 2
161. 1
162. 3
163. 2
164. 3
165. 2
166. 2
167. 2
168. 3
169. 1
170. 3
171. 1
172. 2
173. 1
174. 3
175. 2
176. 1
177. 3
178. 2
179. 2
180. 1
181. 1
182. 2
183. 2
184. 3
185. 2
186. 2
187. 3
188. 1
189. 1
190. 1
191. 2
192. 4
193. 4
194. 2
195. 2
196. 2
197. 2
198. 2
199. 1
200. 3