4832.txt
1. 2
2. 1
3. 6
4. 3
5. 0
6. 4
7. 7
8. 2
9. 2
10. 1
11. 4
12. 1
13. 1
14. 1
15. 1
16. 2
17. 3
18. 1
19. 1
20. 2
21. 1
22. 1
23. 3
24. 3
25. 4
26. 3
27. 2
28. 2
29. 5
30. 3
31. 4
32. 2
33. 3
34. 3
35. 3
36. 2
37. 4
38. 4
39. 4
40. 2
41. 3
42. 3
43. 3
44. 2
45. 3
46. 3
47. 4
48. 1
49. 3
50. 3
51. 2
52. 3
53. 7
54. 5
55. 2
56. 4
57. 2
58. 2
59. 2
60. 3
61. 1
62. 1
63. 2
64. 6
65. 2
66. 2
67. 1
68. 5
69. 2
70. 2
71. 2
72. 4
73. 2
74. 2
75. 3
76. 3
77. 3
78. 2
79. 3
80. 4
81. 4
82. 2
83. 2
84. 4
85. 4
86. 1
87. 1
88. 3
89. 1
90. 5
91. 2
92. 2
93. 1
94. 2
95. 2
96. 3
97. 2
98. 1
99. 3
100. 3
101. 3
102. 3
103. 3
104. 2
105. 4
106. 3
107. 2
108. 2
109. 4
110. 3
111. 2
112. 2
113. 4
114. 3
115. 2
116. 2
117. 3
118. 3
119. 4
120. 3
121. 2
122. 3
123. 2
124. 1
125. 3
126. 2
127. 2
128. 2
129. 2
130. 2
131. 6
132. 2
133. 1
134. 2
135. 2
136. 3
137. 3
138. 2
139. 2
140. 2
141. 2
142. 3
143. 1
144. 3
145. 2
146. 2
147. 4
148. 2
149. 3
150. 3
151. 2
152. 3
153. 1
154. 4
155. 2
156. 3
157. 3
158. 4
159. 2
160. 3
161. 4
162. 3
163. 3
164. 3
165. 4
166. 2
167. 2
168. 2
169. 2
170. 1
171. 2
172. 3
173. 2
174. 2
175. 2
176. 1
177. 3
178. 2
179. 1
180. 2
181. 3
182. 4
183. 3
184. 3
185. 2
186. 1
187. 4
188. 2
189. 3
190. 4
191. 2
192. 4
193. 2
194. 3
195. 3
196. 3
197. 1
198. 3
199. 2
200. 3