4835.txt
1. 2
2. 1
3. 2
4. 5
5. 1
6. 3
7. 0
8. 4
9. 2
10. 1
11. 1
12. 4
13. 4
14. 3
15. 5
16. 2
17. 6
18. 2
19. 4
20. 1
21. 2
22. 1
23. 3
24. 4
25. 1
26. 2
27. 1
28. 1
29. 2
30. 3
31. 2
32. 2
33. 1
34. 3
35. 1
36. 3
37. 1
38. 2
39. 4
40. 2
41. 2
42. 2
43. 4
44. 2
45. 3
46. 2
47. 3
48. 2
49. 4
50. 3
51. 4
52. 4
53. 2
54. 2
55. 5
56. 2
57. 1
58. 5
59. 3
60. 2
61. 1
62. 3
63. 2
64. 2
65. 2
66. 3
67. 2
68. 2
69. 3
70. 2
71. 1
72. 1
73. 2
74. 3
75. 1
76. 3
77. 4
78. 2
79. 1
80. 6
81. 1
82. 2
83. 3
84. 3
85. 1
86. 3
87. 1
88. 1
89. 3
90. 2
91. 1
92. 2
93. 4
94. 3
95. 1
96. 2
97. 2
98. 2
99. 2
100. 1
101. 3
102. 2
103. 5
104. 2
105. 1
106. 2
107. 2
108. 2
109. 3
110. 2
111. 3
112. 1
113. 4
114. 2
115. 4
116. 2
117. 4
118. 2
119. 2
120. 4
121. 3
122. 1
123. 3
124. 2
125. 3
126. 2
127. 2
128. 2
129. 2
130. 1
131. 2
132. 1
133. 2
134. 2
135. 1
136. 2
137. 1
138. 2
139. 2
140. 0
141. 3
142. 2
143. 3
144. 2
145. 3
146. 3
147. 3
148. 3
149. 3
150. 2
151. 1
152. 1
153. 4
154. 2
155. 2
156. 1
157. 4
158. 2
159. 2
160. 1
161. 3
162. 4
163. 3
164. 3
165. 1
166. 5
167. 1
168. 2
169. 2
170. 1
171. 2
172. 1
173. 3
174. 3
175. 2
176. 4
177. 3
178. 2
179. 2
180. 2
181. 1
182. 2
183. 2
184. 1
185. 4
186. 1
187. 3
188. 2
189. 3
190. 2
191. 4
192. 1
193. 3
194. 2
195. 2
196. 3
197. 1
198. 3
199. 3
200. 3