4842.txt
1. 3
2. 2
3. 2
4. 1
5. 4
6. 1
7. 1
8. 3
9. 2
10. 1
11. 1
12. 1
13. 1
14. 2
15. 3
16. 2
17. 1
18. 2
19. 1
20. 2
21. 5
22. 6
23. 1
24. 1
25. 6
26. 3
27. 3
28. 2
29. 1
30. 2
31. 1
32. 3
33. 2
34. 1
35. 2
36. 5
37. 2
38. 2
39. 1
40. 2
41. 2
42. 5
43. 3
44. 2
45. 1
46. 2
47. 2
48. 3
49. 3
50. 2
51. 2
52. 1
53. 2
54. 4
55. 3
56. 1
57. 2
58. 1
59. 2
60. 1
61. 1
62. 1
63. 2
64. 2
65. 4
66. 1
67. 2
68. 1
69. 3
70. 1
71. 4
72. 3
73. 2
74. 2
75. 1
76. 1
77. 1
78. 3
79. 1
80. 1
81. 5
82. 1
83. 2
84. 2
85. 2
86. 1
87. 1
88. 3
89. 4
90. 1
91. 3
92. 1
93. 2
94. 1
95. 3
96. 1
97. 4
98. 3
99. 2
100. 2
101. 2
102. 1
103. 5
104. 5
105. 1
106. 1
107. 2
108. 3
109. 1
110. 2
111. 2
112. 4
113. 1
114. 4
115. 3
116. 5
117. 2
118. 1
119. 2
120. 2
121. 1
122. 2
123. 5
124. 3
125. 2
126. 2
127. 3
128. 1
129. 2
130. 2
131. 3
132. 2
133. 4
134. 2
135. 3
136. 2
137. 1
138. 1
139. 3
140. 2
141. 1
142. 3
143. 3
144. 2
145. 1
146. 2
147. 2
148. 1
149. 3
150. 2
151. 3
152. 2
153. 1
154. 4
155. 2
156. 2
157. 3
158. 2
159. 1
160. 2
161. 1
162. 2
163. 1
164. 4
165. 5
166. 1
167. 1
168. 1
169. 1
170. 3
171. 1
172. 2
173. 2
174. 5
175. 3
176. 1
177. 4
178. 2
179. 5
180. 2
181. 3
182. 2
183. 2
184. 3
185. 2
186. 1
187. 4
188. 3
189. 2
190. 2
191. 1
192. 4
193. 2
194. 1
195. 6
196. 1
197. 4
198. 3
199. 2
200. 4