4855.txt
1. 0
2. 2
3. 1
4. 3
5. 1
6. 1
7. 1
8. 3
9. 2
10. 3
11. 1
12. 3
13. 2
14. 8
15. 2
16. 0
17. 1
18. 2
19. 3
20. 1
21. 4
22. 1
23. 2
24. 0
25. 1
26. 1
27. 2
28. 1
29. 1
30. 4
31. 2
32. 3
33. 2
34. 7
35. 0
36. 1
37. 1
38. 0
39. 1
40. 2
41. 2
42. 1
43. 0
44. 2
45. 2
46. 3
47. 2
48. 1
49. 1
50. 2
51. 3
52. 1
53. 2
54. 3
55. 4
56. 1
57. 2
58. 1
59. 1
60. 5
61. 2
62. 1
63. 1
64. 1
65. 2
66. 2
67. 1
68. 1
69. 3
70. 1
71. 1
72. 2
73. 1
74. 1
75. 2
76. 2
77. 1
78. 2
79. 1
80. 2
81. 1
82. 1
83. 2
84. 1
85. 1
86. 2
87. 2
88. 6
89. 1
90. 1
91. 3
92. 1
93. 0
94. 1
95. 1
96. 1
97. 0
98. 1
99. 1
100. 1
101. 2
102. 1
103. 3
104. 2
105. 2
106. 3
107. 3
108. 2
109. 2
110. 3
111. 1
112. 1
113. 2
114. 4
115. 3
116. 3
117. 3
118. 1
119. 0
120. 2
121. 2
122. 3
123. 2
124. 1
125. 1
126. 1
127. 3
128. 3
129. 3
130. 1
131. 1
132. 3
133. 3
134. 1
135. 1
136. 2
137. 1
138. 1
139. 2
140. 2
141. 1
142. 1
143. 2
144. 2
145. 1
146. 1
147. 1
148. 2
149. 3
150. 2
151. 1
152. 4
153. 2
154. 2
155. 2
156. 3
157. 1
158. 2
159. 1
160. 2
161. 2
162. 1
163. 2
164. 2
165. 3
166. 2
167. 1
168. 1
169. 0
170. 1
171. 2
172. 2
173. 3
174. 2
175. 3
176. 2
177. 1
178. 1
179. 3
180. 3
181. 1
182. 1
183. 3
184. 2
185. 1
186. 1
187. 2
188. 1
189. 2
190. 1
191. 1
192. 2
193. 3
194. 2
195. 1
196. 2
197. 2
198. 3
199. 3
200. 2