4876.txt
1. 2
2. 0
3. 1
4. 1
5. 1
6. 2
7. 2
8. 5
9. 1
10. 2
11. 1
12. 0
13. 7
14. 1
15. 0
16. 0
17. 1
18. 3
19. 2
20. 1
21. 4
22. 1
23. 6
24. 1
25. 3
26. 2
27. 1
28. 2
29. 1
30. 1
31. 2
32. 0
33. 2
34. 0
35. 1
36. 4
37. 1
38. 4
39. 3
40. 4
41. 2
42. 2
43. 0
44. 3
45. 1
46. 4
47. 3
48. 2
49. 1
50. 1
51. 1
52. 3
53. 4
54. 0
55. 1
56. 3
57. 2
58. 1
59. 0
60. 1
61. 2
62. 3
63. 1
64. 3
65. 1
66. 0
67. 3
68. 3
69. 0
70. 2
71. 2
72. 1
73. 2
74. 0
75. 1
76. 1
77. 1
78. 1
79. 0
80. 0
81. 2
82. 1
83. 1
84. 2
85. 1
86. 2
87. 2
88. 2
89. 2
90. 1
91. 2
92. 1
93. 2
94. 4
95. 1
96. 2
97. 1
98. 2
99. 2
100. 3
101. 1
102. 1
103. 2
104. 0
105. 2
106. 3
107. 0
108. 3
109. 2
110. 0
111. 2
112. 2
113. 2
114. 1
115. 1
116. 3
117. 2
118. 1
119. 1
120. 1
121. 2
122. 4
123. 0
124. 2
125. 1
126. 0
127. 3
128. 3
129. 1
130. 1
131. 2
132. 2
133. 1
134. 1
135. 1
136. 2
137. 2
138. 4
139. 1
140. 0
141. 2
142. 2
143. 1
144. 1
145. 1
146. 0
147. 2
148. 1
149. 2
150. 0
151. 1
152. 0
153. 1
154. 1
155. 3
156. 1
157. 0
158. 3
159. 0
160. 2
161. 3
162. 1
163. 2
164. 1
165. 3
166. 2
167. 2
168. 1
169. 2
170. 3
171. 0
172. 1
173. 3
174. 1
175. 2
176. 3
177. 1
178. 1
179. 3
180. 5
181. 1
182. 2
183. 0
184. 1
185. 1
186. 2
187. 2
188. 1
189. 1
190. 1
191. 0
192. 1
193. 1
194. 1
195. 1
196. 1
197. 1
198. 1
199. 2
200. 1