4883.txt
1. 0
2. 2
3. 0
4. 4
5. 0
6. 0
7. 2
8. 0
9. 3
10. 0
11. 3
12. 4
13. 0
14. 3
15. 0
16. 2
17. 1
18. 0
19. 0
20. 0
21. 2
22. 2
23. 0
24. 3
25. 0
26. 2
27. 3
28. 2
29. 0
30. 2
31. 4
32. 3
33. 0
34. 2
35. 1
36. 0
37. 0
38. 1
39. 1
40. 0
41. 0
42. 0
43. 0
44. 2
45. 4
46. 0
47. 0
48. 5
49. 2
50. 0
51. 2
52. 0
53. 3
54. 0
55. 3
56. 2
57. 2
58. 2
59. 0
60. 2
61. 0
62. 3
63. 0
64. 2
65. 0
66. 4
67. 7
68. 0
69. 0
70. 3
71. 0
72. 2
73. 0
74. 0
75. 3
76. 0
77. 0
78. 2
79. 3
80. 0
81. 0
82. 0
83. 3
84. 2
85. 0
86. 0
87. 0
88. 0
89. 0
90. 3
91. 0
92. 0
93. 0
94. 0
95. 2
96. 0
97. 4
98. 0
99. 2
100. 2
101. 0
102. 0
103. 0
104. 2
105. 0
106. 0
107. 2
108. 3
109. 0
110. 0
111. 2
112. 3
113. 0
114. 0
115. 0
116. 3
117. 2
118. 4
119. 0
120. 3
121. 0
122. 5
123. 0
124. 0
125. 0
126. 3
127. 0
128. 2
129. 2
130. 0
131. 2
132. 4
133. 0
134. 0
135. 0
136. 3
137. 2
138. 0
139. 3
140. 2
141. 0
142. 0
143. 0
144. 3
145. 0
146. 0
147. 0
148. 0
149. 0
150. 0
151. 0
152. 0
153. 2
154. 0
155. 0
156. 3
157. 0
158. 3
159. 0
160. 4
161. 4
162. 0
163. 0
164. 2
165. 0
166. 0
167. 0
168. 3
169. 0
170. 0
171. 0
172. 2
173. 0
174. 0
175. 5
176. 2
177. 0
178. 0
179. 0
180. 0
181. 3
182. 0
183. 0
184. 0
185. 0
186. 2
187. 0
188. 3
189. 0
190. 0
191. 2
192. 0
193. 2
194. 0
195. 0
196. 3
197. 2
198. 2
199. 2
200. 2