4888.txt
1. 3
2. 1
3. 2
4. 1
5. 2
6. 1
7. 2
8. 1
9. 1
10. 4
11. 2
12. 2
13. 1
14. 1
15. 5
16. 2
17. 1
18. 2
19. 3
20. 3
21. 4
22. 1
23. 1
24. 2
25. 2
26. 1
27. 3
28. 2
29. 1
30. 1
31. 3
32. 1
33. 3
34. 4
35. 3
36. 3
37. 1
38. 2
39. 2
40. 1
41. 2
42. 2
43. 4
44. 2
45. 1
46. 2
47. 1
48. 3
49. 2
50. 2
51. 1
52. 1
53. 2
54. 2
55. 2
56. 2
57. 2
58. 6
59. 1
60. 1
61. 2
62. 2
63. 2
64. 3
65. 2
66. 2
67. 3
68. 1
69. 3
70. 1
71. 1
72. 2
73. 1
74. 3
75. 2
76. 2
77. 2
78. 1
79. 2
80. 2
81. 1
82. 2
83. 2
84. 3
85. 2
86. 4
87. 1
88. 2
89. 2
90. 2
91. 1
92. 3
93. 2
94. 4
95. 2
96. 3
97. 2
98. 2
99. 2
100. 4
101. 1
102. 2
103. 4
104. 2
105. 1
106. 2
107. 2
108. 2
109. 3
110. 2
111. 4
112. 1
113. 2
114. 2
115. 2
116. 3
117. 1
118. 1
119. 1
120. 1
121. 2
122. 1
123. 1
124. 2
125. 2
126. 1
127. 1
128. 2
129. 4
130. 2
131. 1
132. 2
133. 1
134. 2
135. 1
136. 1
137. 2
138. 3
139. 4
140. 2
141. 3
142. 2
143. 2
144. 3
145. 1
146. 2
147. 2
148. 2
149. 4
150. 3
151. 2
152. 3
153. 1
154. 1
155. 1
156. 6
157. 2
158. 2
159. 1
160. 3
161. 1
162. 3
163. 2
164. 2
165. 3
166. 2
167. 1
168. 2
169. 3
170. 9
171. 1
172. 1
173. 2
174. 1
175. 4
176. 3
177. 2
178. 3
179. 2
180. 3
181. 2
182. 1
183. 1
184. 3
185. 2
186. 2
187. 2
188. 2
189. 2
190. 3
191. 2
192. 1
193. 3
194. 2
195. 2
196. 2
197. 2
198. 2
199. 3
200. 5