4891.txt
1. 0
2. 3
3. 1
4. 0
5. 1
6. 0
7. 1
8. 0
9. 3
10. 2
11. 2
12. 0
13. 1
14. 2
15. 3
16. 2
17. 0
18. 1
19. 0
20. 2
21. 1
22. 0
23. 2
24. 1
25. 2
26. 2
27. 1
28. 0
29. 1
30. 3
31. 1
32. 2
33. 3
34. 4
35. 0
36. 2
37. 0
38. 1
39. 0
40. 1
41. 1
42. 2
43. 1
44. 1
45. 0
46. 1
47. 2
48. 4
49. 2
50. 1
51. 1
52. 2
53. 1
54. 3
55. 3
56. 0
57. 1
58. 1
59. 2
60. 1
61. 1
62. 0
63. 1
64. 1
65. 2
66. 1
67. 0
68. 2
69. 1
70. 0
71. 2
72. 1
73. 2
74. 3
75. 2
76. 0
77. 1
78. 1
79. 1
80. 2
81. 2
82. 2
83. 1
84. 0
85. 2
86. 1
87. 2
88. 1
89. 2
90. 3
91. 1
92. 4
93. 2
94. 0
95. 1
96. 1
97. 3
98. 2
99. 2
100. 1
101. 1
102. 1
103. 2
104. 1
105. 1
106. 1
107. 1
108. 0
109. 2
110. 1
111. 3
112. 1
113. 1
114. 2
115. 1
116. 1
117. 0
118. 2
119. 1
120. 2
121. 0
122. 1
123. 4
124. 1
125. 0
126. 2
127. 1
128. 2
129. 1
130. 1
131. 2
132. 2
133. 1
134. 5
135. 2
136. 1
137. 4
138. 2
139. 1
140. 1
141. 0
142. 1
143. 1
144. 2
145. 2
146. 1
147. 3
148. 2
149. 1
150. 2
151. 1
152. 0
153. 1
154. 1
155. 2
156. 1
157. 1
158. 2
159. 1
160. 1
161. 1
162. 1
163. 1
164. 2
165. 1
166. 1
167. 2
168. 1
169. 1
170. 2
171. 1
172. 1
173. 2
174. 1
175. 1
176. 1
177. 1
178. 1
179. 3
180. 1
181. 1
182. 1
183. 2
184. 1
185. 1
186. 1
187. 0
188. 1
189. 1
190. 2
191. 1
192. 1
193. 1
194. 1
195. 2
196. 1
197. 1
198. 2
199. 2
200. 2