4911.txt
1. 2
2. 3
3. 2
4. 1
5. 1
6. 4
7. 2
8. 3
9. 5
10. 2
11. 1
12. 1
13. 2
14. 1
15. 3
16. 1
17. 3
18. 3
19. 3
20. 2
21. 2
22. 4
23. 2
24. 1
25. 3
26. 1
27. 3
28. 3
29. 1
30. 2
31. 2
32. 1
33. 1
34. 2
35. 3
36. 2
37. 1
38. 2
39. 2
40. 1
41. 4
42. 1
43. 3
44. 2
45. 1
46. 1
47. 2
48. 3
49. 2
50. 3
51. 2
52. 1
53. 2
54. 2
55. 3
56. 3
57. 2
58. 4
59. 2
60. 2
61. 3
62. 1
63. 2
64. 2
65. 2
66. 2
67. 3
68. 2
69. 3
70. 3
71. 3
72. 3
73. 1
74. 2
75. 2
76. 2
77. 2
78. 2
79. 2
80. 2
81. 2
82. 3
83. 2
84. 3
85. 2
86. 1
87. 2
88. 4
89. 2
90. 2
91. 2
92. 3
93. 2
94. 2
95. 2
96. 2
97. 4
98. 2
99. 2
100. 1
101. 2
102. 4
103. 2
104. 1
105. 2
106. 3
107. 2
108. 2
109. 4
110. 2
111. 1
112. 2
113. 1
114. 2
115. 2
116. 2
117. 1
118. 3
119. 2
120. 1
121. 2
122. 4
123. 2
124. 2
125. 2
126. 2
127. 2
128. 4
129. 2
130. 2
131. 2
132. 3
133. 2
134. 1
135. 5
136. 2
137. 2
138. 2
139. 3
140. 3
141. 2
142. 2
143. 3
144. 2
145. 1
146. 1
147. 2
148. 3
149. 3
150. 3
151. 2
152. 3
153. 2
154. 3
155. 3
156. 2
157. 2
158. 1
159. 2
160. 3
161. 2
162. 2
163. 3
164. 4
165. 2
166. 1
167. 1
168. 3
169. 2
170. 2
171. 2
172. 3
173. 1
174. 2
175. 2
176. 3
177. 2
178. 2
179. 2
180. 1
181. 3
182. 2
183. 3
184. 3
185. 2
186. 2
187. 1
188. 2
189. 3
190. 2
191. 3
192. 2
193. 2
194. 5
195. 2
196. 2
197. 2
198. 1
199. 2
200. 2