4919.txt
1. 7
2. 2
3. 6
4. 2
5. 3
6. 5
7. 2
8. 1
9. 2
10. 1
11. 3
12. 4
13. 6
14. 2
15. 1
16. 2
17. 2
18. 2
19. 7
20. 4
21. 6
22. 4
23. 4
24. 2
25. 6
26. 2
27. 1
28. 2
29. 7
30. 2
31. 1
32. 5
33. 1
34. 3
35. 4
36. 3
37. 2
38. 1
39. 2
40. 5
41. 3
42. 2
43. 3
44. 5
45. 5
46. 5
47. 4
48. 1
49. 2
50. 3
51. 2
52. 2
53. 4
54. 2
55. 4
56. 4
57. 2
58. 5
59. 3
60. 4
61. 3
62. 2
63. 4
64. 6
65. 3
66. 2
67. 3
68. 3
69. 4
70. 4
71. 4
72. 4
73. 4
74. 1
75. 4
76. 1
77. 4
78. 2
79. 2
80. 2
81. 2
82. 2
83. 4
84. 7
85. 1
86. 5
87. 1
88. 2
89. 4
90. 2
91. 2
92. 5
93. 4
94. 7
95. 3
96. 2
97. 3
98. 2
99. 4
100. 3
101. 4
102. 4
103. 1
104. 3
105. 3
106. 6
107. 1
108. 4
109. 3
110. 4
111. 3
112. 5
113. 3
114. 3
115. 3
116. 2
117. 3
118. 2
119. 2
120. 6
121. 3
122. 3
123. 6
124. 3
125. 4
126. 2
127. 2
128. 4
129. 2
130. 3
131. 2
132. 4
133. 5
134. 3
135. 3
136. 6
137. 3
138. 2
139. 10
140. 3
141. 4
142. 2
143. 2
144. 3
145. 2
146. 3
147. 5
148. 2
149. 3
150. 4
151. 3
152. 2
153. 4
154. 3
155. 4
156. 2
157. 3
158. 4
159. 4
160. 6
161. 5
162. 3
163. 4
164. 3
165. 2
166. 5
167. 3
168. 2
169. 4
170. 3
171. 2
172. 3
173. 2
174. 5
175. 2
176. 5
177. 2
178. 3
179. 3
180. 3
181. 3
182. 2
183. 2
184. 3
185. 3
186. 2
187. 4
188. 4
189. 2
190. 3
191. 3
192. 4
193. 2
194. 2
195. 3
196. 3
197. 3
198. 2
199. 3
200. 4