4932.txt
1. 0
2. 0
3. 2
4. 3
5. 1
6. 4
7. 2
8. 3
9. 2
10. 2
11. 2
12. 3
13. 1
14. 0
15. 0
16. 2
17. 3
18. 0
19. 4
20. 2
21. 1
22. 0
23. 3
24. 0
25. 2
26. 2
27. 0
28. 1
29. 1
30. 8
31. 6
32. 7
33. 1
34. 4
35. 3
36. 1
37. 0
38. 5
39. 0
40. 2
41. 1
42. 2
43. 2
44. 1
45. 3
46. 1
47. 2
48. 1
49. 2
50. 2
51. 3
52. 5
53. 3
54. 3
55. 1
56. 1
57. 2
58. 3
59. 1
60. 2
61. 2
62. 3
63. 2
64. 0
65. 8
66. 3
67. 2
68. 1
69. 0
70. 2
71. 3
72. 2
73. 2
74. 2
75. 2
76. 4
77. 2
78. 2
79. 0
80. 3
81. 2
82. 1
83. 1
84. 1
85. 2
86. 1
87. 2
88. 4
89. 1
90. 1
91. 3
92. 2
93. 1
94. 3
95. 1
96. 3
97. 4
98. 0
99. 1
100. 1
101. 2
102. 3
103. 2
104. 0
105. 9
106. 4
107. 1
108. 2
109. 1
110. 2
111. 1
112. 3
113. 2
114. 2
115. 0
116. 2
117. 3
118. 1
119. 4
120. 2
121. 2
122. 2
123. 2
124. 3
125. 4
126. 1
127. 5
128. 0
129. 1
130. 2
131. 9
132. 4
133. 0
134. 5
135. 1
136. 2
137. 2
138. 3
139. 1
140. 2
141. 2
142. 0
143. 2
144. 1
145. 3
146. 2
147. 5
148. 4
149. 2
150. 1
151. 2
152. 2
153. 2
154. 2
155. 4
156. 5
157. 2
158. 1
159. 2
160. 0
161. 3
162. 1
163. 3
164. 3
165. 0
166. 1
167. 1
168. 2
169. 0
170. 3
171. 2
172. 0
173. 2
174. 1
175. 2
176. 1
177. 3
178. 2
179. 4
180. 2
181. 5
182. 2
183. 2
184. 4
185. 2
186. 3
187. 3
188. 2
189. 2
190. 0
191. 0
192. 1
193. 0
194. 2
195. 1
196. 2
197. 2
198. 2
199. 3
200. 1