4933.txt
1. 3
2. 2
3. 8
4. 1
5. 1
6. 4
7. 3
8. 1
9. 2
10. 4
11. 1
12. 3
13. 3
14. 1
15. 2
16. 1
17. 1
18. 2
19. 3
20. 3
21. 2
22. 1
23. 3
24. 1
25. 1
26. 2
27. 2
28. 4
29. 2
30. 2
31. 2
32. 1
33. 2
34. 4
35. 1
36. 3
37. 6
38. 5
39. 3
40. 2
41. 1
42. 3
43. 2
44. 4
45. 2
46. 2
47. 2
48. 6
49. 2
50. 1
51. 3
52. 1
53. 2
54. 2
55. 4
56. 3
57. 2
58. 2
59. 1
60. 3
61. 2
62. 3
63. 2
64. 2
65. 3
66. 3
67. 1
68. 2
69. 3
70. 3
71. 6
72. 2
73. 2
74. 3
75. 7
76. 2
77. 2
78. 2
79. 2
80. 2
81. 5
82. 2
83. 2
84. 1
85. 3
86. 3
87. 3
88. 2
89. 8
90. 2
91. 5
92. 2
93. 2
94. 2
95. 1
96. 3
97. 1
98. 2
99. 2
100. 2
101. 3
102. 1
103. 3
104. 2
105. 2
106. 2
107. 2
108. 2
109. 4
110. 1
111. 1
112. 1
113. 3
114. 4
115. 1
116. 1
117. 1
118. 4
119. 3
120. 2
121. 2
122. 1
123. 2
124. 2
125. 2
126. 2
127. 6
128. 2
129. 1
130. 2
131. 2
132. 4
133. 1
134. 3
135. 2
136. 2
137. 2
138. 2
139. 2
140. 1
141. 1
142. 2
143. 1
144. 3
145. 1
146. 3
147. 2
148. 3
149. 1
150. 3
151. 3
152. 3
153. 2
154. 1
155. 3
156. 3
157. 2
158. 3
159. 3
160. 6
161. 2
162. 2
163. 1
164. 3
165. 2
166. 2
167. 2
168. 3
169. 3
170. 3
171. 2
172. 2
173. 4
174. 2
175. 1
176. 3
177. 4
178. 3
179. 3
180. 1
181. 3
182. 2
183. 1
184. 2
185. 2
186. 3
187. 2
188. 2
189. 2
190. 2
191. 3
192. 3
193. 4
194. 1
195. 1
196. 1
197. 2
198. 3
199. 3
200. 3