4934.txt
1. 2
2. 4
3. 1
4. 1
5. 3
6. 3
7. 3
8. 4
9. 1
10. 1
11. 2
12. 2
13. 1
14. 3
15. 1
16. 2
17. 3
18. 3
19. 4
20. 2
21. 3
22. 4
23. 2
24. 2
25. 1
26. 2
27. 2
28. 2
29. 2
30. 3
31. 3
32. 3
33. 2
34. 3
35. 2
36. 3
37. 2
38. 2
39. 2
40. 3
41. 1
42. 1
43. 4
44. 1
45. 2
46. 5
47. 2
48. 2
49. 4
50. 4
51. 3
52. 2
53. 2
54. 4
55. 1
56. 3
57. 1
58. 1
59. 3
60. 3
61. 2
62. 5
63. 4
64. 1
65. 2
66. 2
67. 1
68. 3
69. 1
70. 3
71. 2
72. 2
73. 2
74. 4
75. 1
76. 3
77. 2
78. 3
79. 3
80. 2
81. 1
82. 3
83. 1
84. 4
85. 2
86. 2
87. 3
88. 2
89. 2
90. 2
91. 3
92. 2
93. 5
94. 2
95. 2
96. 3
97. 2
98. 2
99. 2
100. 3
101. 4
102. 2
103. 2
104. 4
105. 1
106. 2
107. 1
108. 1
109. 2
110. 2
111. 1
112. 2
113. 3
114. 3
115. 2
116. 2
117. 2
118. 2
119. 1
120. 2
121. 2
122. 2
123. 2
124. 1
125. 2
126. 4
127. 3
128. 1
129. 2
130. 2
131. 1
132. 3
133. 2
134. 2
135. 3
136. 3
137. 1
138. 2
139. 2
140. 2
141. 1
142. 3
143. 2
144. 1
145. 2
146. 2
147. 4
148. 3
149. 2
150. 1
151. 2
152. 2
153. 1
154. 2
155. 2
156. 3
157. 2
158. 3
159. 2
160. 3
161. 3
162. 4
163. 4
164. 3
165. 4
166. 3
167. 2
168. 1
169. 1
170. 1
171. 1
172. 2
173. 3
174. 3
175. 1
176. 2
177. 3
178. 2
179. 3
180. 2
181. 2
182. 2
183. 1
184. 2
185. 2
186. 2
187. 3
188. 1
189. 2
190. 3
191. 2
192. 2
193. 2
194. 3
195. 2
196. 2
197. 4
198. 2
199. 3
200. 1