4935.txt
1. 2
2. 1
3. 2
4. 2
5. 7
6. 1
7. 3
8. 2
9. 4
10. 1
11. 1
12. 1
13. 1
14. 2
15. 1
16. 2
17. 2
18. 3
19. 2
20. 0
21. 2
22. 1
23. 3
24. 2
25. 2
26. 5
27. 0
28. 1
29. 2
30. 1
31. 3
32. 4
33. 1
34. 2
35. 2
36. 4
37. 3
38. 3
39. 2
40. 3
41. 3
42. 3
43. 2
44. 1
45. 5
46. 2
47. 2
48. 1
49. 5
50. 1
51. 2
52. 1
53. 1
54. 6
55. 4
56. 3
57. 1
58. 2
59. 3
60. 3
61. 2
62. 3
63. 5
64. 3
65. 3
66. 2
67. 2
68. 2
69. 1
70. 1
71. 1
72. 5
73. 3
74. 2
75. 2
76. 1
77. 1
78. 1
79. 4
80. 3
81. 1
82. 2
83. 1
84. 3
85. 6
86. 1
87. 1
88. 2
89. 3
90. 2
91. 1
92. 2
93. 2
94. 1
95. 1
96. 1
97. 1
98. 2
99. 2
100. 3
101. 2
102. 2
103. 3
104. 3
105. 4
106. 2
107. 2
108. 1
109. 2
110. 3
111. 2
112. 2
113. 1
114. 1
115. 2
116. 3
117. 1
118. 3
119. 2
120. 5
121. 2
122. 2
123. 1
124. 1
125. 3
126. 4
127. 1
128. 2
129. 4
130. 1
131. 2
132. 7
133. 2
134. 1
135. 1
136. 0
137. 3
138. 1
139. 3
140. 2
141. 2
142. 1
143. 2
144. 3
145. 4
146. 2
147. 1
148. 3
149. 2
150. 4
151. 1
152. 2
153. 1
154. 4
155. 2
156. 1
157. 3
158. 2
159. 3
160. 5
161. 2
162. 2
163. 1
164. 1
165. 2
166. 1
167. 1
168. 2
169. 1
170. 2
171. 2
172. 2
173. 3
174. 2
175. 1
176. 1
177. 2
178. 4
179. 2
180. 2
181. 2
182. 2
183. 3
184. 2
185. 2
186. 3
187. 2
188. 1
189. 2
190. 1
191. 3
192. 2
193. 1
194. 5
195. 1
196. 2
197. 2
198. 2
199. 3
200. 6