4937.txt
1. 0
2. 1
3. 2
4. 1
5. 3
6. 1
7. 1
8. 0
9. 4
10. 2
11. 3
12. 0
13. 0
14. 1
15. 3
16. 2
17. 2
18. 1
19. 0
20. 1
21. 0
22. 0
23. 1
24. 1
25. 2
26. 0
27. 1
28. 2
29. 1
30. 1
31. 1
32. 1
33. 2
34. 1
35. 2
36. 2
37. 0
38. 1
39. 1
40. 1
41. 2
42. 1
43. 1
44. 2
45. 2
46. 1
47. 3
48. 2
49. 2
50. 0
51. 4
52. 3
53. 1
54. 2
55. 2
56. 2
57. 0
58. 0
59. 0
60. 1
61. 1
62. 1
63. 0
64. 1
65. 2
66. 1
67. 3
68. 4
69. 3
70. 1
71. 3
72. 1
73. 0
74. 1
75. 0
76. 0
77. 1
78. 0
79. 0
80. 1
81. 1
82. 0
83. 1
84. 0
85. 1
86. 2
87. 0
88. 1
89. 2
90. 2
91. 1
92. 1
93. 0
94. 1
95. 0
96. 1
97. 1
98. 2
99. 2
100. 2
101. 0
102. 1
103. 0
104. 0
105. 2
106. 1
107. 0
108. 0
109. 1
110. 0
111. 3
112. 0
113. 2
114. 0
115. 2
116. 2
117. 0
118. 2
119. 2
120. 1
121. 1
122. 0
123. 1
124. 1
125. 2
126. 2
127. 1
128. 0
129. 1
130. 2
131. 0
132. 1
133. 2
134. 0
135. 2
136. 1
137. 1
138. 2
139. 1
140. 0
141. 1
142. 2
143. 1
144. 1
145. 1
146. 1
147. 2
148. 0
149. 0
150. 3
151. 2
152. 1
153. 0
154. 1
155. 0
156. 0
157. 2
158. 1
159. 0
160. 1
161. 0
162. 2
163. 1
164. 2
165. 1
166. 1
167. 1
168. 2
169. 2
170. 1
171. 0
172. 1
173. 2
174. 0
175. 1
176. 1
177. 1
178. 2
179. 2
180. 1
181. 3
182. 0
183. 4
184. 1
185. 2
186. 1
187. 0
188. 1
189. 2
190. 1
191. 1
192. 1
193. 2
194. 1
195. 1
196. 2
197. 0
198. 1
199. 4
200. 0