4944.txt
1. 8
2. 2
3. 1
4. 1
5. 2
6. 2
7. 4
8. 3
9. 3
10. 3
11. 0
12. 1
13. 2
14. 2
15. 1
16. 2
17. 4
18. 1
19. 3
20. 1
21. 0
22. 1
23. 2
24. 0
25. 2
26. 0
27. 3
28. 3
29. 6
30. 0
31. 3
32. 1
33. 2
34. 3
35. 0
36. 2
37. 1
38. 2
39. 2
40. 2
41. 1
42. 4
43. 1
44. 1
45. 2
46. 1
47. 3
48. 2
49. 2
50. 0
51. 1
52. 3
53. 2
54. 1
55. 1
56. 1
57. 2
58. 2
59. 4
60. 1
61. 4
62. 1
63. 3
64. 1
65. 2
66. 1
67. 1
68. 2
69. 2
70. 3
71. 2
72. 0
73. 3
74. 1
75. 2
76. 1
77. 1
78. 3
79. 2
80. 1
81. 2
82. 1
83. 2
84. 2
85. 1
86. 2
87. 0
88. 2
89. 2
90. 1
91. 2
92. 2
93. 3
94. 2
95. 3
96. 1
97. 2
98. 2
99. 2
100. 2
101. 2
102. 3
103. 3
104. 1
105. 2
106. 3
107. 2
108. 4
109. 1
110. 3
111. 5
112. 1
113. 2
114. 3
115. 1
116. 2
117. 6
118. 2
119. 2
120. 3
121. 2
122. 1
123. 1
124. 3
125. 2
126. 1
127. 2
128. 2
129. 2
130. 2
131. 1
132. 2
133. 1
134. 3
135. 3
136. 1
137. 4
138. 1
139. 3
140. 2
141. 4
142. 2
143. 2
144. 3
145. 2
146. 1
147. 4
148. 1
149. 3
150. 2
151. 1
152. 3
153. 3
154. 1
155. 2
156. 2
157. 2
158. 4
159. 3
160. 3
161. 1
162. 1
163. 2
164. 2
165. 0
166. 3
167. 2
168. 2
169. 1
170. 3
171. 4
172. 3
173. 1
174. 5
175. 2
176. 1
177. 4
178. 2
179. 2
180. 2
181. 1
182. 2
183. 1
184. 2
185. 2
186. 2
187. 1
188. 1
189. 3
190. 1
191. 2
192. 2
193. 2
194. 3
195. 1
196. 2
197. 1
198. 2
199. 2
200. 5