4946.txt
1. 0
2. 1
3. 2
4. 1
5. 1
6. 4
7. 0
8. 0
9. 2
10. 1
11. 0
12. 0
13. 1
14. 4
15. 0
16. 1
17. 1
18. 2
19. 1
20. 3
21. 1
22. 2
23. 1
24. 0
25. 1
26. 3
27. 8
28. 3
29. 3
30. 1
31. 1
32. 2
33. 2
34. 0
35. 1
36. 0
37. 1
38. 0
39. 1
40. 2
41. 1
42. 1
43. 1
44. 1
45. 2
46. 0
47. 1
48. 0
49. 2
50. 1
51. 8
52. 3
53. 3
54. 0
55. 3
56. 0
57. 2
58. 3
59. 2
60. 1
61. 2
62. 0
63. 0
64. 3
65. 2
66. 1
67. 1
68. 2
69. 0
70. 0
71. 2
72. 5
73. 1
74. 2
75. 3
76. 4
77. 1
78. 2
79. 2
80. 0
81. 1
82. 2
83. 1
84. 3
85. 2
86. 1
87. 1
88. 2
89. 2
90. 1
91. 2
92. 1
93. 2
94. 0
95. 1
96. 1
97. 2
98. 2
99. 0
100. 2
101. 0
102. 2
103. 1
104. 2
105. 3
106. 3
107. 1
108. 1
109. 3
110. 1
111. 2
112. 1
113. 0
114. 1
115. 5
116. 2
117. 0
118. 1
119. 1
120. 1
121. 0
122. 1
123. 2
124. 2
125. 2
126. 1
127. 1
128. 0
129. 0
130. 2
131. 2
132. 0
133. 1
134. 1
135. 1
136. 1
137. 2
138. 0
139. 2
140. 0
141. 3
142. 1
143. 2
144. 1
145. 2
146. 4
147. 1
148. 2
149. 2
150. 1
151. 3
152. 0
153. 3
154. 1
155. 1
156. 1
157. 3
158. 1
159. 2
160. 3
161. 2
162. 2
163. 0
164. 2
165. 3
166. 3
167. 6
168. 1
169. 1
170. 4
171. 2
172. 1
173. 3
174. 1
175. 2
176. 0
177. 1
178. 2
179. 2
180. 0
181. 2
182. 2
183. 2
184. 2
185. 2
186. 2
187. 1
188. 1
189. 1
190. 1
191. 0
192. 1
193. 1
194. 2
195. 2
196. 3
197. 1
198. 0
199. 1
200. 2