495.txt
1. 7
2. 2
3. 4
4. 2
5. 1
6. 4
7. 3
8. 2
9. 3
10. 1
11. 1
12. 5
13. 2
14. 7
15. 0
16. 2
17. 2
18. 3
19. 4
20. 3
21. 6
22. 6
23. 1
24. 2
25. 7
26. 4
27. 3
28. 2
29. 4
30. 5
31. 3
32. 1
33. 4
34. 0
35. 1
36. 3
37. 2
38. 3
39. 1
40. 2
41. 1
42. 3
43. 2
44. 2
45. 2
46. 6
47. 1
48. 3
49. 2
50. 4
51. 3
52. 5
53. 1
54. 4
55. 2
56. 1
57. 3
58. 1
59. 2
60. 2
61. 1
62. 1
63. 4
64. 1
65. 3
66. 1
67. 4
68. 3
69. 3
70. 1
71. 2
72. 2
73. 4
74. 2
75. 3
76. 2
77. 2
78. 2
79. 1
80. 2
81. 2
82. 4
83. 1
84. 1
85. 5
86. 2
87. 4
88. 1
89. 3
90. 3
91. 1
92. 2
93. 2
94. 2
95. 3
96. 4
97. 3
98. 3
99. 2
100. 2
101. 3
102. 1
103. 1
104. 3
105. 2
106. 3
107. 2
108. 3
109. 3
110. 3
111. 4
112. 3
113. 2
114. 1
115. 1
116. 1
117. 2
118. 1
119. 1
120. 3
121. 2
122. 4
123. 5
124. 1
125. 1
126. 1
127. 3
128. 2
129. 3
130. 2
131. 1
132. 3
133. 3
134. 2
135. 2
136. 2
137. 2
138. 2
139. 2
140. 5
141. 3
142. 2
143. 7
144. 1
145. 3
146. 2
147. 1
148. 3
149. 5
150. 1
151. 1
152. 2
153. 3
154. 4
155. 1
156. 1
157. 3
158. 1
159. 1
160. 2
161. 3
162. 2
163. 1
164. 5
165. 4
166. 6
167. 3
168. 2
169. 1
170. 1
171. 2
172. 2
173. 5
174. 3
175. 2
176. 1
177. 2
178. 2
179. 3
180. 1
181. 2
182. 2
183. 3
184. 3
185. 2
186. 2
187. 2
188. 1
189. 5
190. 2
191. 3
192. 2
193. 1
194. 2
195. 3
196. 2
197. 2
198. 3
199. 2
200. 3