4956.txt
1. 2
2. 3
3. 2
4. 1
5. 4
6. 2
7. 3
8. 2
9. 1
10. 3
11. 4
12. 2
13. 4
14. 1
15. 2
16. 6
17. 5
18. 2
19. 4
20. 3
21. 1
22. 3
23. 3
24. 2
25. 3
26. 2
27. 2
28. 4
29. 4
30. 2
31. 4
32. 3
33. 2
34. 2
35. 2
36. 3
37. 2
38. 3
39. 7
40. 3
41. 3
42. 2
43. 2
44. 3
45. 2
46. 1
47. 3
48. 3
49. 2
50. 4
51. 2
52. 4
53. 2
54. 3
55. 5
56. 3
57. 5
58. 2
59. 3
60. 1
61. 4
62. 2
63. 2
64. 2
65. 2
66. 5
67. 3
68. 3
69. 2
70. 3
71. 3
72. 4
73. 2
74. 5
75. 3
76. 3
77. 2
78. 2
79. 2
80. 2
81. 3
82. 3
83. 3
84. 2
85. 4
86. 4
87. 4
88. 2
89. 2
90. 3
91. 2
92. 3
93. 2
94. 4
95. 3
96. 2
97. 3
98. 2
99. 3
100. 3
101. 2
102. 6
103. 2
104. 2
105. 2
106. 3
107. 2
108. 3
109. 3
110. 10
111. 2
112. 5
113. 2
114. 2
115. 2
116. 5
117. 2
118. 2
119. 1
120. 4
121. 4
122. 2
123. 2
124. 3
125. 2
126. 1
127. 1
128. 2
129. 2
130. 3
131. 3
132. 3
133. 4
134. 2
135. 3
136. 4
137. 3
138. 1
139. 2
140. 2
141. 3
142. 2
143. 3
144. 4
145. 2
146. 2
147. 3
148. 2
149. 1
150. 2
151. 1
152. 4
153. 2
154. 2
155. 3
156. 4
157. 6
158. 2
159. 3
160. 2
161. 2
162. 2
163. 1
164. 2
165. 2
166. 1
167. 3
168. 3
169. 2
170. 3
171. 2
172. 4
173. 2
174. 1
175. 2
176. 2
177. 4
178. 2
179. 4
180. 3
181. 2
182. 2
183. 3
184. 3
185. 2
186. 3
187. 2
188. 2
189. 5
190. 3
191. 4
192. 2
193. 2
194. 2
195. 3
196. 5
197. 3
198. 3
199. 3
200. 2