496.txt
1. 3
2. 0
3. 3
4. 0
5. 1
6. 2
7. 0
8. 2
9. 4
10. 1
11. 0
12. 0
13. 2
14. 4
15. 1
16. 0
17. 3
18. 2
19. 0
20. 0
21. 0
22. 1
23. 3
24. 2
25. 1
26. 0
27. 1
28. 0
29. 1
30. 1
31. 2
32. 0
33. 2
34. 1
35. 3
36. 2
37. 1
38. 0
39. 0
40. 0
41. 4
42. 0
43. 3
44. 3
45. 0
46. 1
47. 2
48. 0
49. 3
50. 0
51. 1
52. 2
53. 0
54. 0
55. 2
56. 5
57. 4
58. 0
59. 2
60. 2
61. 1
62. 4
63. 0
64. 3
65. 0
66. 1
67. 0
68. 0
69. 3
70. 2
71. 2
72. 0
73. 0
74. 0
75. 0
76. 0
77. 0
78. 3
79. 3
80. 0
81. 1
82. 0
83. 2
84. 0
85. 0
86. 1
87. 0
88. 0
89. 3
90. 1
91. 0
92. 2
93. 2
94. 0
95. 2
96. 0
97. 2
98. 1
99. 2
100. 3
101. 0
102. 0
103. 0
104. 1
105. 4
106. 0
107. 1
108. 0
109. 0
110. 3
111. 2
112. 0
113. 2
114. 2
115. 3
116. 0
117. 2
118. 1
119. 0
120. 0
121. 2
122. 2
123. 4
124. 1
125. 3
126. 3
127. 2
128. 0
129. 0
130. 2
131. 2
132. 1
133. 2
134. 2
135. 1
136. 0
137. 0
138. 2
139. 2
140. 0
141. 1
142. 0
143. 3
144. 1
145. 3
146. 2
147. 0
148. 3
149. 2
150. 1
151. 0
152. 3
153. 6
154. 0
155. 0
156. 0
157. 0
158. 0
159. 0
160. 4
161. 1
162. 2
163. 5
164. 0
165. 0
166. 0
167. 0
168. 3
169. 4
170. 1
171. 2
172. 1
173. 2
174. 0
175. 0
176. 1
177. 3
178. 2
179. 2
180. 0
181. 0
182. 2
183. 4
184. 0
185. 1
186. 2
187. 5
188. 2
189. 1
190. 0
191. 1
192. 2
193. 2
194. 0
195. 0
196. 3
197. 6
198. 0
199. 0
200. 8