4962.txt
1. 0
2. 0
3. 6
4. 4
5. 7
6. 0
7. 3
8. 2
9. 2
10. 0
11. 1
12. 4
13. 1
14. 2
15. 1
16. 1
17. 0
18. 2
19. 1
20. 0
21. 1
22. 3
23. 6
24. 1
25. 1
26. 0
27. 0
28. 3
29. 1
30. 0
31. 0
32. 0
33. 3
34. 3
35. 0
36. 2
37. 2
38. 6
39. 5
40. 1
41. 1
42. 2
43. 2
44. 4
45. 1
46. 0
47. 3
48. 7
49. 4
50. 1
51. 2
52. 5
53. 2
54. 2
55. 0
56. 5
57. 4
58. 2
59. 2
60. 0
61. 2
62. 3
63. 0
64. 2
65. 3
66. 2
67. 2
68. 1
69. 3
70. 2
71. 2
72. 2
73. 1
74. 2
75. 7
76. 2
77. 3
78. 1
79. 2
80. 2
81. 0
82. 2
83. 3
84. 2
85. 4
86. 2
87. 2
88. 1
89. 4
90. 1
91. 3
92. 2
93. 1
94. 2
95. 2
96. 2
97. 3
98. 3
99. 0
100. 1
101. 1
102. 5
103. 3
104. 1
105. 1
106. 2
107. 2
108. 1
109. 1
110. 1
111. 2
112. 4
113. 2
114. 2
115. 1
116. 4
117. 2
118. 4
119. 1
120. 3
121. 1
122. 4
123. 1
124. 3
125. 4
126. 2
127. 1
128. 3
129. 2
130. 3
131. 3
132. 10
133. 4
134. 0
135. 3
136. 1
137. 2
138. 4
139. 2
140. 0
141. 0
142. 2
143. 3
144. 1
145. 2
146. 3
147. 3
148. 3
149. 3
150. 2
151. 4
152. 3
153. 5
154. 5
155. 1
156. 2
157. 2
158. 1
159. 1
160. 0
161. 2
162. 2
163. 2
164. 3
165. 1
166. 0
167. 0
168. 4
169. 3
170. 0
171. 0
172. 1
173. 3
174. 1
175. 1
176. 1
177. 2
178. 2
179. 2
180. 2
181. 4
182. 1
183. 3
184. 0
185. 3
186. 0
187. 3
188. 1
189. 0
190. 2
191. 1
192. 1
193. 4
194. 2
195. 3
196. 2
197. 4
198. 2
199. 2
200. 1