4973.txt
1. 2
2. 3
3. 6
4. 1
5. 3
6. 2
7. 1
8. 4
9. 4
10. 2
11. 7
12. 1
13. 3
14. 2
15. 1
16. 2
17. 4
18. 10
19. 2
20. 3
21. 1
22. 1
23. 1
24. 2
25. 1
26. 3
27. 1
28. 1
29. 3
30. 2
31. 2
32. 3
33. 3
34. 2
35. 2
36. 1
37. 4
38. 1
39. 2
40. 1
41. 1
42. 2
43. 1
44. 2
45. 2
46. 4
47. 2
48. 3
49. 4
50. 2
51. 2
52. 1
53. 2
54. 3
55. 3
56. 2
57. 4
58. 3
59. 3
60. 4
61. 2
62. 3
63. 3
64. 3
65. 2
66. 1
67. 2
68. 2
69. 2
70. 2
71. 3
72. 2
73. 2
74. 5
75. 3
76. 3
77. 1
78. 2
79. 2
80. 1
81. 2
82. 1
83. 2
84. 1
85. 1
86. 1
87. 4
88. 3
89. 3
90. 2
91. 1
92. 2
93. 2
94. 3
95. 1
96. 2
97. 3
98. 1
99. 2
100. 3
101. 2
102. 2
103. 5
104. 2
105. 2
106. 3
107. 2
108. 1
109. 2
110. 3
111. 2
112. 2
113. 3
114. 3
115. 1
116. 1
117. 3
118. 2
119. 1
120. 3
121. 1
122. 1
123. 1
124. 2
125. 5
126. 4
127. 2
128. 3
129. 3
130. 2
131. 1
132. 3
133. 2
134. 2
135. 3
136. 2
137. 2
138. 8
139. 2
140. 2
141. 2
142. 3
143. 1
144. 1
145. 1
146. 2
147. 1
148. 1
149. 2
150. 3
151. 1
152. 3
153. 2
154. 3
155. 2
156. 2
157. 2
158. 1
159. 1
160. 2
161. 1
162. 1
163. 2
164. 2
165. 1
166. 2
167. 2
168. 2
169. 1
170. 1
171. 2
172. 2
173. 2
174. 3
175. 2
176. 2
177. 6
178. 2
179. 1
180. 3
181. 3
182. 3
183. 2
184. 3
185. 5
186. 7
187. 1
188. 2
189. 3
190. 2
191. 1
192. 3
193. 1
194. 1
195. 4
196. 2
197. 3
198. 2
199. 2
200. 2