4980.txt
1. 2
2. 3
3. 2
4. 2
5. 1
6. 1
7. 6
8. 1
9. 1
10. 0
11. 2
12. 4
13. 1
14. 3
15. 1
16. 1
17. 1
18. 4
19. 1
20. 1
21. 7
22. 3
23. 5
24. 1
25. 2
26. 3
27. 3
28. 3
29. 2
30. 3
31. 1
32. 2
33. 6
34. 4
35. 2
36. 1
37. 1
38. 2
39. 2
40. 3
41. 2
42. 0
43. 2
44. 1
45. 2
46. 5
47. 2
48. 5
49. 4
50. 2
51. 3
52. 1
53. 2
54. 2
55. 2
56. 1
57. 1
58. 3
59. 3
60. 1
61. 2
62. 1
63. 1
64. 1
65. 2
66. 2
67. 1
68. 1
69. 4
70. 2
71. 3
72. 2
73. 3
74. 2
75. 3
76. 1
77. 1
78. 8
79. 1
80. 1
81. 4
82. 4
83. 5
84. 1
85. 4
86. 3
87. 2
88. 3
89. 1
90. 2
91. 5
92. 5
93. 2
94. 3
95. 3
96. 5
97. 3
98. 2
99. 1
100. 2
101. 2
102. 2
103. 2
104. 2
105. 1
106. 1
107. 5
108. 2
109. 2
110. 3
111. 2
112. 5
113. 1
114. 2
115. 1
116. 2
117. 3
118. 4
119. 5
120. 2
121. 4
122. 1
123. 2
124. 1
125. 1
126. 4
127. 1
128. 2
129. 5
130. 1
131. 2
132. 2
133. 2
134. 4
135. 3
136. 1
137. 1
138. 3
139. 2
140. 3
141. 2
142. 2
143. 2
144. 1
145. 1
146. 5
147. 2
148. 2
149. 2
150. 2
151. 3
152. 2
153. 3
154. 1
155. 2
156. 2
157. 1
158. 2
159. 3
160. 1
161. 2
162. 5
163. 1
164. 2
165. 2
166. 4
167. 2
168. 2
169. 2
170. 2
171. 2
172. 5
173. 4
174. 1
175. 2
176. 3
177. 1
178. 2
179. 1
180. 2
181. 4
182. 2
183. 3
184. 2
185. 2
186. 2
187. 4
188. 2
189. 2
190. 1
191. 1
192. 2
193. 1
194. 3
195. 2
196. 2
197. 2
198. 1
199. 2
200. 3