4981.txt
1. 2
2. 3
3. 1
4. 7
5. 2
6. 1
7. 4
8. 1
9. 1
10. 1
11. 2
12. 1
13. 2
14. 2
15. 3
16. 2
17. 6
18. 4
19. 1
20. 3
21. 1
22. 2
23. 1
24. 3
25. 4
26. 2
27. 3
28. 5
29. 1
30. 3
31. 4
32. 2
33. 3
34. 1
35. 2
36. 2
37. 2
38. 2
39. 1
40. 2
41. 2
42. 3
43. 2
44. 1
45. 6
46. 1
47. 2
48. 2
49. 4
50. 1
51. 4
52. 2
53. 3
54. 3
55. 2
56. 2
57. 3
58. 1
59. 3
60. 3
61. 1
62. 4
63. 2
64. 1
65. 2
66. 1
67. 2
68. 2
69. 3
70. 2
71. 3
72. 1
73. 1
74. 3
75. 6
76. 2
77. 2
78. 1
79. 2
80. 4
81. 2
82. 1
83. 2
84. 2
85. 2
86. 1
87. 2
88. 3
89. 2
90. 2
91. 2
92. 2
93. 3
94. 3
95. 4
96. 2
97. 3
98. 3
99. 2
100. 2
101. 2
102. 2
103. 1
104. 2
105. 2
106. 3
107. 2
108. 2
109. 3
110. 3
111. 4
112. 1
113. 5
114. 1
115. 2
116. 3
117. 2
118. 1
119. 2
120. 3
121. 3
122. 3
123. 2
124. 2
125. 2
126. 2
127. 3
128. 1
129. 3
130. 1
131. 1
132. 5
133. 3
134. 2
135. 4
136. 2
137. 1
138. 2
139. 3
140. 2
141. 3
142. 2
143. 3
144. 3
145. 3
146. 2
147. 3
148. 2
149. 4
150. 3
151. 5
152. 1
153. 2
154. 2
155. 2
156. 2
157. 2
158. 2
159. 2
160. 3
161. 2
162. 4
163. 2
164. 1
165. 2
166. 2
167. 2
168. 2
169. 2
170. 2
171. 4
172. 3
173. 4
174. 2
175. 3
176. 1
177. 3
178. 2
179. 3
180. 2
181. 2
182. 3
183. 2
184. 2
185. 2
186. 1
187. 4
188. 3
189. 4
190. 2
191. 3
192. 2
193. 2
194. 4
195. 1
196. 3
197. 2
198. 4
199. 3
200. 3