4984.txt
1. 0
2. 9
3. 3
4. 0
5. 0
6. 3
7. 0
8. 2
9. 0
10. 0
11. 0
12. 0
13. 0
14. 1
15. 0
16. 0
17. 0
18. 2
19. 6
20. 3
21. 1
22. 0
23. 0
24. 0
25. 0
26. 3
27. 0
28. 0
29. 3
30. 3
31. 0
32. 0
33. 0
34. 4
35. 3
36. 3
37. 3
38. 0
39. 5
40. 2
41. 0
42. 0
43. 0
44. 2
45. 2
46. 0
47. 2
48. 0
49. 0
50. 0
51. 1
52. 0
53. 0
54. 0
55. 3
56. 0
57. 0
58. 4
59. 0
60. 0
61. 0
62. 2
63. 0
64. 3
65. 0
66. 2
67. 2
68. 0
69. 3
70. 2
71. 2
72. 1
73. 3
74. 0
75. 0
76. 2
77. 3
78. 2
79. 2
80. 2
81. 5
82. 2
83. 4
84. 1
85. 0
86. 0
87. 0
88. 3
89. 1
90. 0
91. 2
92. 2
93. 2
94. 0
95. 0
96. 1
97. 0
98. 0
99. 1
100. 1
101. 0
102. 2
103. 0
104. 0
105. 1
106. 0
107. 3
108. 2
109. 0
110. 0
111. 0
112. 0
113. 1
114. 1
115. 0
116. 0
117. 2
118. 0
119. 0
120. 2
121. 0
122. 2
123. 0
124. 2
125. 3
126. 0
127. 0
128. 4
129. 0
130. 0
131. 0
132. 0
133. 0
134. 2
135. 0
136. 3
137. 0
138. 2
139. 3
140. 2
141. 0
142. 2
143. 2
144. 0
145. 0
146. 0
147. 0
148. 0
149. 4
150. 2
151. 0
152. 0
153. 0
154. 0
155. 0
156. 0
157. 0
158. 0
159. 3
160. 0
161. 3
162. 0
163. 2
164. 2
165. 0
166. 0
167. 0
168. 0
169. 3
170. 0
171. 3
172. 0
173. 3
174. 2
175. 0
176. 0
177. 0
178. 0
179. 2
180. 3
181. 0
182. 0
183. 0
184. 2
185. 3
186. 0
187. 0
188. 0
189. 0
190. 3
191. 3
192. 2
193. 0
194. 4
195. 3
196. 0
197. 0
198. 0
199. 0
200. 3