4989.txt
1. 7
2. 2
3. 1
4. 2
5. 1
6. 1
7. 3
8. 1
9. 1
10. 3
11. 2
12. 1
13. 4
14. 1
15. 1
16. 2
17. 2
18. 1
19. 5
20. 2
21. 4
22. 1
23. 6
24. 2
25. 2
26. 3
27. 3
28. 3
29. 3
30. 2
31. 2
32. 3
33. 6
34. 1
35. 2
36. 4
37. 1
38. 1
39. 1
40. 2
41. 3
42. 1
43. 1
44. 2
45. 1
46. 6
47. 1
48. 2
49. 2
50. 2
51. 3
52. 3
53. 1
54. 2
55. 2
56. 2
57. 1
58. 2
59. 4
60. 3
61. 2
62. 1
63. 4
64. 3
65. 4
66. 2
67. 2
68. 3
69. 1
70. 1
71. 2
72. 1
73. 1
74. 2
75. 2
76. 3
77. 4
78. 2
79. 1
80. 2
81. 3
82. 2
83. 1
84. 1
85. 2
86. 3
87. 3
88. 1
89. 3
90. 4
91. 3
92. 3
93. 3
94. 10
95. 2
96. 3
97. 1
98. 2
99. 1
100. 2
101. 1
102. 3
103. 5
104. 2
105. 1
106. 1
107. 1
108. 3
109. 3
110. 2
111. 1
112. 1
113. 1
114. 2
115. 1
116. 1
117. 2
118. 2
119. 2
120. 3
121. 1
122. 1
123. 2
124. 2
125. 1
126. 1
127. 1
128. 2
129. 2
130. 2
131. 2
132. 2
133. 4
134. 2
135. 3
136. 2
137. 1
138. 1
139. 2
140. 2
141. 1
142. 1
143. 2
144. 3
145. 1
146. 1
147. 2
148. 3
149. 2
150. 2
151. 1
152. 5
153. 2
154. 2
155. 1
156. 2
157. 3
158. 1
159. 2
160. 2
161. 1
162. 4
163. 1
164. 2
165. 2
166. 3
167. 2
168. 4
169. 1
170. 1
171. 1
172. 2
173. 2
174. 3
175. 2
176. 4
177. 2
178. 2
179. 2
180. 3
181. 4
182. 1
183. 3
184. 2
185. 4
186. 3
187. 3
188. 3
189. 1
190. 3
191. 2
192. 3
193. 2
194. 2
195. 1
196. 3
197. 3
198. 1
199. 3
200. 2