499.txt
1. 2
2. 4
3. 3
4. 3
5. 4
6. 3
7. 1
8. 1
9. 2
10. 1
11. 3
12. 1
13. 3
14. 2
15. 3
16. 9
17. 1
18. 5
19. 2
20. 5
21. 2
22. 3
23. 4
24. 1
25. 2
26. 3
27. 3
28. 1
29. 1
30. 6
31. 2
32. 2
33. 4
34. 2
35. 1
36. 3
37. 4
38. 1
39. 1
40. 3
41. 5
42. 4
43. 3
44. 2
45. 2
46. 6
47. 3
48. 1
49. 3
50. 2
51. 4
52. 2
53. 4
54. 2
55. 3
56. 4
57. 1
58. 3
59. 2
60. 1
61. 3
62. 5
63. 1
64. 4
65. 4
66. 8
67. 2
68. 3
69. 1
70. 5
71. 4
72. 2
73. 1
74. 2
75. 1
76. 4
77. 3
78. 2
79. 1
80. 3
81. 3
82. 2
83. 4
84. 3
85. 1
86. 3
87. 2
88. 2
89. 5
90. 4
91. 2
92. 4
93. 2
94. 1
95. 3
96. 7
97. 3
98. 4
99. 1
100. 3
101. 3
102. 3
103. 1
104. 6
105. 1
106. 5
107. 2
108. 2
109. 4
110. 3
111. 1
112. 2
113. 3
114. 2
115. 2
116. 2
117. 2
118. 1
119. 3
120. 2
121. 2
122. 3
123. 2
124. 6
125. 2
126. 2
127. 3
128. 4
129. 3
130. 3
131. 3
132. 1
133. 7
134. 2
135. 2
136. 2
137. 3
138. 1
139. 1
140. 2
141. 3
142. 1
143. 2
144. 3
145. 4
146. 2
147. 2
148. 2
149. 3
150. 4
151. 1
152. 3
153. 2
154. 3
155. 1
156. 2
157. 3
158. 2
159. 2
160. 3
161. 3
162. 4
163. 2
164. 2
165. 1
166. 5
167. 2
168. 4
169. 2
170. 1
171. 2
172. 3
173. 2
174. 3
175. 2
176. 3
177. 2
178. 1
179. 3
180. 5
181. 2
182. 3
183. 3
184. 2
185. 3
186. 2
187. 5
188. 3
189. 2
190. 4
191. 3
192. 3
193. 2
194. 2
195. 2
196. 1
197. 1
198. 4
199. 3
200. 5