5.txt
1. 3
2. 4
3. 1
4. 3
5. 3
6. 2
7. 3
8. 3
9. 0
10. 1
11. 3
12. 2
13. 5
14. 2
15. 2
16. 2
17. 2
18. 2
19. 1
20. 4
21. 1
22. 2
23. 1
24. 3
25. 3
26. 3
27. 3
28. 2
29. 1
30. 3
31. 2
32. 2
33. 3
34. 5
35. 2
36. 1
37. 2
38. 4
39. 2
40. 4
41. 2
42. 1
43. 3
44. 4
45. 1
46. 2
47. 2
48. 4
49. 2
50. 3
51. 2
52. 1
53. 2
54. 3
55. 6
56. 2
57. 2
58. 3
59. 3
60. 2
61. 1
62. 2
63. 2
64. 3
65. 3
66. 4
67. 3
68. 2
69. 3
70. 1
71. 2
72. 2
73. 1
74. 0
75. 2
76. 3
77. 2
78. 2
79. 3
80. 3
81. 1
82. 1
83. 2
84. 4
85. 1
86. 3
87. 1
88. 3
89. 2
90. 1
91. 3
92. 2
93. 1
94. 2
95. 3
96. 2
97. 2
98. 4
99. 2
100. 1
101. 3
102. 4
103. 3
104. 3
105. 2
106. 1
107. 5
108. 2
109. 2
110. 3
111. 2
112. 2
113. 3
114. 2
115. 3
116. 2
117. 2
118. 3
119. 3
120. 1
121. 1
122. 2
123. 1
124. 2
125. 5
126. 2
127. 1
128. 1
129. 2
130. 2
131. 1
132. 1
133. 3
134. 2
135. 2
136. 2
137. 2
138. 3
139. 3
140. 2
141. 1
142. 2
143. 4
144. 3
145. 8
146. 3
147. 1
148. 2
149. 3
150. 2
151. 6
152. 2
153. 2
154. 3
155. 1
156. 4
157. 1
158. 1
159. 2
160. 2
161. 3
162. 1
163. 1
164. 4
165. 1
166. 2
167. 2
168. 4
169. 2
170. 2
171. 1
172. 2
173. 3
174. 1
175. 3
176. 2
177. 1
178. 2
179. 2
180. 4
181. 2
182. 1
183. 2
184. 2
185. 3
186. 2
187. 1
188. 2
189. 2
190. 2
191. 4
192. 2
193. 2
194. 3
195. 2
196. 1
197. 2
198. 3
199. 2
200. 3