5002.txt
1. 2
2. 1
3. 2
4. 1
5. 2
6. 5
7. 4
8. 2
9. 1
10. 2
11. 1
12. 3
13. 3
14. 1
15. 2
16. 4
17. 3
18. 3
19. 3
20. 2
21. 2
22. 2
23. 5
24. 4
25. 1
26. 2
27. 2
28. 2
29. 7
30. 5
31. 2
32. 2
33. 1
34. 5
35. 2
36. 2
37. 2
38. 3
39. 3
40. 2
41. 2
42. 2
43. 3
44. 3
45. 2
46. 2
47. 1
48. 3
49. 2
50. 1
51. 1
52. 2
53. 3
54. 1
55. 4
56. 2
57. 2
58. 6
59. 3
60. 1
61. 2
62. 2
63. 3
64. 2
65. 2
66. 2
67. 3
68. 4
69. 3
70. 2
71. 2
72. 2
73. 3
74. 4
75. 1
76. 1
77. 2
78. 6
79. 6
80. 2
81. 2
82. 1
83. 3
84. 2
85. 1
86. 2
87. 1
88. 3
89. 3
90. 1
91. 2
92. 3
93. 2
94. 2
95. 2
96. 2
97. 3
98. 2
99. 5
100. 2
101. 3
102. 2
103. 3
104. 1
105. 1
106. 2
107. 3
108. 2
109. 2
110. 2
111. 2
112. 2
113. 1
114. 1
115. 5
116. 7
117. 2
118. 4
119. 2
120. 2
121. 1
122. 1
123. 2
124. 2
125. 2
126. 5
127. 1
128. 4
129. 2
130. 6
131. 2
132. 1
133. 3
134. 4
135. 2
136. 2
137. 4
138. 1
139. 2
140. 1
141. 3
142. 2
143. 2
144. 2
145. 2
146. 2
147. 3
148. 2
149. 4
150. 1
151. 2
152. 5
153. 2
154. 2
155. 4
156. 1
157. 2
158. 2
159. 1
160. 1
161. 4
162. 2
163. 3
164. 2
165. 2
166. 5
167. 2
168. 4
169. 2
170. 3
171. 3
172. 4
173. 2
174. 1
175. 1
176. 2
177. 2
178. 3
179. 2
180. 1
181. 2
182. 2
183. 1
184. 1
185. 2
186. 2
187. 3
188. 2
189. 3
190. 1
191. 2
192. 1
193. 1
194. 2
195. 3
196. 3
197. 2
198. 3
199. 2
200. 2