5012.txt
1. 2
2. 1
3. 2
4. 3
5. 4
6. 3
7. 2
8. 6
9. 2
10. 2
11. 4
12. 2
13. 1
14. 2
15. 2
16. 4
17. 3
18. 4
19. 1
20. 2
21. 3
22. 2
23. 1
24. 2
25. 4
26. 3
27. 1
28. 2
29. 2
30. 3
31. 4
32. 2
33. 2
34. 3
35. 2
36. 3
37. 2
38. 3
39. 2
40. 1
41. 2
42. 7
43. 4
44. 1
45. 1
46. 4
47. 5
48. 3
49. 2
50. 1
51. 2
52. 1
53. 2
54. 6
55. 2
56. 2
57. 2
58. 2
59. 2
60. 1
61. 1
62. 4
63. 4
64. 2
65. 2
66. 1
67. 3
68. 2
69. 5
70. 2
71. 1
72. 2
73. 3
74. 2
75. 3
76. 2
77. 2
78. 4
79. 5
80. 1
81. 1
82. 2
83. 2
84. 2
85. 2
86. 2
87. 2
88. 2
89. 3
90. 2
91. 2
92. 3
93. 1
94. 3
95. 1
96. 2
97. 2
98. 1
99. 3
100. 2
101. 2
102. 1
103. 3
104. 2
105. 1
106. 2
107. 2
108. 1
109. 1
110. 2
111. 3
112. 2
113. 2
114. 3
115. 3
116. 3
117. 4
118. 1
119. 2
120. 2
121. 2
122. 2
123. 2
124. 2
125. 3
126. 2
127. 2
128. 2
129. 4
130. 2
131. 2
132. 4
133. 4
134. 2
135. 2
136. 2
137. 4
138. 4
139. 5
140. 2
141. 2
142. 2
143. 2
144. 2
145. 2
146. 2
147. 2
148. 2
149. 3
150. 6
151. 2
152. 2
153. 4
154. 2
155. 4
156. 3
157. 1
158. 2
159. 3
160. 2
161. 2
162. 3
163. 2
164. 2
165. 3
166. 5
167. 4
168. 2
169. 3
170. 2
171. 2
172. 1
173. 2
174. 3
175. 2
176. 5
177. 3
178. 2
179. 2
180. 3
181. 3
182. 1
183. 3
184. 2
185. 2
186. 2
187. 2
188. 2
189. 3
190. 2
191. 3
192. 3
193. 1
194. 2
195. 3
196. 2
197. 1
198. 3
199. 3
200. 2