5013.txt
1. 0
2. 0
3. 3
4. 0
5. 1
6. 4
7. 0
8. 3
9. 0
10. 5
11. 0
12. 2
13. 1
14. 0
15. 0
16. 3
17. 0
18. 3
19. 0
20. 0
21. 1
22. 4
23. 3
24. 4
25. 0
26. 2
27. 0
28. 0
29. 2
30. 2
31. 1
32. 0
33. 2
34. 1
35. 5
36. 1
37. 2
38. 1
39. 2
40. 0
41. 0
42. 3
43. 1
44. 1
45. 2
46. 0
47. 2
48. 1
49. 2
50. 3
51. 1
52. 2
53. 0
54. 6
55. 2
56. 0
57. 3
58. 1
59. 1
60. 1
61. 0
62. 2
63. 0
64. 3
65. 1
66. 0
67. 5
68. 2
69. 5
70. 1
71. 0
72. 2
73. 3
74. 2
75. 1
76. 1
77. 0
78. 3
79. 4
80. 2
81. 0
82. 0
83. 0
84. 0
85. 6
86. 1
87. 0
88. 2
89. 1
90. 4
91. 2
92. 0
93. 0
94. 0
95. 2
96. 0
97. 1
98. 0
99. 3
100. 2
101. 0
102. 1
103. 3
104. 1
105. 3
106. 1
107. 1
108. 2
109. 2
110. 2
111. 3
112. 0
113. 2
114. 4
115. 2
116. 2
117. 2
118. 1
119. 0
120. 2
121. 0
122. 1
123. 1
124. 1
125. 1
126. 2
127. 1
128. 2
129. 2
130. 1
131. 2
132. 0
133. 2
134. 2
135. 2
136. 3
137. 0
138. 1
139. 0
140. 3
141. 4
142. 1
143. 0
144. 3
145. 1
146. 1
147. 0
148. 3
149. 1
150. 3
151. 4
152. 3
153. 4
154. 1
155. 2
156. 2
157. 4
158. 2
159. 3
160. 2
161. 2
162. 1
163. 2
164. 2
165. 2
166. 2
167. 1
168. 2
169. 2
170. 2
171. 1
172. 0
173. 1
174. 2
175. 1
176. 2
177. 1
178. 2
179. 3
180. 4
181. 1
182. 2
183. 2
184. 1
185. 0
186. 2
187. 2
188. 2
189. 0
190. 0
191. 0
192. 3
193. 2
194. 1
195. 3
196. 2
197. 2
198. 1
199. 1
200. 3