5014.txt
1. 2
2. 1
3. 2
4. 4
5. 2
6. 3
7. 1
8. 2
9. 1
10. 3
11. 4
12. 3
13. 3
14. 1
15. 2
16. 1
17. 2
18. 4
19. 3
20. 2
21. 3
22. 3
23. 3
24. 1
25. 4
26. 2
27. 5
28. 1
29. 2
30. 2
31. 1
32. 2
33. 2
34. 4
35. 3
36. 3
37. 4
38. 3
39. 2
40. 2
41. 4
42. 2
43. 4
44. 6
45. 2
46. 2
47. 2
48. 5
49. 1
50. 3
51. 1
52. 2
53. 6
54. 3
55. 1
56. 2
57. 1
58. 3
59. 2
60. 4
61. 6
62. 3
63. 1
64. 2
65. 2
66. 2
67. 2
68. 3
69. 1
70. 2
71. 3
72. 2
73. 1
74. 3
75. 2
76. 2
77. 2
78. 3
79. 1
80. 1
81. 3
82. 4
83. 3
84. 2
85. 2
86. 2
87. 2
88. 3
89. 3
90. 2
91. 2
92. 2
93. 4
94. 1
95. 3
96. 3
97. 2
98. 2
99. 3
100. 3
101. 2
102. 2
103. 1
104. 3
105. 1
106. 2
107. 2
108. 4
109. 2
110. 3
111. 2
112. 4
113. 2
114. 3
115. 2
116. 2
117. 2
118. 4
119. 2
120. 2
121. 3
122. 3
123. 2
124. 1
125. 4
126. 3
127. 3
128. 2
129. 1
130. 3
131. 2
132. 3
133. 1
134. 2
135. 2
136. 3
137. 1
138. 3
139. 2
140. 2
141. 2
142. 2
143. 2
144. 2
145. 4
146. 2
147. 2
148. 5
149. 2
150. 2
151. 2
152. 2
153. 2
154. 2
155. 2
156. 3
157. 4
158. 2
159. 3
160. 2
161. 1
162. 2
163. 3
164. 3
165. 2
166. 3
167. 2
168. 2
169. 4
170. 2
171. 1
172. 2
173. 2
174. 2
175. 2
176. 2
177. 2
178. 2
179. 3
180. 3
181. 2
182. 1
183. 3
184. 3
185. 2
186. 3
187. 4
188. 3
189. 3
190. 2
191. 3
192. 3
193. 2
194. 2
195. 1
196. 3
197. 2
198. 1
199. 1
200. 4