5022.txt
1. 2
2. 3
3. 2
4. 1
5. 3
6. 2
7. 4
8. 1
9. 3
10. 8
11. 2
12. 1
13. 4
14. 1
15. 2
16. 1
17. 2
18. 1
19. 2
20. 4
21. 2
22. 2
23. 4
24. 3
25. 2
26. 1
27. 2
28. 5
29. 4
30. 1
31. 2
32. 2
33. 3
34. 2
35. 3
36. 5
37. 2
38. 3
39. 4
40. 1
41. 4
42. 2
43. 4
44. 2
45. 2
46. 2
47. 1
48. 2
49. 3
50. 2
51. 2
52. 4
53. 3
54. 2
55. 1
56. 3
57. 2
58. 2
59. 2
60. 1
61. 3
62. 2
63. 2
64. 3
65. 3
66. 3
67. 3
68. 2
69. 4
70. 1
71. 3
72. 2
73. 2
74. 3
75. 2
76. 1
77. 1
78. 2
79. 3
80. 3
81. 3
82. 4
83. 2
84. 2
85. 2
86. 3
87. 2
88. 2
89. 3
90. 2
91. 2
92. 2
93. 2
94. 2
95. 2
96. 3
97. 5
98. 2
99. 5
100. 2
101. 3
102. 3
103. 3
104. 5
105. 3
106. 2
107. 3
108. 2
109. 2
110. 1
111. 6
112. 2
113. 1
114. 2
115. 2
116. 2
117. 2
118. 3
119. 3
120. 2
121. 1
122. 3
123. 4
124. 2
125. 2
126. 3
127. 3
128. 2
129. 2
130. 3
131. 2
132. 2
133. 3
134. 3
135. 2
136. 3
137. 1
138. 3
139. 3
140. 3
141. 2
142. 2
143. 2
144. 2
145. 2
146. 2
147. 3
148. 2
149. 4
150. 3
151. 1
152. 2
153. 2
154. 3
155. 2
156. 2
157. 2
158. 4
159. 2
160. 3
161. 3
162. 2
163. 3
164. 2
165. 1
166. 3
167. 3
168. 2
169. 3
170. 2
171. 2
172. 2
173. 2
174. 3
175. 2
176. 3
177. 3
178. 4
179. 4
180. 4
181. 4
182. 2
183. 2
184. 2
185. 2
186. 2
187. 4
188. 2
189. 3
190. 2
191. 4
192. 2
193. 2
194. 3
195. 1
196. 2
197. 4
198. 3
199. 4
200. 3