5026.txt
1. 2
2. 1
3. 4
4. 3
5. 2
6. 2
7. 6
8. 2
9. 2
10. 3
11. 1
12. 4
13. 1
14. 3
15. 2
16. 1
17. 4
18. 4
19. 2
20. 1
21. 3
22. 3
23. 2
24. 1
25. 3
26. 2
27. 3
28. 4
29. 2
30. 3
31. 1
32. 1
33. 2
34. 5
35. 2
36. 3
37. 3
38. 3
39. 6
40. 2
41. 4
42. 4
43. 1
44. 1
45. 3
46. 2
47. 2
48. 2
49. 3
50. 1
51. 2
52. 3
53. 2
54. 5
55. 4
56. 2
57. 2
58. 2
59. 4
60. 1
61. 1
62. 2
63. 3
64. 3
65. 3
66. 2
67. 1
68. 2
69. 3
70. 2
71. 3
72. 2
73. 1
74. 4
75. 1
76. 2
77. 1
78. 3
79. 1
80. 1
81. 2
82. 3
83. 3
84. 2
85. 2
86. 3
87. 1
88. 3
89. 4
90. 5
91. 1
92. 3
93. 1
94. 5
95. 3
96. 2
97. 3
98. 3
99. 2
100. 2
101. 3
102. 2
103. 2
104. 2
105. 3
106. 2
107. 2
108. 1
109. 3
110. 2
111. 1
112. 4
113. 1
114. 2
115. 2
116. 2
117. 2
118. 2
119. 2
120. 4
121. 3
122. 1
123. 1
124. 4
125. 3
126. 1
127. 2
128. 3
129. 2
130. 5
131. 2
132. 1
133. 2
134. 2
135. 2
136. 3
137. 2
138. 2
139. 2
140. 2
141. 3
142. 2
143. 2
144. 3
145. 2
146. 1
147. 4
148. 3
149. 2
150. 1
151. 1
152. 2
153. 2
154. 2
155. 1
156. 2
157. 1
158. 2
159. 2
160. 4
161. 5
162. 2
163. 2
164. 3
165. 2
166. 2
167. 1
168. 4
169. 1
170. 4
171. 1
172. 2
173. 3
174. 1
175. 2
176. 2
177. 3
178. 1
179. 2
180. 3
181. 2
182. 4
183. 2
184. 4
185. 2
186. 1
187. 2
188. 2
189. 2
190. 2
191. 2
192. 1
193. 3
194. 2
195. 1
196. 2
197. 3
198. 1
199. 2
200. 2