5027.txt
1. 3
2. 0
3. 0
4. 2
5. 0
6. 2
7. 1
8. 0
9. 2
10. 0
11. 1
12. 1
13. 3
14. 2
15. 1
16. 3
17. 1
18. 1
19. 1
20. 0
21. 1
22. 1
23. 3
24. 1
25. 1
26. 0
27. 2
28. 2
29. 1
30. 2
31. 1
32. 2
33. 0
34. 1
35. 0
36. 2
37. 0
38. 1
39. 0
40. 1
41. 0
42. 2
43. 2
44. 3
45. 1
46. 3
47. 1
48. 2
49. 1
50. 2
51. 1
52. 1
53. 0
54. 2
55. 2
56. 4
57. 0
58. 2
59. 1
60. 0
61. 1
62. 3
63. 2
64. 3
65. 2
66. 1
67. 1
68. 0
69. 2
70. 2
71. 0
72. 3
73. 0
74. 0
75. 1
76. 0
77. 3
78. 2
79. 1
80. 3
81. 1
82. 0
83. 2
84. 1
85. 3
86. 2
87. 1
88. 3
89. 1
90. 3
91. 1
92. 1
93. 3
94. 0
95. 0
96. 1
97. 1
98. 1
99. 0
100. 7
101. 2
102. 1
103. 0
104. 2
105. 2
106. 1
107. 0
108. 2
109. 0
110. 0
111. 2
112. 1
113. 1
114. 1
115. 0
116. 1
117. 1
118. 8
119. 2
120. 3
121. 0
122. 1
123. 1
124. 1
125. 1
126. 1
127. 2
128. 3
129. 2
130. 0
131. 8
132. 0
133. 3
134. 0
135. 2
136. 0
137. 3
138. 1
139. 2
140. 0
141. 0
142. 0
143. 2
144. 2
145. 1
146. 1
147. 2
148. 1
149. 2
150. 0
151. 2
152. 3
153. 3
154. 1
155. 0
156. 0
157. 1
158. 1
159. 1
160. 3
161. 3
162. 2
163. 1
164. 3
165. 2
166. 2
167. 4
168. 0
169. 3
170. 1
171. 2
172. 1
173. 0
174. 1
175. 3
176. 1
177. 2
178. 1
179. 0
180. 2
181. 3
182. 0
183. 0
184. 0
185. 1
186. 1
187. 2
188. 1
189. 1
190. 2
191. 1
192. 0
193. 2
194. 0
195. 1
196. 1
197. 2
198. 0
199. 1
200. 2