5045.txt
1. 0
2. 1
3. 3
4. 2
5. 3
6. 2
7. 4
8. 1
9. 2
10. 2
11. 2
12. 2
13. 2
14. 3
15. 1
16. 4
17. 2
18. 6
19. 3
20. 4
21. 2
22. 2
23. 1
24. 2
25. 3
26. 1
27. 3
28. 2
29. 1
30. 2
31. 1
32. 2
33. 3
34. 1
35. 2
36. 3
37. 2
38. 3
39. 5
40. 3
41. 2
42. 4
43. 4
44. 2
45. 7
46. 2
47. 2
48. 1
49. 1
50. 3
51. 1
52. 2
53. 2
54. 5
55. 2
56. 3
57. 2
58. 4
59. 5
60. 5
61. 2
62. 1
63. 3
64. 2
65. 6
66. 5
67. 2
68. 2
69. 3
70. 5
71. 3
72. 2
73. 3
74. 4
75. 1
76. 3
77. 1
78. 3
79. 1
80. 2
81. 2
82. 2
83. 7
84. 2
85. 2
86. 2
87. 1
88. 3
89. 2
90. 3
91. 1
92. 1
93. 1
94. 2
95. 3
96. 1
97. 4
98. 2
99. 6
100. 3
101. 2
102. 4
103. 3
104. 1
105. 3
106. 2
107. 3
108. 4
109. 3
110. 1
111. 2
112. 3
113. 1
114. 5
115. 4
116. 2
117. 2
118. 2
119. 1
120. 2
121. 2
122. 3
123. 3
124. 4
125. 2
126. 2
127. 2
128. 1
129. 1
130. 3
131. 2
132. 1
133. 3
134. 1
135. 2
136. 1
137. 2
138. 2
139. 2
140. 4
141. 2
142. 2
143. 2
144. 2
145. 2
146. 2
147. 2
148. 4
149. 1
150. 4
151. 3
152. 2
153. 3
154. 3
155. 2
156. 4
157. 2
158. 2
159. 1
160. 2
161. 2
162. 2
163. 3
164. 3
165. 1
166. 3
167. 2
168. 2
169. 2
170. 2
171. 2
172. 5
173. 2
174. 2
175. 2
176. 1
177. 3
178. 2
179. 4
180. 3
181. 2
182. 2
183. 2
184. 2
185. 3
186. 2
187. 2
188. 3
189. 3
190. 3
191. 2
192. 2
193. 2
194. 2
195. 2
196. 3
197. 2
198. 2
199. 1
200. 3