5052.txt
1. 2
2. 0
3. 3
4. 2
5. 0
6. 1
7. 6
8. 1
9. 0
10. 2
11. 1
12. 1
13. 1
14. 3
15. 0
16. 0
17. 0
18. 1
19. 1
20. 4
21. 2
22. 0
23. 5
24. 6
25. 6
26. 2
27. 2
28. 0
29. 2
30. 1
31. 0
32. 0
33. 3
34. 3
35. 2
36. 1
37. 7
38. 1
39. 2
40. 3
41. 2
42. 3
43. 0
44. 1
45. 3
46. 0
47. 2
48. 3
49. 2
50. 1
51. 1
52. 0
53. 2
54. 1
55. 2
56. 0
57. 3
58. 2
59. 4
60. 3
61. 1
62. 3
63. 3
64. 0
65. 1
66. 3
67. 0
68. 3
69. 4
70. 2
71. 2
72. 1
73. 3
74. 0
75. 3
76. 0
77. 2
78. 3
79. 1
80. 1
81. 0
82. 2
83. 4
84. 1
85. 2
86. 1
87. 1
88. 2
89. 2
90. 2
91. 1
92. 1
93. 2
94. 3
95. 4
96. 0
97. 2
98. 0
99. 1
100. 0
101. 2
102. 2
103. 2
104. 3
105. 1
106. 1
107. 2
108. 2
109. 4
110. 3
111. 2
112. 4
113. 0
114. 4
115. 3
116. 0
117. 1
118. 0
119. 1
120. 1
121. 1
122. 2
123. 1
124. 1
125. 3
126. 1
127. 0
128. 1
129. 2
130. 1
131. 2
132. 3
133. 1
134. 2
135. 2
136. 4
137. 1
138. 1
139. 1
140. 2
141. 1
142. 2
143. 0
144. 2
145. 3
146. 0
147. 2
148. 2
149. 4
150. 2
151. 0
152. 3
153. 0
154. 3
155. 2
156. 2
157. 2
158. 2
159. 2
160. 2
161. 3
162. 0
163. 6
164. 1
165. 2
166. 3
167. 1
168. 2
169. 1
170. 3
171. 1
172. 4
173. 4
174. 1
175. 0
176. 1
177. 0
178. 1
179. 2
180. 3
181. 2
182. 3
183. 1
184. 6
185. 1
186. 1
187. 3
188. 0
189. 2
190. 2
191. 1
192. 0
193. 1
194. 1
195. 2
196. 4
197. 1
198. 2
199. 2
200. 1