5064.txt
1. 6
2. 2
3. 3
4. 5
5. 1
6. 1
7. 4
8. 3
9. 2
10. 1
11. 4
12. 2
13. 4
14. 5
15. 2
16. 2
17. 4
18. 8
19. 5
20. 1
21. 3
22. 2
23. 2
24. 2
25. 2
26. 5
27. 4
28. 3
29. 1
30. 7
31. 2
32. 2
33. 4
34. 3
35. 4
36. 2
37. 3
38. 3
39. 2
40. 5
41. 2
42. 2
43. 4
44. 2
45. 4
46. 4
47. 2
48. 2
49. 5
50. 3
51. 1
52. 7
53. 4
54. 2
55. 4
56. 1
57. 2
58. 3
59. 4
60. 3
61. 3
62. 2
63. 2
64. 4
65. 2
66. 3
67. 3
68. 3
69. 4
70. 4
71. 7
72. 2
73. 2
74. 3
75. 1
76. 2
77. 2
78. 2
79. 5
80. 2
81. 4
82. 2
83. 3
84. 5
85. 2
86. 2
87. 2
88. 3
89. 4
90. 2
91. 3
92. 4
93. 2
94. 2
95. 3
96. 1
97. 4
98. 2
99. 5
100. 3
101. 2
102. 2
103. 1
104. 4
105. 5
106. 2
107. 2
108. 4
109. 1
110. 3
111. 2
112. 2
113. 3
114. 2
115. 4
116. 2
117. 6
118. 3
119. 1
120. 2
121. 5
122. 2
123. 5
124. 2
125. 2
126. 2
127. 2
128. 2
129. 2
130. 1
131. 5
132. 4
133. 7
134. 2
135. 4
136. 3
137. 1
138. 2
139. 3
140. 2
141. 2
142. 2
143. 2
144. 2
145. 5
146. 2
147. 2
148. 3
149. 3
150. 1
151. 1
152. 6
153. 3
154. 4
155. 2
156. 3
157. 2
158. 4
159. 3
160. 2
161. 1
162. 3
163. 2
164. 3
165. 1
166. 1
167. 1
168. 2
169. 2
170. 5
171. 1
172. 3
173. 2
174. 2
175. 4
176. 4
177. 3
178. 2
179. 4
180. 3
181. 1
182. 6
183. 2
184. 2
185. 3
186. 3
187. 1
188. 5
189. 3
190. 6
191. 2
192. 2
193. 4
194. 3
195. 2
196. 4
197. 3
198. 3
199. 2
200. 2