5075.txt
1. 2
2. 5
3. 2
4. 2
5. 3
6. 3
7. 2
8. 2
9. 1
10. 4
11. 2
12. 1
13. 0
14. 3
15. 2
16. 1
17. 2
18. 2
19. 2
20. 2
21. 4
22. 2
23. 4
24. 7
25. 3
26. 6
27. 1
28. 3
29. 2
30. 2
31. 2
32. 1
33. 2
34. 1
35. 3
36. 4
37. 2
38. 1
39. 3
40. 2
41. 6
42. 1
43. 1
44. 1
45. 3
46. 2
47. 2
48. 2
49. 2
50. 5
51. 2
52. 3
53. 3
54. 3
55. 2
56. 3
57. 2
58. 1
59. 4
60. 2
61. 2
62. 3
63. 3
64. 1
65. 2
66. 3
67. 1
68. 2
69. 2
70. 2
71. 1
72. 3
73. 1
74. 3
75. 4
76. 6
77. 1
78. 2
79. 1
80. 2
81. 2
82. 4
83. 2
84. 4
85. 3
86. 4
87. 2
88. 3
89. 2
90. 2
91. 2
92. 2
93. 2
94. 3
95. 3
96. 1
97. 1
98. 4
99. 1
100. 1
101. 1
102. 2
103. 3
104. 3
105. 1
106. 2
107. 1
108. 2
109. 5
110. 1
111. 4
112. 2
113. 1
114. 2
115. 2
116. 1
117. 2
118. 1
119. 1
120. 2
121. 2
122. 3
123. 2
124. 3
125. 2
126. 2
127. 2
128. 3
129. 2
130. 3
131. 2
132. 4
133. 2
134. 2
135. 3
136. 4
137. 1
138. 1
139. 1
140. 3
141. 3
142. 4
143. 2
144. 3
145. 3
146. 1
147. 1
148. 2
149. 2
150. 3
151. 3
152. 3
153. 1
154. 2
155. 2
156. 4
157. 2
158. 2
159. 2
160. 5
161. 2
162. 3
163. 1
164. 2
165. 1
166. 2
167. 2
168. 1
169. 2
170. 3
171. 2
172. 2
173. 2
174. 3
175. 3
176. 3
177. 2
178. 1
179. 1
180. 3
181. 3
182. 4
183. 4
184. 1
185. 4
186. 2
187. 2
188. 2
189. 2
190. 2
191. 3
192. 2
193. 3
194. 2
195. 2
196. 1
197. 3
198. 3
199. 3
200. 1