5076.txt
1. 2
2. 6
3. 0
4. 1
5. 1
6. 0
7. 0
8. 1
9. 2
10. 0
11. 2
12. 0
13. 0
14. 0
15. 3
16. 2
17. 1
18. 0
19. 1
20. 4
21. 1
22. 4
23. 1
24. 3
25. 1
26. 2
27. 0
28. 2
29. 2
30. 2
31. 1
32. 1
33. 1
34. 2
35. 1
36. 0
37. 2
38. 0
39. 1
40. 1
41. 1
42. 1
43. 2
44. 0
45. 2
46. 1
47. 1
48. 1
49. 2
50. 0
51. 1
52. 2
53. 2
54. 1
55. 2
56. 3
57. 0
58. 2
59. 2
60. 2
61. 0
62. 1
63. 1
64. 3
65. 2
66. 1
67. 0
68. 4
69. 1
70. 1
71. 3
72. 3
73. 3
74. 0
75. 1
76. 0
77. 1
78. 1
79. 2
80. 0
81. 0
82. 2
83. 2
84. 0
85. 1
86. 1
87. 2
88. 1
89. 2
90. 3
91. 0
92. 0
93. 1
94. 1
95. 0
96. 1
97. 1
98. 1
99. 1
100. 0
101. 1
102. 0
103. 2
104. 0
105. 1
106. 0
107. 2
108. 1
109. 2
110. 1
111. 0
112. 2
113. 0
114. 3
115. 1
116. 1
117. 2
118. 0
119. 1
120. 1
121. 1
122. 1
123. 1
124. 2
125. 1
126. 2
127. 1
128. 0
129. 1
130. 1
131. 1
132. 2
133. 0
134. 1
135. 1
136. 0
137. 1
138. 1
139. 2
140. 0
141. 1
142. 4
143. 1
144. 2
145. 1
146. 1
147. 1
148. 1
149. 3
150. 0
151. 2
152. 0
153. 4
154. 1
155. 1
156. 0
157. 2
158. 6
159. 1
160. 4
161. 0
162. 2
163. 3
164. 0
165. 1
166. 1
167. 3
168. 0
169. 0
170. 2
171. 1
172. 2
173. 1
174. 2
175. 2
176. 2
177. 2
178. 1
179. 1
180. 2
181. 2
182. 1
183. 3
184. 1
185. 2
186. 2
187. 2
188. 1
189. 3
190. 4
191. 1
192. 1
193. 2
194. 0
195. 0
196. 1
197. 1
198. 1
199. 1
200. 3