508.txt
1. 0
2. 2
3. 1
4. 2
5. 0
6. 2
7. 1
8. 3
9. 1
10. 0
11. 1
12. 2
13. 3
14. 4
15. 0
16. 2
17. 3
18. 2
19. 3
20. 2
21. 3
22. 4
23. 1
24. 1
25. 0
26. 3
27. 3
28. 2
29. 1
30. 2
31. 1
32. 2
33. 3
34. 2
35. 8
36. 2
37. 2
38. 3
39. 3
40. 2
41. 0
42. 1
43. 1
44. 1
45. 2
46. 2
47. 2
48. 3
49. 3
50. 2
51. 0
52. 2
53. 1
54. 2
55. 3
56. 5
57. 3
58. 2
59. 1
60. 3
61. 4
62. 0
63. 3
64. 3
65. 0
66. 6
67. 1
68. 4
69. 1
70. 1
71. 5
72. 5
73. 3
74. 0
75. 0
76. 2
77. 4
78. 5
79. 8
80. 2
81. 0
82. 1
83. 7
84. 1
85. 2
86. 2
87. 5
88. 1
89. 2
90. 1
91. 2
92. 2
93. 3
94. 0
95. 3
96. 2
97. 3
98. 1
99. 0
100. 3
101. 3
102. 2
103. 1
104. 2
105. 1
106. 3
107. 3
108. 3
109. 3
110. 1
111. 4
112. 2
113. 1
114. 2
115. 1
116. 2
117. 0
118. 1
119. 3
120. 2
121. 1
122. 3
123. 2
124. 2
125. 2
126. 2
127. 3
128. 3
129. 1
130. 2
131. 3
132. 1
133. 1
134. 2
135. 1
136. 2
137. 3
138. 2
139. 3
140. 4
141. 2
142. 1
143. 1
144. 4
145. 3
146. 0
147. 2
148. 1
149. 4
150. 1
151. 1
152. 2
153. 3
154. 0
155. 4
156. 0
157. 2
158. 3
159. 4
160. 4
161. 0
162. 2
163. 0
164. 1
165. 2
166. 5
167. 2
168. 2
169. 4
170. 3
171. 6
172. 3
173. 1
174. 1
175. 1
176. 4
177. 3
178. 3
179. 2
180. 2
181. 1
182. 3
183. 1
184. 2
185. 4
186. 1
187. 1
188. 3
189. 3
190. 3
191. 1
192. 2
193. 2
194. 2
195. 2
196. 2
197. 2
198. 2
199. 1
200. 3