5097.txt
1. 0
2. 0
3. 0
4. 4
5. 0
6. 2
7. 5
8. 2
9. 0
10. 0
11. 0
12. 2
13. 1
14. 0
15. 0
16. 0
17. 0
18. 0
19. 3
20. 2
21. 0
22. 7
23. 0
24. 0
25. 2
26. 1
27. 0
28. 1
29. 2
30. 2
31. 1
32. 4
33. 0
34. 1
35. 2
36. 0
37. 2
38. 0
39. 0
40. 2
41. 0
42. 3
43. 0
44. 1
45. 3
46. 0
47. 0
48. 0
49. 0
50. 3
51. 0
52. 2
53. 1
54. 4
55. 2
56. 0
57. 0
58. 3
59. 2
60. 0
61. 0
62. 2
63. 0
64. 0
65. 0
66. 1
67. 0
68. 1
69. 2
70. 0
71. 0
72. 1
73. 0
74. 2
75. 0
76. 1
77. 2
78. 0
79. 0
80. 3
81. 3
82. 0
83. 2
84. 0
85. 1
86. 0
87. 2
88. 0
89. 8
90. 1
91. 0
92. 0
93. 0
94. 8
95. 3
96. 0
97. 0
98. 2
99. 3
100. 2
101. 0
102. 0
103. 2
104. 0
105. 0
106. 0
107. 0
108. 0
109. 0
110. 0
111. 0
112. 0
113. 0
114. 0
115. 0
116. 2
117. 0
118. 0
119. 0
120. 0
121. 2
122. 3
123. 0
124. 2
125. 2
126. 0
127. 3
128. 3
129. 3
130. 0
131. 2
132. 0
133. 1
134. 0
135. 0
136. 0
137. 0
138. 0
139. 0
140. 0
141. 2
142. 2
143. 3
144. 0
145. 3
146. 2
147. 0
148. 0
149. 2
150. 3
151. 0
152. 0
153. 0
154. 3
155. 2
156. 2
157. 1
158. 2
159. 0
160. 2
161. 2
162. 1
163. 0
164. 0
165. 0
166. 2
167. 0
168. 1
169. 0
170. 0
171. 0
172. 2
173. 0
174. 0
175. 2
176. 0
177. 2
178. 0
179. 0
180. 0
181. 2
182. 1
183. 1
184. 2
185. 2
186. 2
187. 0
188. 0
189. 0
190. 0
191. 0
192. 2
193. 0
194. 3
195. 3
196. 0
197. 3
198. 2
199. 0
200. 2