5099.txt
1. 3
2. 1
3. 1
4. 1
5. 1
6. 4
7. 1
8. 1
9. 2
10. 1
11. 1
12. 2
13. 5
14. 3
15. 3
16. 2
17. 4
18. 1
19. 2
20. 2
21. 4
22. 3
23. 3
24. 3
25. 2
26. 3
27. 3
28. 3
29. 1
30. 4
31. 2
32. 4
33. 2
34. 2
35. 3
36. 2
37. 3
38. 2
39. 1
40. 3
41. 4
42. 2
43. 3
44. 3
45. 2
46. 4
47. 2
48. 1
49. 1
50. 3
51. 2
52. 2
53. 2
54. 5
55. 2
56. 1
57. 4
58. 2
59. 1
60. 2
61. 3
62. 2
63. 2
64. 3
65. 3
66. 5
67. 2
68. 1
69. 2
70. 1
71. 3
72. 2
73. 3
74. 4
75. 3
76. 1
77. 2
78. 2
79. 2
80. 3
81. 2
82. 2
83. 2
84. 2
85. 2
86. 3
87. 4
88. 1
89. 3
90. 1
91. 3
92. 2
93. 4
94. 2
95. 2
96. 2
97. 2
98. 2
99. 3
100. 3
101. 3
102. 3
103. 2
104. 3
105. 2
106. 3
107. 2
108. 2
109. 2
110. 3
111. 1
112. 2
113. 2
114. 4
115. 2
116. 3
117. 2
118. 2
119. 2
120. 3
121. 2
122. 2
123. 3
124. 3
125. 1
126. 2
127. 1
128. 4
129. 1
130. 2
131. 3
132. 2
133. 3
134. 2
135. 3
136. 2
137. 2
138. 3
139. 2
140. 2
141. 3
142. 2
143. 3
144. 2
145. 5
146. 1
147. 2
148. 2
149. 3
150. 1
151. 2
152. 2
153. 2
154. 2
155. 2
156. 3
157. 3
158. 3
159. 2
160. 3
161. 4
162. 3
163. 2
164. 3
165. 2
166. 5
167. 2
168. 1
169. 1
170. 6
171. 2
172. 3
173. 2
174. 2
175. 2
176. 3
177. 1
178. 2
179. 4
180. 2
181. 3
182. 2
183. 2
184. 2
185. 2
186. 3
187. 2
188. 3
189. 3
190. 3
191. 3
192. 2
193. 2
194. 3
195. 4
196. 3
197. 2
198. 3
199. 2
200. 2