510.txt
1. 2
2. 1
3. 3
4. 2
5. 1
6. 3
7. 1
8. 4
9. 2
10. 2
11. 3
12. 4
13. 2
14. 4
15. 2
16. 3
17. 3
18. 2
19. 4
20. 7
21. 4
22. 2
23. 5
24. 2
25. 2
26. 3
27. 2
28. 2
29. 10
30. 2
31. 2
32. 2
33. 1
34. 4
35. 3
36. 4
37. 1
38. 2
39. 3
40. 2
41. 6
42. 2
43. 2
44. 3
45. 4
46. 2
47. 1
48. 2
49. 2
50. 2
51. 4
52. 3
53. 2
54. 2
55. 3
56. 5
57. 4
58. 2
59. 3
60. 3
61. 2
62. 3
63. 2
64. 4
65. 3
66. 2
67. 1
68. 3
69. 2
70. 4
71. 2
72. 3
73. 5
74. 3
75. 5
76. 3
77. 3
78. 2
79. 3
80. 2
81. 4
82. 2
83. 4
84. 3
85. 2
86. 3
87. 2
88. 2
89. 2
90. 2
91. 2
92. 1
93. 3
94. 3
95. 2
96. 1
97. 2
98. 2
99. 6
100. 2
101. 3
102. 2
103. 2
104. 3
105. 2
106. 3
107. 2
108. 4
109. 2
110. 1
111. 3
112. 2
113. 2
114. 1
115. 3
116. 4
117. 2
118. 3
119. 2
120. 2
121. 2
122. 4
123. 3
124. 3
125. 3
126. 2
127. 2
128. 2
129. 3
130. 3
131. 2
132. 2
133. 2
134. 1
135. 2
136. 3
137. 3
138. 4
139. 2
140. 2
141. 3
142. 2
143. 3
144. 2
145. 2
146. 2
147. 1
148. 2
149. 3
150. 4
151. 4
152. 4
153. 4
154. 3
155. 2
156. 4
157. 2
158. 1
159. 2
160. 4
161. 2
162. 2
163. 2
164. 2
165. 3
166. 2
167. 3
168. 4
169. 3
170. 2
171. 2
172. 2
173. 2
174. 3
175. 3
176. 2
177. 3
178. 3
179. 3
180. 3
181. 4
182. 3
183. 2
184. 3
185. 4
186. 2
187. 4
188. 2
189. 2
190. 2
191. 4
192. 2
193. 2
194. 3
195. 2
196. 2
197. 3
198. 3
199. 4
200. 6