5105.txt
1. 2
2. 8
3. 5
4. 3
5. 2
6. 3
7. 4
8. 1
9. 4
10. 2
11. 1
12. 3
13. 1
14. 5
15. 1
16. 3
17. 2
18. 1
19. 3
20. 4
21. 2
22. 3
23. 2
24. 4
25. 3
26. 2
27. 2
28. 3
29. 4
30. 2
31. 3
32. 3
33. 4
34. 2
35. 3
36. 2
37. 2
38. 3
39. 2
40. 1
41. 1
42. 2
43. 4
44. 4
45. 1
46. 2
47. 2
48. 1
49. 3
50. 2
51. 2
52. 2
53. 1
54. 3
55. 3
56. 3
57. 2
58. 2
59. 2
60. 3
61. 2
62. 2
63. 1
64. 3
65. 2
66. 2
67. 1
68. 4
69. 2
70. 3
71. 2
72. 1
73. 2
74. 4
75. 4
76. 2
77. 2
78. 2
79. 2
80. 7
81. 2
82. 4
83. 1
84. 3
85. 1
86. 1
87. 3
88. 1
89. 4
90. 2
91. 2
92. 3
93. 3
94. 3
95. 4
96. 3
97. 2
98. 2
99. 2
100. 2
101. 1
102. 2
103. 2
104. 2
105. 4
106. 2
107. 3
108. 2
109. 6
110. 2
111. 2
112. 2
113. 2
114. 1
115. 3
116. 4
117. 1
118. 2
119. 2
120. 7
121. 2
122. 2
123. 2
124. 2
125. 1
126. 3
127. 2
128. 2
129. 1
130. 1
131. 2
132. 2
133. 3
134. 1
135. 2
136. 3
137. 1
138. 1
139. 3
140. 2
141. 2
142. 1
143. 2
144. 2
145. 3
146. 2
147. 4
148. 3
149. 5
150. 2
151. 2
152. 3
153. 3
154. 2
155. 3
156. 2
157. 2
158. 2
159. 3
160. 2
161. 2
162. 6
163. 4
164. 2
165. 3
166. 2
167. 2
168. 2
169. 2
170. 1
171. 2
172. 1
173. 2
174. 2
175. 3
176. 3
177. 2
178. 3
179. 3
180. 2
181. 2
182. 2
183. 2
184. 5
185. 2
186. 1
187. 3
188. 2
189. 2
190. 4
191. 2
192. 3
193. 2
194. 1
195. 1
196. 2
197. 1
198. 2
199. 3
200. 2