5114.txt
1. 2
2. 1
3. 2
4. 3
5. 0
6. 4
7. 2
8. 1
9. 2
10. 2
11. 1
12. 4
13. 2
14. 1
15. 2
16. 1
17. 3
18. 2
19. 1
20. 3
21. 2
22. 1
23. 2
24. 3
25. 1
26. 3
27. 1
28. 2
29. 1
30. 2
31. 3
32. 2
33. 3
34. 1
35. 2
36. 3
37. 3
38. 3
39. 2
40. 2
41. 1
42. 1
43. 2
44. 4
45. 2
46. 3
47. 1
48. 2
49. 2
50. 1
51. 7
52. 3
53. 1
54. 2
55. 4
56. 1
57. 1
58. 3
59. 2
60. 3
61. 2
62. 2
63. 2
64. 4
65. 3
66. 1
67. 1
68. 2
69. 2
70. 2
71. 2
72. 3
73. 2
74. 3
75. 2
76. 3
77. 3
78. 2
79. 3
80. 1
81. 2
82. 1
83. 2
84. 3
85. 3
86. 3
87. 1
88. 3
89. 1
90. 2
91. 4
92. 3
93. 1
94. 5
95. 2
96. 1
97. 1
98. 2
99. 1
100. 2
101. 2
102. 1
103. 2
104. 2
105. 1
106. 2
107. 1
108. 9
109. 5
110. 1
111. 2
112. 4
113. 2
114. 2
115. 1
116. 2
117. 4
118. 3
119. 3
120. 3
121. 1
122. 2
123. 2
124. 1
125. 4
126. 1
127. 3
128. 3
129. 3
130. 2
131. 1
132. 1
133. 2
134. 2
135. 2
136. 3
137. 2
138. 1
139. 2
140. 3
141. 1
142. 1
143. 2
144. 1
145. 2
146. 1
147. 2
148. 2
149. 3
150. 1
151. 1
152. 3
153. 7
154. 2
155. 1
156. 2
157. 2
158. 2
159. 2
160. 2
161. 2
162. 1
163. 1
164. 3
165. 4
166. 1
167. 2
168. 3
169. 2
170. 2
171. 2
172. 1
173. 2
174. 3
175. 2
176. 2
177. 2
178. 2
179. 3
180. 3
181. 2
182. 1
183. 1
184. 3
185. 2
186. 2
187. 1
188. 1
189. 2
190. 1
191. 2
192. 1
193. 2
194. 1
195. 2
196. 2
197. 2
198. 2
199. 2
200. 4