5124.txt
1. 3
2. 2
3. 4
4. 1
5. 2
6. 2
7. 1
8. 2
9. 4
10. 1
11. 4
12. 2
13. 1
14. 1
15. 2
16. 1
17. 3
18. 1
19. 1
20. 2
21. 2
22. 1
23. 2
24. 6
25. 1
26. 2
27. 3
28. 2
29. 2
30. 7
31. 3
32. 4
33. 2
34. 1
35. 2
36. 4
37. 2
38. 1
39. 3
40. 4
41. 2
42. 4
43. 1
44. 3
45. 2
46. 2
47. 1
48. 3
49. 1
50. 2
51. 1
52. 2
53. 2
54. 2
55. 3
56. 2
57. 2
58. 1
59. 1
60. 2
61. 1
62. 2
63. 2
64. 2
65. 1
66. 3
67. 3
68. 2
69. 1
70. 1
71. 1
72. 3
73. 2
74. 2
75. 2
76. 3
77. 1
78. 2
79. 4
80. 4
81. 3
82. 2
83. 1
84. 4
85. 1
86. 2
87. 3
88. 1
89. 2
90. 4
91. 2
92. 2
93. 3
94. 2
95. 2
96. 1
97. 1
98. 2
99. 3
100. 2
101. 2
102. 3
103. 2
104. 2
105. 1
106. 2
107. 3
108. 3
109. 3
110. 2
111. 4
112. 7
113. 2
114. 3
115. 2
116. 3
117. 2
118. 2
119. 2
120. 1
121. 1
122. 2
123. 2
124. 4
125. 2
126. 3
127. 1
128. 2
129. 2
130. 3
131. 3
132. 4
133. 2
134. 2
135. 2
136. 2
137. 2
138. 2
139. 1
140. 3
141. 2
142. 2
143. 1
144. 1
145. 2
146. 3
147. 2
148. 3
149. 2
150. 2
151. 1
152. 2
153. 3
154. 2
155. 1
156. 3
157. 3
158. 4
159. 1
160. 3
161. 2
162. 2
163. 1
164. 3
165. 2
166. 5
167. 2
168. 1
169. 1
170. 2
171. 2
172. 3
173. 2
174. 6
175. 2
176. 2
177. 1
178. 1
179. 2
180. 2
181. 3
182. 2
183. 2
184. 1
185. 3
186. 2
187. 1
188. 2
189. 1
190. 1
191. 2
192. 2
193. 2
194. 3
195. 2
196. 1
197. 2
198. 2
199. 2
200. 2