5138.txt
1. 2
2. 1
3. 1
4. 4
5. 2
6. 1
7. 3
8. 1
9. 2
10. 2
11. 7
12. 2
13. 1
14. 2
15. 3
16. 3
17. 4
18. 2
19. 2
20. 1
21. 1
22. 7
23. 4
24. 3
25. 2
26. 1
27. 2
28. 2
29. 1
30. 2
31. 2
32. 1
33. 1
34. 4
35. 2
36. 1
37. 2
38. 2
39. 3
40. 1
41. 3
42. 4
43. 1
44. 3
45. 1
46. 3
47. 2
48. 3
49. 2
50. 4
51. 1
52. 1
53. 2
54. 3
55. 3
56. 2
57. 4
58. 5
59. 1
60. 3
61. 3
62. 5
63. 3
64. 1
65. 3
66. 3
67. 2
68. 4
69. 1
70. 3
71. 1
72. 1
73. 2
74. 2
75. 2
76. 3
77. 5
78. 2
79. 2
80. 1
81. 1
82. 1
83. 1
84. 7
85. 4
86. 2
87. 2
88. 5
89. 2
90. 2
91. 5
92. 1
93. 1
94. 3
95. 1
96. 3
97. 2
98. 2
99. 3
100. 4
101. 1
102. 1
103. 2
104. 2
105. 2
106. 6
107. 3
108. 3
109. 1
110. 1
111. 2
112. 1
113. 3
114. 5
115. 2
116. 2
117. 2
118. 2
119. 3
120. 2
121. 2
122. 1
123. 2
124. 1
125. 3
126. 2
127. 6
128. 2
129. 3
130. 3
131. 4
132. 3
133. 3
134. 3
135. 3
136. 2
137. 1
138. 4
139. 1
140. 2
141. 2
142. 2
143. 2
144. 2
145. 1
146. 4
147. 3
148. 2
149. 2
150. 3
151. 2
152. 1
153. 1
154. 3
155. 2
156. 2
157. 2
158. 1
159. 1
160. 4
161. 1
162. 2
163. 2
164. 2
165. 4
166. 3
167. 2
168. 1
169. 1
170. 4
171. 1
172. 2
173. 1
174. 1
175. 1
176. 1
177. 2
178. 2
179. 2
180. 3
181. 2
182. 1
183. 1
184. 2
185. 2
186. 2
187. 3
188. 3
189. 2
190. 3
191. 3
192. 3
193. 2
194. 2
195. 4
196. 1
197. 1
198. 3
199. 2
200. 4