5153.txt
1. 2
2. 1
3. 1
4. 2
5. 0
6. 1
7. 6
8. 1
9. 1
10. 4
11. 3
12. 0
13. 1
14. 2
15. 4
16. 5
17. 1
18. 2
19. 1
20. 3
21. 1
22. 1
23. 3
24. 2
25. 1
26. 2
27. 1
28. 2
29. 2
30. 2
31. 2
32. 3
33. 1
34. 4
35. 7
36. 1
37. 1
38. 3
39. 2
40. 0
41. 2
42. 3
43. 2
44. 2
45. 1
46. 2
47. 1
48. 5
49. 2
50. 3
51. 2
52. 2
53. 3
54. 2
55. 2
56. 1
57. 2
58. 1
59. 3
60. 3
61. 2
62. 3
63. 1
64. 4
65. 1
66. 4
67. 2
68. 2
69. 1
70. 2
71. 2
72. 2
73. 2
74. 3
75. 1
76. 4
77. 3
78. 2
79. 1
80. 1
81. 2
82. 1
83. 2
84. 3
85. 2
86. 2
87. 3
88. 1
89. 2
90. 3
91. 2
92. 3
93. 2
94. 2
95. 4
96. 2
97. 2
98. 1
99. 2
100. 2
101. 3
102. 1
103. 2
104. 3
105. 2
106. 2
107. 5
108. 3
109. 1
110. 2
111. 7
112. 1
113. 2
114. 1
115. 1
116. 3
117. 4
118. 1
119. 4
120. 1
121. 1
122. 4
123. 2
124. 1
125. 3
126. 1
127. 2
128. 5
129. 2
130. 2
131. 2
132. 2
133. 2
134. 2
135. 3
136. 1
137. 1
138. 2
139. 1
140. 2
141. 1
142. 3
143. 2
144. 4
145. 1
146. 2
147. 1
148. 1
149. 2
150. 2
151. 3
152. 3
153. 4
154. 1
155. 1
156. 2
157. 2
158. 2
159. 2
160. 1
161. 5
162. 7
163. 2
164. 1
165. 2
166. 3
167. 4
168. 1
169. 2
170. 1
171. 4
172. 2
173. 2
174. 2
175. 3
176. 3
177. 3
178. 1
179. 2
180. 3
181. 1
182. 2
183. 1
184. 3
185. 4
186. 2
187. 2
188. 2
189. 2
190. 1
191. 1
192. 2
193. 3
194. 1
195. 2
196. 1
197. 1
198. 2
199. 2
200. 1