5155.txt
1. 2
2. 4
3. 1
4. 1
5. 2
6. 2
7. 2
8. 3
9. 2
10. 1
11. 3
12. 2
13. 1
14. 4
15. 1
16. 2
17. 1
18. 2
19. 3
20. 4
21. 3
22. 2
23. 3
24. 3
25. 5
26. 2
27. 3
28. 7
29. 1
30. 1
31. 2
32. 3
33. 2
34. 1
35. 5
36. 5
37. 2
38. 3
39. 2
40. 1
41. 3
42. 2
43. 1
44. 3
45. 2
46. 3
47. 2
48. 2
49. 2
50. 4
51. 1
52. 3
53. 3
54. 3
55. 3
56. 2
57. 3
58. 3
59. 2
60. 3
61. 3
62. 2
63. 3
64. 3
65. 2
66. 3
67. 2
68. 3
69. 2
70. 4
71. 4
72. 2
73. 2
74. 2
75. 2
76. 1
77. 3
78. 2
79. 3
80. 4
81. 3
82. 2
83. 1
84. 1
85. 1
86. 4
87. 4
88. 1
89. 2
90. 2
91. 1
92. 2
93. 4
94. 2
95. 3
96. 4
97. 1
98. 3
99. 3
100. 3
101. 4
102. 2
103. 3
104. 1
105. 2
106. 2
107. 3
108. 1
109. 3
110. 4
111. 1
112. 2
113. 1
114. 2
115. 3
116. 3
117. 3
118. 1
119. 2
120. 2
121. 1
122. 3
123. 3
124. 2
125. 2
126. 2
127. 2
128. 1
129. 2
130. 3
131. 2
132. 2
133. 3
134. 5
135. 3
136. 3
137. 2
138. 2
139. 3
140. 1
141. 3
142. 1
143. 3
144. 2
145. 1
146. 3
147. 4
148. 4
149. 5
150. 2
151. 2
152. 2
153. 2
154. 2
155. 3
156. 2
157. 3
158. 2
159. 3
160. 2
161. 2
162. 3
163. 2
164. 2
165. 2
166. 2
167. 3
168. 3
169. 2
170. 2
171. 2
172. 2
173. 2
174. 2
175. 3
176. 3
177. 2
178. 2
179. 2
180. 3
181. 2
182. 3
183. 3
184. 3
185. 6
186. 1
187. 3
188. 3
189. 4
190. 2
191. 3
192. 2
193. 2
194. 2
195. 3
196. 2
197. 3
198. 2
199. 2
200. 3