5159.txt
1. 2
2. 3
3. 2
4. 3
5. 4
6. 2
7. 4
8. 1
9. 3
10. 5
11. 2
12. 4
13. 2
14. 1
15. 2
16. 3
17. 1
18. 0
19. 1
20. 3
21. 2
22. 1
23. 3
24. 5
25. 2
26. 1
27. 8
28. 3
29. 6
30. 1
31. 3
32. 4
33. 1
34. 2
35. 0
36. 5
37. 6
38. 2
39. 3
40. 2
41. 1
42. 1
43. 2
44. 1
45. 1
46. 2
47. 4
48. 2
49. 1
50. 3
51. 2
52. 2
53. 3
54. 2
55. 1
56. 2
57. 3
58. 2
59. 4
60. 1
61. 2
62. 1
63. 3
64. 7
65. 2
66. 3
67. 1
68. 2
69. 1
70. 3
71. 2
72. 2
73. 1
74. 2
75. 4
76. 2
77. 1
78. 4
79. 3
80. 2
81. 1
82. 3
83. 3
84. 3
85. 2
86. 4
87. 5
88. 2
89. 2
90. 3
91. 2
92. 1
93. 2
94. 3
95. 2
96. 3
97. 6
98. 3
99. 1
100. 3
101. 3
102. 4
103. 1
104. 1
105. 3
106. 4
107. 2
108. 2
109. 1
110. 2
111. 2
112. 3
113. 8
114. 2
115. 5
116. 2
117. 1
118. 1
119. 3
120. 2
121. 4
122. 1
123. 5
124. 2
125. 2
126. 1
127. 2
128. 2
129. 2
130. 2
131. 5
132. 1
133. 3
134. 2
135. 2
136. 3
137. 1
138. 3
139. 2
140. 2
141. 4
142. 2
143. 2
144. 2
145. 6
146. 1
147. 1
148. 2
149. 1
150. 2
151. 2
152. 2
153. 4
154. 2
155. 1
156. 2
157. 1
158. 5
159. 2
160. 2
161. 4
162. 3
163. 1
164. 3
165. 2
166. 1
167. 1
168. 3
169. 2
170. 1
171. 1
172. 4
173. 2
174. 2
175. 3
176. 2
177. 2
178. 2
179. 4
180. 5
181. 1
182. 3
183. 4
184. 2
185. 3
186. 2
187. 1
188. 1
189. 2
190. 2
191. 2
192. 2
193. 1
194. 2
195. 3
196. 7
197. 1
198. 6
199. 3
200. 2