5160.txt
1. 0
2. 0
3. 4
4. 3
5. 0
6. 0
7. 0
8. 2
9. 0
10. 0
11. 0
12. 2
13. 0
14. 2
15. 1
16. 2
17. 2
18. 1
19. 0
20. 2
21. 0
22. 0
23. 2
24. 0
25. 3
26. 2
27. 1
28. 0
29. 0
30. 3
31. 2
32. 1
33. 2
34. 4
35. 4
36. 0
37. 2
38. 0
39. 3
40. 0
41. 1
42. 3
43. 2
44. 1
45. 2
46. 0
47. 0
48. 1
49. 0
50. 1
51. 1
52. 0
53. 0
54. 1
55. 0
56. 0
57. 2
58. 4
59. 0
60. 0
61. 0
62. 0
63. 0
64. 0
65. 3
66. 1
67. 1
68. 2
69. 0
70. 0
71. 2
72. 2
73. 2
74. 2
75. 0
76. 0
77. 1
78. 2
79. 1
80. 1
81. 0
82. 2
83. 0
84. 2
85. 1
86. 0
87. 2
88. 0
89. 2
90. 3
91. 2
92. 1
93. 2
94. 2
95. 2
96. 0
97. 0
98. 1
99. 2
100. 3
101. 1
102. 2
103. 3
104. 0
105. 2
106. 2
107. 0
108. 3
109. 0
110. 2
111. 2
112. 0
113. 4
114. 2
115. 3
116. 0
117. 0
118. 2
119. 2
120. 2
121. 2
122. 0
123. 0
124. 2
125. 0
126. 2
127. 0
128. 0
129. 2
130. 0
131. 3
132. 1
133. 1
134. 0
135. 0
136. 0
137. 3
138. 0
139. 2
140. 0
141. 1
142. 2
143. 2
144. 2
145. 0
146. 0
147. 0
148. 0
149. 0
150. 1
151. 2
152. 0
153. 2
154. 2
155. 0
156. 0
157. 2
158. 3
159. 2
160. 0
161. 2
162. 0
163. 1
164. 0
165. 0
166. 2
167. 2
168. 0
169. 2
170. 1
171. 2
172. 0
173. 1
174. 3
175. 2
176. 1
177. 2
178. 0
179. 1
180. 1
181. 1
182. 2
183. 1
184. 1
185. 2
186. 2
187. 2
188. 0
189. 0
190. 0
191. 3
192. 0
193. 1
194. 0
195. 2
196. 2
197. 2
198. 0
199. 0
200. 2