5168.txt
1. 0
2. 3
3. 8
4. 4
5. 1
6. 2
7. 4
8. 2
9. 0
10. 3
11. 1
12. 0
13. 0
14. 3
15. 0
16. 1
17. 2
18. 0
19. 1
20. 0
21. 0
22. 2
23. 1
24. 0
25. 0
26. 1
27. 1
28. 1
29. 2
30. 1
31. 1
32. 0
33. 0
34. 1
35. 2
36. 2
37. 1
38. 2
39. 1
40. 0
41. 0
42. 1
43. 0
44. 1
45. 4
46. 0
47. 0
48. 1
49. 0
50. 0
51. 2
52. 1
53. 0
54. 3
55. 2
56. 3
57. 0
58. 0
59. 0
60. 1
61. 0
62. 0
63. 0
64. 0
65. 1
66. 2
67. 0
68. 2
69. 1
70. 3
71. 0
72. 1
73. 0
74. 2
75. 2
76. 0
77. 1
78. 2
79. 2
80. 0
81. 0
82. 1
83. 2
84. 0
85. 0
86. 2
87. 0
88. 3
89. 3
90. 0
91. 0
92. 0
93. 0
94. 0
95. 0
96. 4
97. 2
98. 2
99. 2
100. 1
101. 2
102. 2
103. 5
104. 3
105. 0
106. 1
107. 0
108. 0
109. 0
110. 1
111. 3
112. 0
113. 2
114. 0
115. 2
116. 0
117. 2
118. 3
119. 4
120. 2
121. 0
122. 1
123. 0
124. 1
125. 0
126. 3
127. 1
128. 5
129. 0
130. 0
131. 3
132. 0
133. 1
134. 0
135. 2
136. 0
137. 1
138. 1
139. 0
140. 1
141. 0
142. 0
143. 1
144. 0
145. 0
146. 1
147. 0
148. 3
149. 1
150. 1
151. 2
152. 1
153. 1
154. 0
155. 1
156. 0
157. 1
158. 0
159. 1
160. 0
161. 0
162. 2
163. 0
164. 7
165. 0
166. 0
167. 1
168. 0
169. 0
170. 2
171. 1
172. 3
173. 1
174. 0
175. 1
176. 2
177. 0
178. 0
179. 0
180. 6
181. 2
182. 2
183. 4
184. 0
185. 0
186. 0
187. 0
188. 0
189. 2
190. 0
191. 0
192. 1
193. 3
194. 1
195. 0
196. 0
197. 1
198. 1
199. 2
200. 1