517.txt
1. 0
2. 1
3. 2
4. 3
5. 3
6. 1
7. 2
8. 2
9. 1
10. 1
11. 7
12. 1
13. 0
14. 1
15. 1
16. 1
17. 0
18. 2
19. 1
20. 0
21. 1
22. 4
23. 1
24. 2
25. 3
26. 2
27. 1
28. 2
29. 1
30. 3
31. 1
32. 1
33. 0
34. 2
35. 1
36. 2
37. 1
38. 3
39. 1
40. 2
41. 2
42. 2
43. 2
44. 2
45. 2
46. 1
47. 0
48. 2
49. 2
50. 1
51. 2
52. 2
53. 1
54. 2
55. 2
56. 4
57. 2
58. 4
59. 2
60. 2
61. 1
62. 1
63. 1
64. 2
65. 3
66. 2
67. 1
68. 3
69. 2
70. 2
71. 2
72. 1
73. 1
74. 2
75. 2
76. 3
77. 4
78. 7
79. 2
80. 0
81. 1
82. 1
83. 4
84. 1
85. 1
86. 2
87. 5
88. 1
89. 6
90. 2
91. 1
92. 2
93. 0
94. 1
95. 2
96. 1
97. 4
98. 3
99. 2
100. 4
101. 1
102. 2
103. 1
104. 2
105. 1
106. 2
107. 2
108. 1
109. 1
110. 2
111. 3
112. 2
113. 1
114. 2
115. 1
116. 0
117. 0
118. 2
119. 4
120. 2
121. 1
122. 1
123. 2
124. 4
125. 2
126. 1
127. 1
128. 2
129. 1
130. 1
131. 1
132. 3
133. 1
134. 1
135. 2
136. 4
137. 1
138. 2
139. 1
140. 1
141. 2
142. 2
143. 0
144. 2
145. 1
146. 0
147. 1
148. 1
149. 3
150. 2
151. 1
152. 2
153. 1
154. 1
155. 2
156. 1
157. 2
158. 2
159. 2
160. 1
161. 1
162. 3
163. 1
164. 2
165. 2
166. 3
167. 1
168. 1
169. 4
170. 2
171. 2
172. 2
173. 4
174. 1
175. 2
176. 2
177. 3
178. 2
179. 2
180. 2
181. 1
182. 1
183. 2
184. 7
185. 1
186. 1
187. 2
188. 1
189. 2
190. 1
191. 1
192. 1
193. 2
194. 2
195. 3
196. 2
197. 2
198. 2
199. 3
200. 3