5186.txt
1. 0
2. 1
3. 0
4. 7
5. 0
6. 1
7. 0
8. 0
9. 4
10. 2
11. 3
12. 0
13. 5
14. 2
15. 0
16. 1
17. 0
18. 2
19. 4
20. 6
21. 3
22. 2
23. 3
24. 1
25. 2
26. 1
27. 0
28. 1
29. 2
30. 0
31. 0
32. 0
33. 1
34. 0
35. 3
36. 1
37. 0
38. 0
39. 2
40. 3
41. 0
42. 1
43. 0
44. 0
45. 3
46. 1
47. 2
48. 3
49. 5
50. 4
51. 0
52. 1
53. 3
54. 2
55. 4
56. 5
57. 2
58. 2
59. 3
60. 0
61. 2
62. 2
63. 1
64. 0
65. 0
66. 1
67. 1
68. 9
69. 0
70. 1
71. 1
72. 0
73. 2
74. 1
75. 0
76. 1
77. 2
78. 3
79. 0
80. 1
81. 2
82. 0
83. 0
84. 0
85. 3
86. 0
87. 1
88. 0
89. 0
90. 1
91. 3
92. 0
93. 2
94. 4
95. 2
96. 2
97. 2
98. 2
99. 1
100. 2
101. 0
102. 0
103. 1
104. 2
105. 0
106. 0
107. 4
108. 0
109. 3
110. 0
111. 1
112. 3
113. 0
114. 0
115. 1
116. 2
117. 3
118. 1
119. 1
120. 2
121. 0
122. 0
123. 0
124. 1
125. 0
126. 0
127. 3
128. 0
129. 2
130. 0
131. 2
132. 1
133. 0
134. 2
135. 2
136. 3
137. 2
138. 0
139. 0
140. 2
141. 0
142. 2
143. 0
144. 2
145. 3
146. 4
147. 1
148. 0
149. 1
150. 2
151. 2
152. 0
153. 1
154. 2
155. 3
156. 2
157. 0
158. 2
159. 0
160. 1
161. 0
162. 0
163. 0
164. 2
165. 2
166. 4
167. 2
168. 1
169. 0
170. 0
171. 1
172. 0
173. 2
174. 1
175. 2
176. 1
177. 2
178. 0
179. 1
180. 1
181. 3
182. 1
183. 2
184. 1
185. 1
186. 2
187. 0
188. 0
189. 6
190. 1
191. 1
192. 6
193. 0
194. 1
195. 1
196. 4
197. 2
198. 3
199. 2
200. 0