5197.txt
1. 2
2. 4
3. 1
4. 1
5. 2
6. 2
7. 2
8. 3
9. 1
10. 3
11. 5
12. 2
13. 3
14. 2
15. 0
16. 4
17. 2
18. 1
19. 1
20. 3
21. 2
22. 1
23. 2
24. 2
25. 2
26. 1
27. 2
28. 3
29. 2
30. 2
31. 3
32. 5
33. 1
34. 1
35. 4
36. 2
37. 3
38. 3
39. 2
40. 3
41. 3
42. 3
43. 1
44. 3
45. 2
46. 2
47. 2
48. 2
49. 3
50. 3
51. 2
52. 4
53. 3
54. 4
55. 1
56. 1
57. 2
58. 1
59. 1
60. 2
61. 1
62. 4
63. 1
64. 3
65. 4
66. 2
67. 4
68. 3
69. 1
70. 3
71. 2
72. 1
73. 2
74. 2
75. 2
76. 3
77. 2
78. 4
79. 2
80. 6
81. 3
82. 3
83. 3
84. 1
85. 1
86. 3
87. 2
88. 2
89. 3
90. 2
91. 3
92. 1
93. 1
94. 2
95. 4
96. 5
97. 2
98. 2
99. 3
100. 3
101. 2
102. 6
103. 5
104. 4
105. 3
106. 2
107. 1
108. 5
109. 2
110. 2
111. 4
112. 3
113. 1
114. 2
115. 1
116. 2
117. 3
118. 3
119. 5
120. 3
121. 1
122. 2
123. 1
124. 2
125. 2
126. 2
127. 1
128. 2
129. 2
130. 3
131. 2
132. 2
133. 1
134. 2
135. 4
136. 2
137. 2
138. 1
139. 1
140. 2
141. 3
142. 5
143. 2
144. 2
145. 2
146. 2
147. 3
148. 3
149. 1
150. 2
151. 4
152. 1
153. 3
154. 3
155. 2
156. 2
157. 3
158. 2
159. 1
160. 2
161. 3
162. 3
163. 2
164. 2
165. 2
166. 2
167. 3
168. 2
169. 4
170. 2
171. 2
172. 2
173. 2
174. 1
175. 2
176. 2
177. 2
178. 5
179. 3
180. 2
181. 2
182. 4
183. 2
184. 2
185. 2
186. 2
187. 1
188. 2
189. 2
190. 1
191. 2
192. 2
193. 1
194. 3
195. 2
196. 4
197. 3
198. 2
199. 4
200. 2