520.txt
1. 2
2. 3
3. 4
4. 1
5. 2
6. 3
7. 3
8. 1
9. 1
10. 3
11. 4
12. 3
13. 1
14. 2
15. 4
16. 2
17. 1
18. 2
19. 2
20. 1
21. 2
22. 3
23. 2
24. 2
25. 3
26. 3
27. 3
28. 1
29. 5
30. 2
31. 2
32. 3
33. 2
34. 2
35. 2
36. 2
37. 2
38. 3
39. 2
40. 2
41. 2
42. 1
43. 4
44. 1
45. 2
46. 3
47. 2
48. 3
49. 3
50. 2
51. 1
52. 3
53. 1
54. 2
55. 1
56. 1
57. 2
58. 3
59. 2
60. 1
61. 4
62. 1
63. 6
64. 3
65. 1
66. 2
67. 3
68. 3
69. 2
70. 4
71. 2
72. 1
73. 2
74. 1
75. 3
76. 2
77. 3
78. 1
79. 1
80. 4
81. 2
82. 1
83. 3
84. 3
85. 4
86. 8
87. 2
88. 2
89. 1
90. 2
91. 3
92. 2
93. 2
94. 3
95. 1
96. 3
97. 1
98. 2
99. 1
100. 2
101. 3
102. 2
103. 3
104. 2
105. 2
106. 2
107. 1
108. 1
109. 3
110. 3
111. 2
112. 2
113. 1
114. 1
115. 2
116. 2
117. 3
118. 5
119. 2
120. 3
121. 3
122. 2
123. 7
124. 2
125. 2
126. 2
127. 2
128. 3
129. 2
130. 3
131. 2
132. 2
133. 3
134. 5
135. 1
136. 2
137. 2
138. 2
139. 1
140. 3
141. 1
142. 4
143. 4
144. 2
145. 2
146. 2
147. 1
148. 2
149. 1
150. 1
151. 1
152. 2
153. 1
154. 5
155. 2
156. 2
157. 4
158. 2
159. 2
160. 5
161. 2
162. 1
163. 2
164. 4
165. 2
166. 2
167. 7
168. 2
169. 2
170. 2
171. 2
172. 1
173. 1
174. 2
175. 2
176. 3
177. 4
178. 3
179. 1
180. 3
181. 2
182. 1
183. 2
184. 1
185. 3
186. 2
187. 1
188. 3
189. 4
190. 2
191. 2
192. 2
193. 3
194. 2
195. 3
196. 2
197. 2
198. 2
199. 3
200. 3