5206.txt
1. 2
2. 1
3. 4
4. 1
5. 2
6. 2
7. 4
8. 3
9. 1
10. 1
11. 2
12. 0
13. 2
14. 2
15. 1
16. 7
17. 3
18. 1
19. 2
20. 1
21. 1
22. 1
23. 1
24. 1
25. 4
26. 2
27. 2
28. 2
29. 2
30. 3
31. 2
32. 2
33. 1
34. 2
35. 1
36. 2
37. 1
38. 3
39. 2
40. 3
41. 2
42. 2
43. 2
44. 2
45. 3
46. 2
47. 2
48. 3
49. 2
50. 2
51. 4
52. 3
53. 1
54. 2
55. 2
56. 1
57. 1
58. 4
59. 3
60. 1
61. 1
62. 3
63. 1
64. 3
65. 2
66. 2
67. 2
68. 1
69. 2
70. 1
71. 2
72. 3
73. 2
74. 2
75. 3
76. 2
77. 1
78. 2
79. 1
80. 2
81. 1
82. 3
83. 2
84. 5
85. 2
86. 1
87. 2
88. 2
89. 2
90. 3
91. 2
92. 1
93. 2
94. 4
95. 3
96. 2
97. 1
98. 2
99. 1
100. 1
101. 4
102. 2
103. 2
104. 2
105. 2
106. 1
107. 2
108. 2
109. 4
110. 2
111. 3
112. 1
113. 2
114. 3
115. 3
116. 1
117. 2
118. 2
119. 3
120. 1
121. 1
122. 3
123. 2
124. 2
125. 2
126. 2
127. 1
128. 2
129. 3
130. 2
131. 1
132. 2
133. 4
134. 1
135. 2
136. 3
137. 2
138. 1
139. 2
140. 3
141. 2
142. 1
143. 3
144. 1
145. 3
146. 1
147. 2
148. 2
149. 2
150. 1
151. 1
152. 1
153. 1
154. 1
155. 3
156. 2
157. 5
158. 2
159. 3
160. 1
161. 1
162. 1
163. 2
164. 2
165. 2
166. 4
167. 1
168. 1
169. 2
170. 2
171. 1
172. 3
173. 2
174. 2
175. 2
176. 2
177. 2
178. 2
179. 2
180. 3
181. 1
182. 3
183. 2
184. 2
185. 3
186. 2
187. 1
188. 2
189. 3
190. 2
191. 2
192. 1
193. 3
194. 2
195. 4
196. 2
197. 3
198. 1
199. 2
200. 2