5210.txt
1. 2
2. 4
3. 1
4. 0
5. 0
6. 1
7. 1
8. 2
9. 2
10. 2
11. 3
12. 1
13. 2
14. 0
15. 7
16. 0
17. 2
18. 1
19. 1
20. 2
21. 4
22. 3
23. 0
24. 4
25. 5
26. 0
27. 5
28. 8
29. 3
30. 2
31. 2
32. 0
33. 4
34. 0
35. 2
36. 2
37. 2
38. 2
39. 5
40. 3
41. 1
42. 1
43. 1
44. 2
45. 1
46. 4
47. 7
48. 2
49. 0
50. 3
51. 6
52. 1
53. 0
54. 4
55. 1
56. 2
57. 7
58. 3
59. 1
60. 2
61. 1
62. 2
63. 0
64. 3
65. 5
66. 1
67. 3
68. 1
69. 1
70. 3
71. 1
72. 1
73. 4
74. 2
75. 1
76. 1
77. 2
78. 3
79. 2
80. 2
81. 1
82. 3
83. 4
84. 1
85. 4
86. 2
87. 2
88. 6
89. 2
90. 2
91. 1
92. 1
93. 2
94. 1
95. 3
96. 2
97. 2
98. 2
99. 5
100. 2
101. 2
102. 1
103. 5
104. 3
105. 2
106. 2
107. 4
108. 1
109. 2
110. 3
111. 2
112. 1
113. 1
114. 4
115. 3
116. 4
117. 3
118. 2
119. 4
120. 2
121. 2
122. 2
123. 3
124. 0
125. 4
126. 3
127. 2
128. 2
129. 2
130. 3
131. 3
132. 6
133. 2
134. 4
135. 1
136. 1
137. 2
138. 3
139. 3
140. 3
141. 4
142. 2
143. 1
144. 1
145. 2
146. 3
147. 0
148. 2
149. 3
150. 3
151. 1
152. 1
153. 2
154. 3
155. 4
156. 2
157. 2
158. 1
159. 4
160. 1
161. 1
162. 3
163. 3
164. 2
165. 1
166. 2
167. 2
168. 2
169. 4
170. 4
171. 2
172. 2
173. 4
174. 2
175. 5
176. 2
177. 4
178. 3
179. 6
180. 2
181. 3
182. 2
183. 2
184. 1
185. 1
186. 3
187. 2
188. 2
189. 2
190. 2
191. 2
192. 3
193. 2
194. 3
195. 5
196. 6
197. 1
198. 4
199. 3
200. 4