5213.txt
1. 2
2. 6
3. 2
4. 3
5. 2
6. 2
7. 2
8. 1
9. 5
10. 3
11. 4
12. 4
13. 1
14. 4
15. 1
16. 2
17. 2
18. 2
19. 3
20. 5
21. 1
22. 2
23. 1
24. 4
25. 2
26. 2
27. 2
28. 3
29. 3
30. 1
31. 3
32. 2
33. 2
34. 2
35. 1
36. 2
37. 3
38. 2
39. 1
40. 3
41. 2
42. 2
43. 3
44. 2
45. 3
46. 3
47. 5
48. 3
49. 2
50. 1
51. 1
52. 3
53. 2
54. 2
55. 3
56. 4
57. 3
58. 2
59. 2
60. 2
61. 1
62. 3
63. 1
64. 1
65. 3
66. 4
67. 1
68. 5
69. 2
70. 4
71. 2
72. 6
73. 3
74. 1
75. 2
76. 1
77. 2
78. 3
79. 2
80. 2
81. 3
82. 1
83. 2
84. 4
85. 2
86. 4
87. 1
88. 2
89. 2
90. 2
91. 3
92. 3
93. 5
94. 2
95. 1
96. 2
97. 1
98. 3
99. 2
100. 4
101. 1
102. 1
103. 2
104. 1
105. 1
106. 3
107. 2
108. 1
109. 2
110. 2
111. 3
112. 2
113. 1
114. 3
115. 1
116. 1
117. 3
118. 4
119. 3
120. 1
121. 2
122. 1
123. 3
124. 4
125. 3
126. 1
127. 2
128. 2
129. 2
130. 2
131. 2
132. 1
133. 2
134. 1
135. 1
136. 2
137. 1
138. 3
139. 3
140. 3
141. 1
142. 2
143. 2
144. 2
145. 6
146. 1
147. 2
148. 2
149. 2
150. 1
151. 1
152. 1
153. 7
154. 3
155. 4
156. 3
157. 4
158. 3
159. 2
160. 2
161. 2
162. 2
163. 2
164. 2
165. 1
166. 3
167. 1
168. 1
169. 1
170. 6
171. 1
172. 1
173. 2
174. 3
175. 2
176. 2
177. 1
178. 2
179. 1
180. 1
181. 2
182. 2
183. 2
184. 2
185. 3
186. 2
187. 2
188. 1
189. 2
190. 2
191. 3
192. 4
193. 2
194. 3
195. 1
196. 1
197. 2
198. 5
199. 3
200. 2