5218.txt
1. 2
2. 4
3. 3
4. 2
5. 3
6. 4
7. 1
8. 4
9. 4
10. 3
11. 3
12. 2
13. 2
14. 2
15. 2
16. 3
17. 2
18. 2
19. 3
20. 2
21. 1
22. 3
23. 7
24. 2
25. 4
26. 2
27. 4
28. 1
29. 4
30. 2
31. 2
32. 3
33. 1
34. 2
35. 2
36. 1
37. 2
38. 3
39. 3
40. 4
41. 2
42. 2
43. 3
44. 2
45. 1
46. 3
47. 1
48. 3
49. 3
50. 5
51. 2
52. 2
53. 2
54. 3
55. 2
56. 6
57. 2
58. 2
59. 3
60. 3
61. 4
62. 3
63. 4
64. 3
65. 4
66. 2
67. 2
68. 3
69. 4
70. 3
71. 2
72. 2
73. 3
74. 2
75. 5
76. 3
77. 2
78. 4
79. 2
80. 4
81. 1
82. 3
83. 2
84. 2
85. 1
86. 3
87. 3
88. 3
89. 2
90. 4
91. 3
92. 2
93. 2
94. 2
95. 3
96. 2
97. 3
98. 1
99. 4
100. 3
101. 4
102. 3
103. 3
104. 2
105. 1
106. 4
107. 3
108. 2
109. 2
110. 3
111. 3
112. 5
113. 2
114. 3
115. 2
116. 2
117. 3
118. 5
119. 4
120. 7
121. 3
122. 3
123. 2
124. 2
125. 4
126. 2
127. 2
128. 2
129. 1
130. 2
131. 2
132. 5
133. 3
134. 1
135. 2
136. 2
137. 2
138. 3
139. 2
140. 4
141. 2
142. 3
143. 3
144. 3
145. 2
146. 2
147. 2
148. 2
149. 3
150. 4
151. 3
152. 3
153. 2
154. 2
155. 4
156. 1
157. 3
158. 3
159. 3
160. 6
161. 3
162. 4
163. 4
164. 2
165. 3
166. 2
167. 3
168. 2
169. 3
170. 3
171. 2
172. 2
173. 3
174. 2
175. 3
176. 4
177. 2
178. 2
179. 1
180. 4
181. 2
182. 3
183. 2
184. 2
185. 3
186. 3
187. 2
188. 2
189. 3
190. 2
191. 3
192. 2
193. 2
194. 3
195. 4
196. 3
197. 2
198. 1
199. 4
200. 4