5238.txt
1. 3
2. 1
3. 2
4. 1
5. 2
6. 1
7. 5
8. 4
9. 4
10. 3
11. 2
12. 2
13. 3
14. 2
15. 1
16. 2
17. 4
18. 7
19. 4
20. 4
21. 1
22. 2
23. 1
24. 6
25. 1
26. 2
27. 2
28. 2
29. 3
30. 2
31. 1
32. 2
33. 4
34. 2
35. 1
36. 5
37. 1
38. 1
39. 2
40. 1
41. 3
42. 2
43. 2
44. 3
45. 1
46. 3
47. 5
48. 3
49. 1
50. 2
51. 4
52. 1
53. 3
54. 1
55. 2
56. 2
57. 1
58. 3
59. 2
60. 2
61. 3
62. 1
63. 4
64. 3
65. 1
66. 2
67. 1
68. 2
69. 1
70. 2
71. 2
72. 1
73. 2
74. 2
75. 2
76. 2
77. 3
78. 1
79. 2
80. 2
81. 1
82. 1
83. 2
84. 2
85. 2
86. 3
87. 2
88. 2
89. 4
90. 1
91. 2
92. 2
93. 3
94. 3
95. 1
96. 2
97. 4
98. 2
99. 2
100. 2
101. 1
102. 2
103. 6
104. 5
105. 3
106. 2
107. 2
108. 2
109. 1
110. 1
111. 2
112. 1
113. 3
114. 1
115. 2
116. 2
117. 1
118. 1
119. 2
120. 2
121. 1
122. 3
123. 3
124. 4
125. 2
126. 2
127. 1
128. 1
129. 1
130. 3
131. 1
132. 1
133. 2
134. 3
135. 2
136. 2
137. 1
138. 2
139. 3
140. 2
141. 2
142. 3
143. 1
144. 2
145. 2
146. 1
147. 3
148. 2
149. 3
150. 1
151. 2
152. 1
153. 2
154. 2
155. 3
156. 1
157. 2
158. 3
159. 2
160. 2
161. 2
162. 1
163. 1
164. 1
165. 5
166. 3
167. 1
168. 1
169. 2
170. 2
171. 1
172. 1
173. 1
174. 2
175. 3
176. 1
177. 1
178. 4
179. 1
180. 2
181. 1
182. 3
183. 5
184. 2
185. 2
186. 2
187. 3
188. 2
189. 2
190. 2
191. 2
192. 2
193. 2
194. 4
195. 1
196. 2
197. 1
198. 1
199. 1
200. 4