5239.txt
1. 3
2. 2
3. 2
4. 1
5. 0
6. 1
7. 2
8. 1
9. 1
10. 8
11. 3
12. 2
13. 7
14. 1
15. 4
16. 1
17. 2
18. 1
19. 2
20. 2
21. 3
22. 1
23. 3
24. 2
25. 4
26. 2
27. 3
28. 1
29. 2
30. 1
31. 2
32. 4
33. 2
34. 1
35. 2
36. 2
37. 2
38. 2
39. 2
40. 3
41. 1
42. 3
43. 1
44. 2
45. 1
46. 2
47. 2
48. 2
49. 2
50. 1
51. 1
52. 1
53. 1
54. 2
55. 2
56. 1
57. 3
58. 1
59. 3
60. 3
61. 2
62. 1
63. 2
64. 3
65. 1
66. 2
67. 3
68. 1
69. 2
70. 5
71. 4
72. 2
73. 1
74. 5
75. 2
76. 5
77. 2
78. 2
79. 2
80. 2
81. 3
82. 2
83. 2
84. 1
85. 3
86. 2
87. 4
88. 3
89. 2
90. 1
91. 2
92. 2
93. 2
94. 3
95. 3
96. 2
97. 1
98. 3
99. 1
100. 2
101. 2
102. 3
103. 2
104. 2
105. 2
106. 3
107. 1
108. 2
109. 1
110. 3
111. 2
112. 2
113. 4
114. 1
115. 2
116. 2
117. 3
118. 2
119. 2
120. 3
121. 3
122. 2
123. 2
124. 4
125. 4
126. 2
127. 2
128. 1
129. 3
130. 4
131. 2
132. 2
133. 3
134. 1
135. 2
136. 3
137. 1
138. 3
139. 2
140. 2
141. 2
142. 2
143. 3
144. 3
145. 1
146. 2
147. 4
148. 2
149. 3
150. 2
151. 2
152. 1
153. 2
154. 2
155. 1
156. 5
157. 1
158. 2
159. 2
160. 2
161. 2
162. 2
163. 2
164. 3
165. 1
166. 1
167. 3
168. 3
169. 2
170. 3
171. 3
172. 1
173. 2
174. 1
175. 5
176. 2
177. 2
178. 2
179. 2
180. 3
181. 1
182. 3
183. 3
184. 1
185. 1
186. 3
187. 2
188. 2
189. 4
190. 3
191. 5
192. 3
193. 2
194. 3
195. 3
196. 2
197. 2
198. 1
199. 4
200. 3