5255.txt
1. 0
2. 0
3. 0
4. 2
5. 0
6. 0
7. 1
8. 2
9. 3
10. 1
11. 1
12. 2
13. 0
14. 3
15. 1
16. 4
17. 1
18. 0
19. 3
20. 0
21. 3
22. 0
23. 5
24. 0
25. 3
26. 0
27. 0
28. 1
29. 1
30. 2
31. 3
32. 3
33. 0
34. 2
35. 3
36. 1
37. 4
38. 2
39. 4
40. 1
41. 1
42. 0
43. 0
44. 2
45. 3
46. 3
47. 2
48. 1
49. 1
50. 2
51. 1
52. 1
53. 2
54. 3
55. 3
56. 2
57. 3
58. 1
59. 0
60. 1
61. 0
62. 0
63. 2
64. 0
65. 2
66. 1
67. 1
68. 1
69. 1
70. 1
71. 1
72. 1
73. 3
74. 1
75. 1
76. 0
77. 5
78. 4
79. 0
80. 2
81. 1
82. 0
83. 0
84. 2
85. 0
86. 0
87. 3
88. 1
89. 1
90. 1
91. 2
92. 3
93. 0
94. 3
95. 2
96. 1
97. 0
98. 2
99. 1
100. 2
101. 1
102. 0
103. 3
104. 2
105. 4
106. 4
107. 1
108. 0
109. 2
110. 1
111. 2
112. 2
113. 5
114. 1
115. 0
116. 1
117. 6
118. 1
119. 1
120. 2
121. 3
122. 1
123. 2
124. 1
125. 2
126. 2
127. 0
128. 2
129. 2
130. 0
131. 4
132. 1
133. 0
134. 0
135. 0
136. 2
137. 0
138. 2
139. 0
140. 0
141. 1
142. 0
143. 1
144. 0
145. 1
146. 2
147. 1
148. 1
149. 1
150. 2
151. 2
152. 1
153. 1
154. 1
155. 2
156. 2
157. 1
158. 1
159. 3
160. 1
161. 2
162. 2
163. 1
164. 1
165. 3
166. 1
167. 2
168. 2
169. 2
170. 3
171. 2
172. 1
173. 0
174. 1
175. 7
176. 2
177. 1
178. 4
179. 1
180. 3
181. 1
182. 2
183. 2
184. 1
185. 1
186. 2
187. 1
188. 1
189. 1
190. 1
191. 0
192. 0
193. 1
194. 2
195. 3
196. 1
197. 1
198. 1
199. 2
200. 2