5257.txt
1. 3
2. 4
3. 4
4. 2
5. 3
6. 1
7. 1
8. 3
9. 1
10. 1
11. 4
12. 2
13. 3
14. 2
15. 1
16. 1
17. 1
18. 1
19. 3
20. 2
21. 6
22. 1
23. 3
24. 3
25. 2
26. 2
27. 1
28. 2
29. 1
30. 2
31. 1
32. 3
33. 1
34. 2
35. 4
36. 4
37. 2
38. 2
39. 3
40. 1
41. 2
42. 3
43. 4
44. 1
45. 3
46. 3
47. 3
48. 3
49. 2
50. 3
51. 2
52. 3
53. 2
54. 2
55. 2
56. 1
57. 1
58. 2
59. 2
60. 3
61. 7
62. 2
63. 2
64. 2
65. 3
66. 1
67. 1
68. 1
69. 3
70. 1
71. 2
72. 2
73. 3
74. 2
75. 2
76. 1
77. 2
78. 2
79. 2
80. 2
81. 1
82. 2
83. 3
84. 2
85. 3
86. 1
87. 3
88. 2
89. 3
90. 3
91. 2
92. 2
93. 2
94. 2
95. 2
96. 2
97. 1
98. 2
99. 2
100. 2
101. 4
102. 2
103. 2
104. 2
105. 2
106. 3
107. 3
108. 1
109. 2
110. 2
111. 1
112. 2
113. 2
114. 2
115. 2
116. 2
117. 2
118. 4
119. 3
120. 7
121. 2
122. 2
123. 2
124. 3
125. 3
126. 1
127. 4
128. 2
129. 3
130. 2
131. 2
132. 4
133. 2
134. 1
135. 3
136. 2
137. 1
138. 4
139. 2
140. 2
141. 3
142. 3
143. 2
144. 1
145. 3
146. 2
147. 1
148. 2
149. 2
150. 2
151. 3
152. 2
153. 1
154. 2
155. 2
156. 1
157. 2
158. 1
159. 2
160. 1
161. 2
162. 2
163. 3
164. 4
165. 2
166. 2
167. 1
168. 2
169. 2
170. 2
171. 2
172. 1
173. 3
174. 1
175. 2
176. 2
177. 2
178. 3
179. 4
180. 2
181. 2
182. 4
183. 3
184. 2
185. 2
186. 3
187. 3
188. 1
189. 2
190. 3
191. 3
192. 2
193. 2
194. 2
195. 2
196. 2
197. 2
198. 1
199. 3
200. 3