5260.txt
1. 2
2. 1
3. 2
4. 1
5. 6
6. 2
7. 0
8. 3
9. 1
10. 2
11. 2
12. 3
13. 1
14. 3
15. 4
16. 2
17. 0
18. 3
19. 2
20. 2
21. 1
22. 2
23. 4
24. 4
25. 1
26. 3
27. 3
28. 2
29. 2
30. 1
31. 3
32. 7
33. 2
34. 5
35. 4
36. 2
37. 1
38. 4
39. 4
40. 3
41. 1
42. 3
43. 5
44. 5
45. 1
46. 4
47. 2
48. 3
49. 2
50. 4
51. 2
52. 4
53. 6
54. 3
55. 3
56. 4
57. 2
58. 3
59. 1
60. 3
61. 1
62. 4
63. 1
64. 3
65. 2
66. 0
67. 4
68. 1
69. 2
70. 1
71. 3
72. 3
73. 2
74. 2
75. 2
76. 1
77. 2
78. 1
79. 6
80. 3
81. 3
82. 2
83. 3
84. 3
85. 3
86. 2
87. 2
88. 3
89. 2
90. 3
91. 2
92. 2
93. 1
94. 2
95. 2
96. 3
97. 3
98. 2
99. 3
100. 2
101. 3
102. 2
103. 2
104. 7
105. 1
106. 2
107. 5
108. 3
109. 3
110. 2
111. 4
112. 2
113. 1
114. 2
115. 2
116. 1
117. 3
118. 2
119. 3
120. 4
121. 2
122. 2
123. 2
124. 3
125. 2
126. 2
127. 2
128. 2
129. 3
130. 2
131. 3
132. 1
133. 4
134. 1
135. 1
136. 2
137. 1
138. 3
139. 1
140. 1
141. 1
142. 4
143. 2
144. 2
145. 3
146. 3
147. 3
148. 1
149. 7
150. 3
151. 2
152. 2
153. 2
154. 2
155. 4
156. 2
157. 2
158. 2
159. 5
160. 3
161. 2
162. 1
163. 3
164. 1
165. 2
166. 3
167. 1
168. 3
169. 2
170. 2
171. 2
172. 1
173. 1
174. 4
175. 6
176. 2
177. 2
178. 2
179. 3
180. 4
181. 2
182. 1
183. 3
184. 2
185. 4
186. 3
187. 2
188. 4
189. 1
190. 2
191. 2
192. 2
193. 2
194. 2
195. 4
196. 2
197. 3
198. 2
199. 3
200. 8