527.txt
1. 0
2. 3
3. 2
4. 2
5. 1
6. 0
7. 2
8. 0
9. 0
10. 1
11. 2
12. 1
13. 0
14. 1
15. 0
16. 1
17. 2
18. 1
19. 0
20. 0
21. 0
22. 1
23. 2
24. 3
25. 1
26. 1
27. 1
28. 1
29. 2
30. 2
31. 1
32. 1
33. 2
34. 2
35. 1
36. 1
37. 2
38. 1
39. 2
40. 4
41. 2
42. 0
43. 0
44. 0
45. 1
46. 3
47. 2
48. 1
49. 2
50. 2
51. 3
52. 2
53. 1
54. 3
55. 0
56. 6
57. 1
58. 2
59. 2
60. 1
61. 0
62. 1
63. 0
64. 2
65. 1
66. 3
67. 1
68. 1
69. 2
70. 3
71. 2
72. 2
73. 4
74. 1
75. 4
76. 0
77. 2
78. 1
79. 3
80. 1
81. 1
82. 1
83. 1
84. 1
85. 2
86. 1
87. 2
88. 2
89. 2
90. 2
91. 1
92. 2
93. 2
94. 3
95. 1
96. 2
97. 1
98. 1
99. 1
100. 2
101. 8
102. 0
103. 3
104. 3
105. 1
106. 0
107. 4
108. 0
109. 1
110. 3
111. 1
112. 3
113. 0
114. 2
115. 1
116. 2
117. 1
118. 1
119. 2
120. 2
121. 3
122. 2
123. 1
124. 0
125. 1
126. 1
127. 3
128. 0
129. 4
130. 2
131. 1
132. 3
133. 3
134. 1
135. 1
136. 3
137. 0
138. 1
139. 1
140. 1
141. 1
142. 0
143. 3
144. 0
145. 2
146. 1
147. 1
148. 2
149. 2
150. 2
151. 2
152. 1
153. 0
154. 4
155. 2
156. 2
157. 1
158. 1
159. 1
160. 2
161. 3
162. 1
163. 2
164. 1
165. 3
166. 0
167. 2
168. 1
169. 1
170. 3
171. 1
172. 1
173. 2
174. 2
175. 3
176. 0
177. 1
178. 1
179. 3
180. 1
181. 2
182. 1
183. 3
184. 3
185. 1
186. 4
187. 5
188. 1
189. 2
190. 3
191. 1
192. 1
193. 0
194. 1
195. 1
196. 0
197. 1
198. 2
199. 0
200. 1