5273.txt
1. 0
2. 4
3. 0
4. 2
5. 1
6. 5
7. 1
8. 0
9. 5
10. 3
11. 2
12. 3
13. 1
14. 1
15. 3
16. 1
17. 2
18. 6
19. 1
20. 2
21. 1
22. 1
23. 3
24. 1
25. 1
26. 4
27. 1
28. 1
29. 2
30. 0
31. 0
32. 1
33. 2
34. 3
35. 1
36. 3
37. 0
38. 3
39. 2
40. 3
41. 3
42. 4
43. 2
44. 0
45. 2
46. 1
47. 1
48. 6
49. 2
50. 3
51. 1
52. 2
53. 1
54. 3
55. 1
56. 0
57. 1
58. 2
59. 2
60. 1
61. 2
62. 1
63. 2
64. 2
65. 2
66. 2
67. 1
68. 2
69. 2
70. 5
71. 2
72. 1
73. 2
74. 1
75. 4
76. 2
77. 1
78. 1
79. 2
80. 2
81. 2
82. 2
83. 1
84. 3
85. 5
86. 1
87. 1
88. 3
89. 1
90. 2
91. 1
92. 4
93. 3
94. 4
95. 2
96. 2
97. 3
98. 2
99. 4
100. 7
101. 2
102. 1
103. 4
104. 1
105. 2
106. 3
107. 3
108. 2
109. 2
110. 3
111. 2
112. 4
113. 5
114. 2
115. 2
116. 2
117. 3
118. 1
119. 1
120. 1
121. 1
122. 6
123. 2
124. 1
125. 1
126. 1
127. 2
128. 2
129. 3
130. 3
131. 4
132. 1
133. 1
134. 2
135. 2
136. 6
137. 1
138. 1
139. 1
140. 4
141. 3
142. 2
143. 1
144. 1
145. 3
146. 2
147. 2
148. 3
149. 1
150. 2
151. 3
152. 2
153. 2
154. 2
155. 2
156. 3
157. 1
158. 3
159. 1
160. 3
161. 2
162. 3
163. 2
164. 3
165. 2
166. 1
167. 2
168. 3
169. 3
170. 3
171. 1
172. 2
173. 5
174. 2
175. 1
176. 1
177. 1
178. 3
179. 4
180. 4
181. 4
182. 2
183. 1
184. 1
185. 3
186. 3
187. 0
188. 1
189. 1
190. 2
191. 1
192. 2
193. 4
194. 1
195. 0
196. 2
197. 3
198. 1
199. 2
200. 1