5279.txt
1. 7
2. 0
3. 8
4. 1
5. 1
6. 2
7. 2
8. 2
9. 0
10. 0
11. 2
12. 1
13. 1
14. 1
15. 2
16. 6
17. 2
18. 1
19. 2
20. 1
21. 2
22. 3
23. 1
24. 3
25. 7
26. 2
27. 3
28. 2
29. 0
30. 2
31. 1
32. 5
33. 4
34. 1
35. 5
36. 0
37. 3
38. 5
39. 3
40. 2
41. 3
42. 2
43. 5
44. 3
45. 1
46. 2
47. 2
48. 2
49. 1
50. 2
51. 1
52. 4
53. 3
54. 0
55. 3
56. 2
57. 1
58. 2
59. 3
60. 4
61. 4
62. 5
63. 3
64. 4
65. 3
66. 2
67. 2
68. 1
69. 1
70. 0
71. 1
72. 2
73. 2
74. 2
75. 6
76. 2
77. 2
78. 1
79. 2
80. 3
81. 2
82. 1
83. 6
84. 3
85. 3
86. 3
87. 1
88. 2
89. 1
90. 3
91. 2
92. 3
93. 2
94. 3
95. 1
96. 1
97. 0
98. 3
99. 1
100. 3
101. 3
102. 1
103. 1
104. 0
105. 3
106. 3
107. 1
108. 2
109. 2
110. 2
111. 3
112. 2
113. 2
114. 2
115. 4
116. 7
117. 1
118. 2
119. 4
120. 1
121. 0
122. 3
123. 3
124. 1
125. 2
126. 2
127. 4
128. 4
129. 1
130. 2
131. 2
132. 0
133. 2
134. 0
135. 1
136. 3
137. 2
138. 1
139. 2
140. 2
141. 5
142. 4
143. 3
144. 1
145. 0
146. 2
147. 2
148. 0
149. 2
150. 2
151. 3
152. 3
153. 2
154. 6
155. 0
156. 2
157. 3
158. 1
159. 2
160. 1
161. 2
162. 2
163. 1
164. 1
165. 2
166. 2
167. 2
168. 2
169. 2
170. 0
171. 3
172. 1
173. 2
174. 1
175. 2
176. 2
177. 4
178. 2
179. 2
180. 3
181. 1
182. 2
183. 3
184. 1
185. 4
186. 3
187. 3
188. 2
189. 2
190. 4
191. 2
192. 3
193. 2
194. 1
195. 3
196. 3
197. 3
198. 2
199. 4
200. 2