5280.txt
1. 7
2. 1
3. 1
4. 1
5. 2
6. 1
7. 1
8. 2
9. 1
10. 0
11. 2
12. 7
13. 3
14. 2
15. 8
16. 2
17. 3
18. 4
19. 2
20. 6
21. 2
22. 1
23. 1
24. 2
25. 3
26. 3
27. 1
28. 3
29. 4
30. 2
31. 2
32. 2
33. 2
34. 2
35. 4
36. 2
37. 2
38. 3
39. 1
40. 2
41. 2
42. 2
43. 1
44. 1
45. 4
46. 3
47. 4
48. 2
49. 3
50. 1
51. 2
52. 3
53. 4
54. 3
55. 3
56. 10
57. 2
58. 3
59. 2
60. 3
61. 3
62. 1
63. 1
64. 2
65. 4
66. 2
67. 1
68. 2
69. 2
70. 2
71. 3
72. 1
73. 2
74. 3
75. 1
76. 2
77. 3
78. 3
79. 2
80. 2
81. 2
82. 1
83. 2
84. 1
85. 2
86. 5
87. 3
88. 1
89. 6
90. 2
91. 1
92. 3
93. 2
94. 1
95. 3
96. 2
97. 2
98. 1
99. 1
100. 2
101. 2
102. 1
103. 2
104. 4
105. 1
106. 3
107. 1
108. 2
109. 3
110. 2
111. 2
112. 2
113. 2
114. 3
115. 1
116. 2
117. 1
118. 3
119. 2
120. 2
121. 2
122. 3
123. 3
124. 2
125. 2
126. 2
127. 3
128. 2
129. 1
130. 1
131. 3
132. 2
133. 1
134. 1
135. 2
136. 3
137. 1
138. 3
139. 3
140. 1
141. 2
142. 1
143. 3
144. 2
145. 2
146. 1
147. 2
148. 3
149. 1
150. 1
151. 3
152. 2
153. 2
154. 2
155. 2
156. 4
157. 2
158. 2
159. 3
160. 3
161. 3
162. 1
163. 2
164. 2
165. 2
166. 2
167. 2
168. 2
169. 3
170. 1
171. 2
172. 4
173. 2
174. 3
175. 2
176. 2
177. 1
178. 2
179. 2
180. 1
181. 2
182. 1
183. 1
184. 3
185. 2
186. 3
187. 5
188. 2
189. 3
190. 2
191. 2
192. 2
193. 3
194. 2
195. 2
196. 3
197. 2
198. 1
199. 2
200. 3