5290.txt
1. 2
2. 1
3. 4
4. 2
5. 2
6. 1
7. 2
8. 3
9. 1
10. 3
11. 4
12. 4
13. 1
14. 1
15. 2
16. 1
17. 4
18. 3
19. 1
20. 2
21. 1
22. 2
23. 2
24. 5
25. 3
26. 2
27. 3
28. 3
29. 3
30. 6
31. 5
32. 3
33. 2
34. 3
35. 4
36. 3
37. 2
38. 3
39. 3
40. 1
41. 1
42. 4
43. 2
44. 3
45. 2
46. 3
47. 1
48. 3
49. 2
50. 2
51. 2
52. 3
53. 2
54. 2
55. 3
56. 1
57. 2
58. 2
59. 3
60. 3
61. 1
62. 2
63. 2
64. 3
65. 1
66. 3
67. 1
68. 3
69. 2
70. 5
71. 3
72. 3
73. 2
74. 2
75. 1
76. 2
77. 2
78. 2
79. 2
80. 2
81. 1
82. 2
83. 2
84. 2
85. 3
86. 4
87. 3
88. 2
89. 2
90. 2
91. 2
92. 2
93. 2
94. 3
95. 1
96. 2
97. 2
98. 3
99. 2
100. 3
101. 2
102. 3
103. 4
104. 3
105. 2
106. 2
107. 2
108. 3
109. 2
110. 2
111. 1
112. 2
113. 2
114. 2
115. 3
116. 2
117. 2
118. 2
119. 2
120. 3
121. 2
122. 3
123. 3
124. 4
125. 3
126. 2
127. 3
128. 2
129. 1
130. 2
131. 2
132. 3
133. 2
134. 3
135. 2
136. 2
137. 4
138. 3
139. 2
140. 2
141. 3
142. 2
143. 3
144. 3
145. 2
146. 3
147. 2
148. 5
149. 2
150. 2
151. 3
152. 3
153. 1
154. 4
155. 1
156. 2
157. 3
158. 3
159. 2
160. 3
161. 3
162. 2
163. 2
164. 2
165. 3
166. 2
167. 2
168. 1
169. 3
170. 2
171. 1
172. 1
173. 2
174. 3
175. 1
176. 1
177. 1
178. 4
179. 4
180. 1
181. 2
182. 2
183. 3
184. 2
185. 3
186. 3
187. 2
188. 2
189. 2
190. 4
191. 2
192. 1
193. 3
194. 2
195. 4
196. 2
197. 1
198. 3
199. 3
200. 3