5292.txt
1. 1
2. 1
3. 2
4. 3
5. 2
6. 5
7. 1
8. 3
9. 2
10. 4
11. 3
12. 1
13. 2
14. 2
15. 1
16. 4
17. 2
18. 2
19. 1
20. 3
21. 3
22. 3
23. 2
24. 2
25. 2
26. 3
27. 2
28. 2
29. 1
30. 4
31. 3
32. 3
33. 2
34. 4
35. 4
36. 3
37. 3
38. 2
39. 5
40. 8
41. 2
42. 5
43. 3
44. 1
45. 3
46. 7
47. 3
48. 2
49. 4
50. 2
51. 2
52. 2
53. 5
54. 3
55. 2
56. 2
57. 2
58. 3
59. 2
60. 3
61. 2
62. 2
63. 3
64. 3
65. 1
66. 2
67. 1
68. 3
69. 3
70. 2
71. 2
72. 2
73. 3
74. 2
75. 3
76. 4
77. 2
78. 3
79. 2
80. 5
81. 3
82. 8
83. 2
84. 3
85. 1
86. 4
87. 3
88. 2
89. 1
90. 4
91. 3
92. 2
93. 2
94. 1
95. 2
96. 3
97. 2
98. 2
99. 3
100. 2
101. 5
102. 2
103. 1
104. 3
105. 2
106. 4
107. 1
108. 2
109. 5
110. 3
111. 2
112. 1
113. 3
114. 3
115. 3
116. 2
117. 1
118. 2
119. 3
120. 2
121. 3
122. 1
123. 2
124. 4
125. 1
126. 4
127. 2
128. 2
129. 3
130. 2
131. 3
132. 1
133. 6
134. 1
135. 1
136. 2
137. 1
138. 2
139. 2
140. 2
141. 1
142. 2
143. 2
144. 4
145. 3
146. 2
147. 4
148. 3
149. 2
150. 5
151. 1
152. 3
153. 2
154. 2
155. 2
156. 2
157. 8
158. 1
159. 2
160. 3
161. 1
162. 2
163. 2
164. 2
165. 3
166. 3
167. 2
168. 1
169. 2
170. 2
171. 3
172. 2
173. 5
174. 3
175. 4
176. 2
177. 2
178. 2
179. 2
180. 2
181. 2
182. 2
183. 2
184. 3
185. 2
186. 2
187. 2
188. 2
189. 1
190. 3
191. 2
192. 2
193. 2
194. 2
195. 1
196. 3
197. 1
198. 3
199. 4
200. 3