5299.txt
1. 3
2. 1
3. 1
4. 0
5. 3
6. 2
7. 0
8. 2
9. 1
10. 0
11. 6
12. 2
13. 3
14. 4
15. 3
16. 7
17. 1
18. 8
19. 4
20. 2
21. 4
22. 1
23. 3
24. 5
25. 1
26. 1
27. 2
28. 3
29. 2
30. 5
31. 2
32. 2
33. 4
34. 1
35. 3
36. 2
37. 4
38. 2
39. 6
40. 2
41. 2
42. 2
43. 1
44. 1
45. 2
46. 5
47. 1
48. 6
49. 3
50. 1
51. 2
52. 1
53. 3
54. 3
55. 1
56. 3
57. 1
58. 2
59. 2
60. 1
61. 1
62. 4
63. 2
64. 2
65. 4
66. 3
67. 4
68. 3
69. 2
70. 2
71. 1
72. 1
73. 7
74. 3
75. 5
76. 1
77. 1
78. 2
79. 7
80. 3
81. 4
82. 3
83. 4
84. 2
85. 1
86. 1
87. 4
88. 2
89. 1
90. 3
91. 5
92. 1
93. 2
94. 5
95. 4
96. 1
97. 3
98. 4
99. 4
100. 2
101. 1
102. 3
103. 2
104. 3
105. 1
106. 2
107. 3
108. 3
109. 1
110. 4
111. 2
112. 2
113. 2
114. 3
115. 1
116. 1
117. 2
118. 1
119. 2
120. 5
121. 4
122. 5
123. 8
124. 3
125. 3
126. 1
127. 1
128. 2
129. 3
130. 4
131. 1
132. 3
133. 2
134. 4
135. 1
136. 4
137. 2
138. 4
139. 2
140. 1
141. 4
142. 4
143. 2
144. 3
145. 3
146. 8
147. 2
148. 1
149. 1
150. 1
151. 1
152. 2
153. 2
154. 2
155. 3
156. 2
157. 1
158. 4
159. 2
160. 1
161. 1
162. 3
163. 1
164. 2
165. 5
166. 3
167. 2
168. 2
169. 5
170. 2
171. 2
172. 2
173. 4
174. 2
175. 2
176. 2
177. 2
178. 2
179. 1
180. 5
181. 1
182. 5
183. 2
184. 4
185. 1
186. 2
187. 2
188. 3
189. 2
190. 1
191. 2
192. 3
193. 1
194. 2
195. 4
196. 5
197. 2
198. 2
199. 3
200. 4