5300.txt
1. 0
2. 4
3. 2
4. 3
5. 2
6. 1
7. 2
8. 2
9. 4
10. 3
11. 0
12. 0
13. 1
14. 0
15. 2
16. 1
17. 1
18. 3
19. 4
20. 0
21. 0
22. 1
23. 2
24. 1
25. 2
26. 2
27. 2
28. 4
29. 5
30. 2
31. 1
32. 3
33. 0
34. 2
35. 4
36. 1
37. 1
38. 2
39. 1
40. 2
41. 1
42. 6
43. 2
44. 1
45. 4
46. 2
47. 3
48. 0
49. 1
50. 2
51. 5
52. 3
53. 1
54. 3
55. 3
56. 0
57. 1
58. 2
59. 1
60. 2
61. 2
62. 1
63. 0
64. 2
65. 1
66. 2
67. 2
68. 2
69. 2
70. 1
71. 1
72. 1
73. 2
74. 4
75. 1
76. 1
77. 3
78. 3
79. 2
80. 1
81. 1
82. 3
83. 0
84. 2
85. 2
86. 3
87. 2
88. 2
89. 2
90. 1
91. 2
92. 2
93. 1
94. 2
95. 2
96. 2
97. 1
98. 1
99. 3
100. 1
101. 4
102. 5
103. 2
104. 3
105. 2
106. 4
107. 5
108. 2
109. 1
110. 1
111. 1
112. 1
113. 3
114. 2
115. 2
116. 3
117. 3
118. 3
119. 3
120. 0
121. 1
122. 2
123. 4
124. 5
125. 5
126. 1
127. 1
128. 1
129. 2
130. 1
131. 1
132. 3
133. 1
134. 2
135. 1
136. 1
137. 3
138. 2
139. 2
140. 1
141. 0
142. 3
143. 1
144. 3
145. 3
146. 2
147. 3
148. 2
149. 1
150. 3
151. 3
152. 2
153. 1
154. 4
155. 3
156. 2
157. 3
158. 3
159. 2
160. 2
161. 2
162. 2
163. 2
164. 1
165. 1
166. 2
167. 2
168. 3
169. 2
170. 3
171. 1
172. 1
173. 2
174. 7
175. 2
176. 8
177. 1
178. 5
179. 1
180. 1
181. 1
182. 2
183. 2
184. 0
185. 1
186. 2
187. 3
188. 1
189. 1
190. 3
191. 4
192. 2
193. 4
194. 3
195. 4
196. 2
197. 1
198. 1
199. 2
200. 1