5312.txt
1. 0
2. 1
3. 6
4. 0
5. 2
6. 4
7. 0
8. 2
9. 2
10. 0
11. 4
12. 1
13. 3
14. 2
15. 1
16. 1
17. 0
18. 2
19. 1
20. 1
21. 0
22. 1
23. 3
24. 1
25. 1
26. 4
27. 1
28. 2
29. 0
30. 7
31. 1
32. 0
33. 0
34. 1
35. 3
36. 1
37. 7
38. 4
39. 0
40. 2
41. 2
42. 1
43. 0
44. 0
45. 0
46. 2
47. 1
48. 3
49. 1
50. 2
51. 3
52. 4
53. 2
54. 3
55. 2
56. 2
57. 4
58. 1
59. 4
60. 3
61. 1
62. 1
63. 0
64. 0
65. 2
66. 0
67. 1
68. 1
69. 1
70. 5
71. 2
72. 1
73. 0
74. 2
75. 2
76. 0
77. 0
78. 2
79. 3
80. 0
81. 2
82. 0
83. 1
84. 2
85. 0
86. 0
87. 0
88. 1
89. 0
90. 2
91. 0
92. 1
93. 1
94. 2
95. 1
96. 0
97. 2
98. 1
99. 1
100. 1
101. 2
102. 2
103. 2
104. 2
105. 3
106. 2
107. 1
108. 3
109. 2
110. 5
111. 1
112. 1
113. 1
114. 0
115. 4
116. 0
117. 4
118. 2
119. 1
120. 0
121. 2
122. 0
123. 3
124. 0
125. 1
126. 2
127. 0
128. 2
129. 0
130. 4
131. 1
132. 2
133. 2
134. 2
135. 2
136. 1
137. 2
138. 1
139. 2
140. 7
141. 2
142. 1
143. 2
144. 0
145. 3
146. 1
147. 1
148. 0
149. 0
150. 2
151. 0
152. 2
153. 3
154. 2
155. 1
156. 3
157. 1
158. 0
159. 2
160. 2
161. 2
162. 0
163. 3
164. 2
165. 4
166. 1
167. 1
168. 1
169. 3
170. 2
171. 2
172. 3
173. 1
174. 0
175. 5
176. 1
177. 0
178. 2
179. 1
180. 3
181. 1
182. 0
183. 0
184. 1
185. 2
186. 0
187. 1
188. 1
189. 1
190. 0
191. 0
192. 0
193. 2
194. 3
195. 1
196. 2
197. 2
198. 1
199. 1
200. 3