533.txt
1. 3
2. 1
3. 1
4. 2
5. 0
6. 0
7. 2
8. 1
9. 7
10. 4
11. 2
12. 2
13. 4
14. 0
15. 1
16. 3
17. 2
18. 1
19. 3
20. 2
21. 3
22. 7
23. 8
24. 4
25. 2
26. 1
27. 3
28. 1
29. 5
30. 1
31. 1
32. 3
33. 1
34. 2
35. 2
36. 3
37. 1
38. 2
39. 2
40. 2
41. 2
42. 1
43. 3
44. 2
45. 2
46. 1
47. 1
48. 1
49. 4
50. 6
51. 1
52. 3
53. 2
54. 1
55. 2
56. 1
57. 2
58. 2
59. 2
60. 6
61. 1
62. 5
63. 3
64. 1
65. 2
66. 2
67. 1
68. 5
69. 3
70. 2
71. 0
72. 2
73. 4
74. 4
75. 1
76. 2
77. 3
78. 1
79. 4
80. 0
81. 1
82. 1
83. 1
84. 1
85. 2
86. 2
87. 2
88. 1
89. 2
90. 4
91. 2
92. 3
93. 1
94. 1
95. 4
96. 3
97. 2
98. 1
99. 1
100. 1
101. 2
102. 3
103. 1
104. 1
105. 2
106. 4
107. 1
108. 2
109. 3
110. 1
111. 4
112. 1
113. 1
114. 4
115. 3
116. 1
117. 2
118. 2
119. 5
120. 4
121. 1
122. 3
123. 1
124. 4
125. 1
126. 1
127. 3
128. 4
129. 2
130. 1
131. 1
132. 2
133. 2
134. 3
135. 1
136. 2
137. 2
138. 1
139. 1
140. 2
141. 3
142. 2
143. 3
144. 4
145. 2
146. 1
147. 3
148. 3
149. 1
150. 2
151. 2
152. 4
153. 1
154. 3
155. 8
156. 1
157. 1
158. 2
159. 2
160. 2
161. 1
162. 3
163. 1
164. 3
165. 2
166. 3
167. 1
168. 2
169. 2
170. 2
171. 1
172. 2
173. 1
174. 1
175. 2
176. 1
177. 3
178. 3
179. 2
180. 3
181. 1
182. 2
183. 2
184. 1
185. 1
186. 1
187. 1
188. 6
189. 2
190. 6
191. 2
192. 2
193. 1
194. 3
195. 2
196. 1
197. 2
198. 4
199. 2
200. 1