5358.txt
1. 3
2. 6
3. 2
4. 2
5. 2
6. 5
7. 5
8. 2
9. 2
10. 6
11. 7
12. 4
13. 2
14. 3
15. 2
16. 4
17. 2
18. 2
19. 3
20. 2
21. 3
22. 2
23. 3
24. 2
25. 3
26. 3
27. 2
28. 3
29. 4
30. 6
31. 2
32. 5
33. 3
34. 2
35. 3
36. 4
37. 1
38. 3
39. 2
40. 4
41. 3
42. 4
43. 2
44. 3
45. 3
46. 3
47. 2
48. 4
49. 2
50. 1
51. 4
52. 2
53. 5
54. 5
55. 2
56. 2
57. 2
58. 2
59. 3
60. 2
61. 5
62. 4
63. 2
64. 1
65. 3
66. 3
67. 3
68. 3
69. 3
70. 2
71. 10
72. 2
73. 2
74. 3
75. 3
76. 2
77. 3
78. 3
79. 3
80. 2
81. 3
82. 5
83. 3
84. 6
85. 4
86. 2
87. 6
88. 2
89. 2
90. 3
91. 2
92. 3
93. 3
94. 3
95. 4
96. 2
97. 3
98. 3
99. 2
100. 4
101. 3
102. 2
103. 4
104. 2
105. 4
106. 2
107. 3
108. 4
109. 2
110. 3
111. 2
112. 3
113. 4
114. 4
115. 3
116. 2
117. 2
118. 3
119. 6
120. 3
121. 5
122. 3
123. 2
124. 2
125. 5
126. 2
127. 2
128. 3
129. 3
130. 3
131. 2
132. 3
133. 2
134. 3
135. 2
136. 5
137. 3
138. 3
139. 1
140. 3
141. 2
142. 3
143. 2
144. 3
145. 3
146. 3
147. 3
148. 3
149. 3
150. 4
151. 3
152. 2
153. 3
154. 3
155. 3
156. 3
157. 3
158. 3
159. 2
160. 3
161. 3
162. 3
163. 2
164. 4
165. 2
166. 5
167. 4
168. 2
169. 3
170. 3
171. 3
172. 3
173. 3
174. 4
175. 1
176. 2
177. 3
178. 2
179. 3
180. 3
181. 3
182. 3
183. 2
184. 2
185. 3
186. 2
187. 3
188. 3
189. 3
190. 3
191. 3
192. 5
193. 2
194. 2
195. 3
196. 3
197. 7
198. 3
199. 3
200. 2