5359.txt
1. 0
2. 7
3. 4
4. 0
5. 0
6. 3
7. 0
8. 0
9. 0
10. 0
11. 2
12. 4
13. 3
14. 0
15. 2
16. 2
17. 3
18. 1
19. 2
20. 3
21. 1
22. 0
23. 0
24. 2
25. 3
26. 0
27. 1
28. 2
29. 1
30. 2
31. 1
32. 3
33. 0
34. 2
35. 0
36. 2
37. 1
38. 2
39. 3
40. 3
41. 2
42. 2
43. 1
44. 2
45. 8
46. 2
47. 4
48. 3
49. 2
50. 1
51. 4
52. 3
53. 2
54. 2
55. 8
56. 1
57. 0
58. 2
59. 0
60. 2
61. 1
62. 0
63. 0
64. 1
65. 0
66. 0
67. 1
68. 0
69. 0
70. 0
71. 3
72. 2
73. 2
74. 2
75. 3
76. 2
77. 3
78. 0
79. 1
80. 0
81. 2
82. 5
83. 2
84. 0
85. 1
86. 0
87. 1
88. 2
89. 0
90. 1
91. 2
92. 0
93. 3
94. 3
95. 2
96. 2
97. 1
98. 1
99. 2
100. 4
101. 0
102. 2
103. 0
104. 1
105. 0
106. 2
107. 1
108. 0
109. 3
110. 2
111. 2
112. 2
113. 0
114. 7
115. 1
116. 2
117. 1
118. 1
119. 1
120. 3
121. 0
122. 0
123. 2
124. 0
125. 0
126. 2
127. 2
128. 1
129. 1
130. 1
131. 2
132. 2
133. 1
134. 2
135. 1
136. 0
137. 2
138. 2
139. 0
140. 3
141. 2
142. 4
143. 0
144. 2
145. 3
146. 1
147. 2
148. 2
149. 2
150. 3
151. 0
152. 1
153. 1
154. 1
155. 2
156. 3
157. 0
158. 1
159. 4
160. 2
161. 0
162. 2
163. 1
164. 3
165. 5
166. 2
167. 2
168. 1
169. 1
170. 1
171. 0
172. 1
173. 1
174. 0
175. 2
176. 1
177. 0
178. 4
179. 1
180. 2
181. 0
182. 1
183. 2
184. 2
185. 2
186. 0
187. 2
188. 1
189. 4
190. 1
191. 1
192. 3
193. 2
194. 2
195. 1
196. 0
197. 3
198. 0
199. 4
200. 2