536.txt
1. 3
2. 1
3. 7
4. 2
5. 1
6. 1
7. 4
8. 3
9. 4
10. 8
11. 3
12. 3
13. 4
14. 1
15. 4
16. 2
17. 2
18. 4
19. 3
20. 7
21. 4
22. 1
23. 2
24. 3
25. 2
26. 2
27. 2
28. 1
29. 2
30. 2
31. 1
32. 4
33. 4
34. 2
35. 1
36. 1
37. 3
38. 5
39. 3
40. 2
41. 2
42. 2
43. 1
44. 1
45. 3
46. 3
47. 2
48. 3
49. 3
50. 2
51. 2
52. 2
53. 2
54. 1
55. 2
56. 2
57. 2
58. 2
59. 3
60. 3
61. 2
62. 3
63. 2
64. 3
65. 1
66. 3
67. 5
68. 2
69. 2
70. 3
71. 2
72. 3
73. 3
74. 1
75. 2
76. 2
77. 2
78. 2
79. 3
80. 3
81. 1
82. 2
83. 2
84. 4
85. 2
86. 3
87. 4
88. 3
89. 4
90. 2
91. 2
92. 3
93. 2
94. 3
95. 2
96. 3
97. 2
98. 3
99. 2
100. 4
101. 3
102. 3
103. 3
104. 2
105. 2
106. 2
107. 3
108. 2
109. 2
110. 1
111. 2
112. 3
113. 2
114. 2
115. 8
116. 3
117. 2
118. 3
119. 2
120. 3
121. 3
122. 2
123. 3
124. 2
125. 3
126. 1
127. 2
128. 1
129. 2
130. 4
131. 2
132. 3
133. 1
134. 3
135. 2
136. 4
137. 3
138. 2
139. 2
140. 4
141. 3
142. 1
143. 2
144. 2
145. 3
146. 2
147. 2
148. 2
149. 3
150. 3
151. 4
152. 2
153. 2
154. 3
155. 3
156. 3
157. 3
158. 3
159. 2
160. 2
161. 3
162. 2
163. 2
164. 4
165. 6
166. 2
167. 4
168. 2
169. 3
170. 2
171. 1
172. 2
173. 4
174. 1
175. 2
176. 2
177. 2
178. 3
179. 2
180. 2
181. 2
182. 3
183. 2
184. 2
185. 3
186. 1
187. 3
188. 3
189. 2
190. 1
191. 3
192. 1
193. 5
194. 2
195. 4
196. 2
197. 1
198. 3
199. 2
200. 5