5365.txt
1. 3
2. 1
3. 2
4. 2
5. 0
6. 0
7. 0
8. 0
9. 2
10. 1
11. 2
12. 0
13. 2
14. 7
15. 0
16. 3
17. 1
18. 2
19. 0
20. 1
21. 1
22. 2
23. 0
24. 1
25. 1
26. 0
27. 1
28. 2
29. 2
30. 4
31. 5
32. 2
33. 4
34. 0
35. 1
36. 3
37. 0
38. 2
39. 4
40. 3
41. 2
42. 2
43. 6
44. 2
45. 3
46. 1
47. 3
48. 2
49. 1
50. 4
51. 3
52. 1
53. 1
54. 0
55. 5
56. 2
57. 0
58. 2
59. 0
60. 2
61. 2
62. 3
63. 0
64. 0
65. 1
66. 5
67. 1
68. 2
69. 5
70. 3
71. 2
72. 2
73. 1
74. 2
75. 0
76. 4
77. 1
78. 1
79. 1
80. 2
81. 2
82. 3
83. 3
84. 0
85. 0
86. 1
87. 0
88. 1
89. 7
90. 4
91. 2
92. 2
93. 0
94. 3
95. 2
96. 0
97. 0
98. 2
99. 3
100. 1
101. 1
102. 4
103. 2
104. 1
105. 0
106. 2
107. 1
108. 2
109. 0
110. 2
111. 1
112. 1
113. 2
114. 3
115. 0
116. 0
117. 2
118. 1
119. 3
120. 1
121. 2
122. 1
123. 2
124. 2
125. 0
126. 1
127. 2
128. 2
129. 2
130. 2
131. 1
132. 1
133. 1
134. 2
135. 2
136. 0
137. 3
138. 2
139. 0
140. 1
141. 2
142. 3
143. 2
144. 3
145. 2
146. 4
147. 1
148. 2
149. 6
150. 3
151. 2
152. 3
153. 0
154. 2
155. 1
156. 4
157. 2
158. 1
159. 2
160. 4
161. 1
162. 0
163. 4
164. 3
165. 0
166. 1
167. 0
168. 3
169. 2
170. 1
171. 2
172. 4
173. 1
174. 4
175. 1
176. 1
177. 2
178. 1
179. 4
180. 0
181. 0
182. 2
183. 1
184. 5
185. 3
186. 2
187. 1
188. 1
189. 2
190. 1
191. 2
192. 2
193. 2
194. 2
195. 0
196. 1
197. 2
198. 1
199. 1
200. 3