5366.txt
1. 2
2. 4
3. 1
4. 0
5. 4
6. 1
7. 2
8. 2
9. 3
10. 4
11. 0
12. 2
13. 3
14. 1
15. 3
16. 2
17. 2
18. 2
19. 3
20. 3
21. 2
22. 0
23. 4
24. 1
25. 1
26. 1
27. 2
28. 3
29. 4
30. 3
31. 1
32. 2
33. 1
34. 2
35. 3
36. 2
37. 3
38. 1
39. 2
40. 3
41. 2
42. 7
43. 2
44. 1
45. 3
46. 1
47. 4
48. 1
49. 2
50. 1
51. 0
52. 4
53. 3
54. 1
55. 5
56. 1
57. 0
58. 2
59. 1
60. 3
61. 3
62. 4
63. 3
64. 2
65. 1
66. 3
67. 1
68. 1
69. 3
70. 2
71. 1
72. 3
73. 0
74. 2
75. 6
76. 3
77. 5
78. 0
79. 2
80. 2
81. 1
82. 1
83. 1
84. 1
85. 2
86. 1
87. 1
88. 2
89. 3
90. 1
91. 6
92. 1
93. 1
94. 2
95. 3
96. 2
97. 2
98. 1
99. 2
100. 1
101. 1
102. 3
103. 2
104. 1
105. 2
106. 4
107. 2
108. 3
109. 1
110. 4
111. 2
112. 1
113. 2
114. 3
115. 4
116. 3
117. 1
118. 4
119. 2
120. 3
121. 4
122. 3
123. 2
124. 1
125. 1
126. 1
127. 1
128. 1
129. 2
130. 3
131. 2
132. 5
133. 1
134. 2
135. 3
136. 1
137. 2
138. 2
139. 2
140. 1
141. 2
142. 2
143. 2
144. 3
145. 1
146. 4
147. 4
148. 4
149. 2
150. 1
151. 5
152. 1
153. 3
154. 2
155. 1
156. 2
157. 1
158. 3
159. 4
160. 3
161. 3
162. 1
163. 3
164. 1
165. 1
166. 3
167. 2
168. 2
169. 2
170. 1
171. 4
172. 3
173. 3
174. 3
175. 2
176. 1
177. 1
178. 2
179. 1
180. 2
181. 3
182. 2
183. 3
184. 1
185. 1
186. 1
187. 2
188. 1
189. 2
190. 2
191. 2
192. 3
193. 1
194. 2
195. 1
196. 2
197. 2
198. 3
199. 1
200. 5