5379.txt
1. 2
2. 4
3. 3
4. 6
5. 1
6. 1
7. 1
8. 1
9. 1
10. 4
11. 2
12. 3
13. 1
14. 2
15. 3
16. 4
17. 5
18. 1
19. 5
20. 3
21. 1
22. 3
23. 1
24. 1
25. 4
26. 3
27. 1
28. 1
29. 2
30. 2
31. 4
32. 3
33. 2
34. 4
35. 1
36. 2
37. 3
38. 4
39. 2
40. 1
41. 2
42. 1
43. 3
44. 2
45. 2
46. 3
47. 3
48. 1
49. 2
50. 3
51. 1
52. 2
53. 4
54. 4
55. 2
56. 2
57. 1
58. 2
59. 2
60. 7
61. 3
62. 2
63. 3
64. 2
65. 2
66. 3
67. 2
68. 2
69. 3
70. 2
71. 2
72. 3
73. 1
74. 6
75. 2
76. 3
77. 2
78. 1
79. 5
80. 1
81. 1
82. 3
83. 2
84. 1
85. 2
86. 2
87. 2
88. 2
89. 3
90. 6
91. 2
92. 1
93. 1
94. 2
95. 1
96. 3
97. 1
98. 3
99. 4
100. 1
101. 2
102. 1
103. 3
104. 2
105. 3
106. 2
107. 1
108. 2
109. 2
110. 2
111. 1
112. 4
113. 4
114. 1
115. 1
116. 2
117. 3
118. 3
119. 2
120. 1
121. 1
122. 3
123. 1
124. 1
125. 6
126. 1
127. 2
128. 6
129. 2
130. 2
131. 2
132. 3
133. 1
134. 1
135. 3
136. 2
137. 2
138. 1
139. 2
140. 1
141. 2
142. 1
143. 2
144. 1
145. 3
146. 3
147. 2
148. 2
149. 1
150. 2
151. 1
152. 7
153. 3
154. 1
155. 2
156. 2
157. 1
158. 1
159. 3
160. 4
161. 1
162. 3
163. 1
164. 2
165. 1
166. 3
167. 1
168. 3
169. 1
170. 2
171. 3
172. 2
173. 3
174. 1
175. 4
176. 3
177. 2
178. 1
179. 3
180. 6
181. 2
182. 2
183. 5
184. 2
185. 1
186. 3
187. 1
188. 2
189. 3
190. 1
191. 1
192. 1
193. 2
194. 3
195. 3
196. 1
197. 2
198. 3
199. 1
200. 3