5382.txt
1. 3
2. 1
3. 2
4. 0
5. 1
6. 3
7. 1
8. 2
9. 3
10. 0
11. 1
12. 2
13. 3
14. 1
15. 2
16. 2
17. 3
18. 0
19. 3
20. 2
21. 0
22. 1
23. 2
24. 1
25. 2
26. 5
27. 1
28. 1
29. 2
30. 3
31. 8
32. 3
33. 1
34. 2
35. 2
36. 4
37. 3
38. 4
39. 3
40. 3
41. 3
42. 3
43. 2
44. 2
45. 2
46. 2
47. 6
48. 2
49. 3
50. 1
51. 1
52. 4
53. 1
54. 2
55. 2
56. 2
57. 2
58. 1
59. 2
60. 2
61. 2
62. 2
63. 1
64. 3
65. 1
66. 1
67. 2
68. 1
69. 1
70. 2
71. 4
72. 2
73. 0
74. 2
75. 2
76. 1
77. 2
78. 1
79. 2
80. 1
81. 6
82. 1
83. 2
84. 1
85. 2
86. 3
87. 2
88. 3
89. 3
90. 4
91. 2
92. 2
93. 1
94. 3
95. 1
96. 2
97. 1
98. 3
99. 1
100. 1
101. 2
102. 1
103. 1
104. 1
105. 2
106. 2
107. 1
108. 3
109. 1
110. 1
111. 1
112. 2
113. 1
114. 1
115. 4
116. 2
117. 2
118. 1
119. 2
120. 1
121. 2
122. 1
123. 2
124. 1
125. 2
126. 1
127. 1
128. 3
129. 3
130. 2
131. 1
132. 3
133. 1
134. 2
135. 1
136. 2
137. 1
138. 2
139. 1
140. 2
141. 1
142. 2
143. 1
144. 1
145. 2
146. 3
147. 1
148. 2
149. 2
150. 2
151. 2
152. 3
153. 1
154. 2
155. 2
156. 2
157. 1
158. 2
159. 2
160. 2
161. 3
162. 2
163. 1
164. 1
165. 2
166. 1
167. 2
168. 1
169. 2
170. 2
171. 4
172. 2
173. 1
174. 3
175. 3
176. 3
177. 1
178. 2
179. 1
180. 2
181. 2
182. 4
183. 1
184. 3
185. 2
186. 2
187. 3
188. 1
189. 2
190. 2
191. 1
192. 1
193. 2
194. 1
195. 1
196. 2
197. 2
198. 1
199. 1
200. 2