5388.txt
1. 2
2. 1
3. 1
4. 7
5. 2
6. 1
7. 2
8. 2
9. 5
10. 1
11. 3
12. 1
13. 4
14. 6
15. 1
16. 2
17. 1
18. 3
19. 4
20. 4
21. 2
22. 1
23. 1
24. 5
25. 2
26. 2
27. 3
28. 2
29. 6
30. 2
31. 4
32. 3
33. 1
34. 2
35. 3
36. 4
37. 3
38. 1
39. 5
40. 1
41. 3
42. 2
43. 6
44. 2
45. 1
46. 5
47. 2
48. 3
49. 2
50. 2
51. 2
52. 4
53. 1
54. 2
55. 2
56. 3
57. 2
58. 1
59. 5
60. 2
61. 7
62. 2
63. 2
64. 2
65. 2
66. 1
67. 1
68. 3
69. 4
70. 6
71. 2
72. 4
73. 2
74. 1
75. 2
76. 2
77. 1
78. 1
79. 2
80. 1
81. 2
82. 2
83. 3
84. 5
85. 4
86. 1
87. 1
88. 1
89. 2
90. 2
91. 1
92. 2
93. 2
94. 3
95. 2
96. 2
97. 2
98. 1
99. 2
100. 3
101. 1
102. 2
103. 2
104. 1
105. 1
106. 3
107. 4
108. 4
109. 3
110. 3
111. 1
112. 2
113. 2
114. 5
115. 7
116. 4
117. 2
118. 2
119. 2
120. 1
121. 3
122. 2
123. 1
124. 1
125. 2
126. 1
127. 2
128. 1
129. 2
130. 3
131. 2
132. 2
133. 1
134. 1
135. 1
136. 2
137. 1
138. 2
139. 2
140. 4
141. 2
142. 2
143. 3
144. 2
145. 2
146. 3
147. 2
148. 3
149. 1
150. 1
151. 7
152. 2
153. 2
154. 2
155. 2
156. 1
157. 2
158. 4
159. 1
160. 3
161. 1
162. 3
163. 1
164. 2
165. 3
166. 1
167. 2
168. 1
169. 3
170. 1
171. 4
172. 1
173. 1
174. 4
175. 2
176. 3
177. 5
178. 2
179. 1
180. 2
181. 1
182. 3
183. 1
184. 1
185. 3
186. 1
187. 2
188. 2
189. 3
190. 2
191. 1
192. 2
193. 1
194. 2
195. 2
196. 2
197. 4
198. 2
199. 2
200. 1