5398.txt
1. 0
2. 0
3. 0
4. 2
5. 0
6. 4
7. 2
8. 0
9. 0
10. 3
11. 0
12. 0
13. 3
14. 0
15. 0
16. 0
17. 2
18. 0
19. 3
20. 0
21. 2
22. 0
23. 0
24. 0
25. 0
26. 6
27. 0
28. 2
29. 3
30. 2
31. 2
32. 0
33. 0
34. 2
35. 3
36. 4
37. 3
38. 0
39. 0
40. 2
41. 0
42. 2
43. 2
44. 2
45. 0
46. 0
47. 0
48. 0
49. 3
50. 0
51. 0
52. 2
53. 0
54. 0
55. 0
56. 0
57. 0
58. 0
59. 0
60. 0
61. 0
62. 2
63. 2
64. 0
65. 2
66. 0
67. 0
68. 0
69. 2
70. 3
71. 4
72. 4
73. 0
74. 0
75. 2
76. 0
77. 2
78. 0
79. 0
80. 0
81. 0
82. 2
83. 0
84. 0
85. 2
86. 0
87. 0
88. 2
89. 3
90. 0
91. 2
92. 0
93. 3
94. 2
95. 0
96. 0
97. 0
98. 0
99. 2
100. 0
101. 2
102. 2
103. 2
104. 0
105. 0
106. 0
107. 0
108. 0
109. 0
110. 2
111. 3
112. 0
113. 0
114. 0
115. 0
116. 0
117. 3
118. 0
119. 4
120. 2
121. 0
122. 2
123. 4
124. 0
125. 0
126. 0
127. 2
128. 0
129. 2
130. 5
131. 0
132. 0
133. 2
134. 2
135. 2
136. 2
137. 2
138. 0
139. 0
140. 0
141. 3
142. 0
143. 0
144. 0
145. 2
146. 0
147. 0
148. 0
149. 2
150. 4
151. 0
152. 0
153. 2
154. 0
155. 0
156. 3
157. 0
158. 2
159. 0
160. 8
161. 0
162. 4
163. 3
164. 0
165. 3
166. 0
167. 2
168. 0
169. 0
170. 3
171. 2
172. 0
173. 0
174. 3
175. 0
176. 2
177. 4
178. 0
179. 3
180. 0
181. 0
182. 0
183. 0
184. 0
185. 0
186. 0
187. 2
188. 0
189. 2
190. 0
191. 0
192. 0
193. 3
194. 0
195. 3
196. 2
197. 2
198. 0
199. 3
200. 4