5399.txt
1. 4
2. 7
3. 2
4. 3
5. 4
6. 1
7. 2
8. 1
9. 1
10. 5
11. 2
12. 4
13. 1
14. 2
15. 3
16. 1
17. 2
18. 3
19. 2
20. 1
21. 3
22. 2
23. 1
24. 2
25. 3
26. 2
27. 3
28. 3
29. 4
30. 2
31. 1
32. 2
33. 2
34. 1
35. 2
36. 2
37. 2
38. 3
39. 2
40. 3
41. 3
42. 1
43. 3
44. 2
45. 2
46. 3
47. 1
48. 2
49. 3
50. 2
51. 4
52. 2
53. 2
54. 3
55. 2
56. 2
57. 1
58. 5
59. 1
60. 2
61. 2
62. 2
63. 1
64. 3
65. 1
66. 4
67. 2
68. 5
69. 1
70. 2
71. 1
72. 1
73. 2
74. 1
75. 1
76. 4
77. 2
78. 4
79. 1
80. 2
81. 2
82. 2
83. 4
84. 3
85. 3
86. 6
87. 2
88. 3
89. 2
90. 1
91. 2
92. 2
93. 2
94. 3
95. 3
96. 2
97. 1
98. 2
99. 1
100. 2
101. 1
102. 3
103. 1
104. 1
105. 2
106. 1
107. 3
108. 1
109. 2
110. 3
111. 3
112. 2
113. 2
114. 2
115. 1
116. 2
117. 2
118. 3
119. 1
120. 2
121. 2
122. 1
123. 3
124. 1
125. 2
126. 2
127. 2
128. 2
129. 3
130. 1
131. 1
132. 2
133. 2
134. 2
135. 2
136. 2
137. 1
138. 1
139. 2
140. 3
141. 2
142. 1
143. 3
144. 4
145. 2
146. 2
147. 3
148. 1
149. 3
150. 3
151. 2
152. 2
153. 3
154. 2
155. 2
156. 2
157. 1
158. 2
159. 1
160. 2
161. 3
162. 2
163. 2
164. 2
165. 2
166. 2
167. 1
168. 3
169. 2
170. 4
171. 1
172. 1
173. 1
174. 2
175. 3
176. 4
177. 1
178. 1
179. 3
180. 2
181. 2
182. 1
183. 3
184. 2
185. 2
186. 2
187. 5
188. 1
189. 2
190. 3
191. 3
192. 2
193. 2
194. 2
195. 1
196. 2
197. 2
198. 4
199. 1
200. 1