5402.txt
1. 2
2. 1
3. 1
4. 1
5. 2
6. 1
7. 1
8. 1
9. 7
10. 2
11. 1
12. 1
13. 3
14. 4
15. 2
16. 2
17. 3
18. 2
19. 4
20. 3
21. 1
22. 2
23. 4
24. 3
25. 1
26. 1
27. 2
28. 2
29. 1
30. 1
31. 1
32. 1
33. 2
34. 3
35. 2
36. 2
37. 1
38. 3
39. 3
40. 3
41. 6
42. 4
43. 3
44. 2
45. 3
46. 5
47. 2
48. 3
49. 2
50. 1
51. 4
52. 4
53. 3
54. 5
55. 3
56. 1
57. 2
58. 1
59. 3
60. 1
61. 2
62. 2
63. 1
64. 4
65. 3
66. 2
67. 5
68. 2
69. 1
70. 2
71. 2
72. 2
73. 2
74. 2
75. 2
76. 1
77. 3
78. 1
79. 2
80. 2
81. 3
82. 2
83. 2
84. 2
85. 3
86. 3
87. 2
88. 2
89. 4
90. 2
91. 2
92. 1
93. 2
94. 2
95. 1
96. 2
97. 2
98. 2
99. 3
100. 2
101. 4
102. 2
103. 4
104. 2
105. 2
106. 3
107. 1
108. 3
109. 3
110. 2
111. 5
112. 2
113. 2
114. 3
115. 3
116. 2
117. 2
118. 3
119. 2
120. 2
121. 3
122. 1
123. 1
124. 2
125. 1
126. 2
127. 3
128. 1
129. 3
130. 2
131. 3
132. 2
133. 2
134. 1
135. 1
136. 2
137. 4
138. 3
139. 2
140. 2
141. 1
142. 2
143. 3
144. 3
145. 4
146. 1
147. 2
148. 2
149. 2
150. 1
151. 2
152. 2
153. 2
154. 2
155. 2
156. 2
157. 3
158. 3
159. 2
160. 2
161. 3
162. 1
163. 3
164. 1
165. 2
166. 2
167. 2
168. 2
169. 1
170. 2
171. 3
172. 2
173. 1
174. 1
175. 3
176. 3
177. 3
178. 2
179. 1
180. 2
181. 2
182. 2
183. 1
184. 2
185. 2
186. 1
187. 3
188. 2
189. 2
190. 2
191. 2
192. 2
193. 2
194. 2
195. 2
196. 6
197. 3
198. 2
199. 4
200. 3