5403.txt
1. 3
2. 0
3. 0
4. 0
5. 2
6. 3
7. 1
8. 0
9. 1
10. 3
11. 0
12. 0
13. 2
14. 2
15. 1
16. 1
17. 0
18. 7
19. 0
20. 0
21. 0
22. 1
23. 3
24. 2
25. 0
26. 4
27. 4
28. 1
29. 1
30. 0
31. 4
32. 0
33. 1
34. 0
35. 3
36. 0
37. 1
38. 1
39. 0
40. 2
41. 1
42. 1
43. 2
44. 0
45. 2
46. 2
47. 1
48. 1
49. 2
50. 7
51. 2
52. 0
53. 0
54. 0
55. 0
56. 2
57. 0
58. 0
59. 0
60. 3
61. 0
62. 0
63. 0
64. 0
65. 0
66. 0
67. 2
68. 0
69. 1
70. 5
71. 0
72. 2
73. 0
74. 0
75. 3
76. 0
77. 0
78. 0
79. 0
80. 2
81. 0
82. 1
83. 2
84. 1
85. 0
86. 2
87. 0
88. 3
89. 2
90. 4
91. 2
92. 5
93. 3
94. 0
95. 4
96. 0
97. 1
98. 0
99. 0
100. 3
101. 0
102. 1
103. 2
104. 0
105. 6
106. 1
107. 2
108. 0
109. 2
110. 0
111. 0
112. 0
113. 2
114. 2
115. 0
116. 0
117. 0
118. 3
119. 0
120. 0
121. 0
122. 2
123. 0
124. 1
125. 4
126. 4
127. 0
128. 1
129. 2
130. 2
131. 3
132. 0
133. 2
134. 6
135. 0
136. 1
137. 3
138. 1
139. 1
140. 5
141. 1
142. 0
143. 0
144. 0
145. 3
146. 0
147. 1
148. 2
149. 0
150. 2
151. 0
152. 3
153. 0
154. 0
155. 0
156. 1
157. 0
158. 0
159. 0
160. 2
161. 0
162. 2
163. 0
164. 1
165. 2
166. 0
167. 0
168. 3
169. 2
170. 0
171. 2
172. 0
173. 2
174. 0
175. 1
176. 2
177. 3
178. 2
179. 0
180. 3
181. 2
182. 1
183. 0
184. 1
185. 6
186. 0
187. 2
188. 2
189. 2
190. 0
191. 0
192. 0
193. 0
194. 0
195. 0
196. 0
197. 1
198. 1
199. 1
200. 0