5428.txt
1. 2
2. 1
3. 2
4. 3
5. 1
6. 5
7. 2
8. 2
9. 1
10. 2
11. 1
12. 1
13. 3
14. 2
15. 2
16. 3
17. 2
18. 3
19. 7
20. 2
21. 3
22. 2
23. 1
24. 3
25. 8
26. 2
27. 1
28. 2
29. 2
30. 7
31. 1
32. 3
33. 2
34. 1
35. 6
36. 2
37. 2
38. 2
39. 2
40. 2
41. 4
42. 4
43. 3
44. 2
45. 2
46. 4
47. 4
48. 1
49. 4
50. 2
51. 2
52. 6
53. 3
54. 2
55. 2
56. 2
57. 2
58. 4
59. 4
60. 1
61. 2
62. 2
63. 2
64. 2
65. 3
66. 2
67. 3
68. 1
69. 4
70. 2
71. 2
72. 2
73. 2
74. 3
75. 1
76. 2
77. 1
78. 2
79. 1
80. 3
81. 1
82. 2
83. 3
84. 3
85. 2
86. 1
87. 2
88. 1
89. 1
90. 2
91. 2
92. 3
93. 2
94. 3
95. 2
96. 4
97. 2
98. 2
99. 4
100. 3
101. 4
102. 3
103. 2
104. 3
105. 2
106. 2
107. 2
108. 2
109. 4
110. 3
111. 2
112. 3
113. 2
114. 5
115. 2
116. 3
117. 2
118. 3
119. 2
120. 5
121. 2
122. 3
123. 3
124. 2
125. 1
126. 4
127. 1
128. 4
129. 3
130. 2
131. 2
132. 1
133. 1
134. 4
135. 2
136. 1
137. 3
138. 2
139. 2
140. 1
141. 2
142. 2
143. 2
144. 3
145. 2
146. 3
147. 2
148. 2
149. 3
150. 2
151. 3
152. 3
153. 3
154. 2
155. 1
156. 1
157. 3
158. 3
159. 2
160. 2
161. 3
162. 3
163. 2
164. 3
165. 4
166. 3
167. 1
168. 3
169. 2
170. 2
171. 2
172. 4
173. 2
174. 4
175. 2
176. 2
177. 3
178. 4
179. 1
180. 3
181. 5
182. 2
183. 2
184. 2
185. 2
186. 2
187. 2
188. 3
189. 3
190. 2
191. 4
192. 2
193. 1
194. 2
195. 2
196. 3
197. 1
198. 2
199. 4
200. 2