5430.txt
1. 2
2. 1
3. 4
4. 1
5. 4
6. 3
7. 7
8. 3
9. 1
10. 4
11. 4
12. 2
13. 2
14. 1
15. 3
16. 2
17. 4
18. 2
19. 7
20. 3
21. 6
22. 1
23. 5
24. 2
25. 3
26. 1
27. 3
28. 2
29. 2
30. 1
31. 3
32. 3
33. 2
34. 2
35. 4
36. 3
37. 4
38. 4
39. 2
40. 2
41. 5
42. 2
43. 5
44. 2
45. 3
46. 2
47. 3
48. 1
49. 4
50. 2
51. 2
52. 5
53. 3
54. 3
55. 5
56. 1
57. 6
58. 5
59. 3
60. 2
61. 5
62. 4
63. 2
64. 2
65. 3
66. 2
67. 3
68. 1
69. 2
70. 4
71. 3
72. 2
73. 2
74. 1
75. 3
76. 2
77. 3
78. 5
79. 6
80. 3
81. 2
82. 4
83. 4
84. 4
85. 1
86. 2
87. 2
88. 2
89. 3
90. 4
91. 3
92. 2
93. 2
94. 2
95. 4
96. 2
97. 2
98. 4
99. 3
100. 3
101. 4
102. 3
103. 2
104. 4
105. 3
106. 4
107. 3
108. 3
109. 3
110. 2
111. 2
112. 1
113. 2
114. 2
115. 2
116. 2
117. 3
118. 2
119. 3
120. 2
121. 4
122. 2
123. 2
124. 6
125. 3
126. 2
127. 3
128. 1
129. 3
130. 4
131. 4
132. 2
133. 3
134. 2
135. 2
136. 2
137. 3
138. 1
139. 3
140. 1
141. 2
142. 3
143. 2
144. 2
145. 3
146. 3
147. 3
148. 2
149. 1
150. 3
151. 2
152. 2
153. 2
154. 1
155. 2
156. 4
157. 3
158. 2
159. 3
160. 3
161. 3
162. 2
163. 3
164. 3
165. 3
166. 2
167. 2
168. 3
169. 2
170. 4
171. 2
172. 3
173. 2
174. 3
175. 5
176. 3
177. 2
178. 4
179. 2
180. 2
181. 2
182. 4
183. 1
184. 2
185. 3
186. 2
187. 3
188. 3
189. 4
190. 2
191. 5
192. 2
193. 3
194. 3
195. 3
196. 3
197. 2
198. 4
199. 3
200. 3