5451.txt
1. 4
2. 1
3. 4
4. 0
5. 3
6. 0
7. 3
8. 3
9. 0
10. 0
11. 2
12. 1
13. 0
14. 4
15. 4
16. 2
17. 0
18. 4
19. 3
20. 1
21. 4
22. 3
23. 2
24. 1
25. 2
26. 1
27. 4
28. 3
29. 2
30. 5
31. 2
32. 2
33. 1
34. 4
35. 2
36. 2
37. 1
38. 2
39. 0
40. 4
41. 2
42. 0
43. 1
44. 1
45. 2
46. 2
47. 2
48. 3
49. 2
50. 0
51. 0
52. 7
53. 1
54. 1
55. 1
56. 0
57. 0
58. 3
59. 2
60. 2
61. 0
62. 2
63. 2
64. 0
65. 0
66. 6
67. 1
68. 0
69. 0
70. 3
71. 3
72. 2
73. 2
74. 0
75. 3
76. 5
77. 2
78. 0
79. 2
80. 2
81. 2
82. 3
83. 4
84. 0
85. 0
86. 2
87. 0
88. 2
89. 0
90. 2
91. 2
92. 2
93. 3
94. 6
95. 2
96. 2
97. 2
98. 2
99. 3
100. 1
101. 2
102. 2
103. 1
104. 2
105. 2
106. 1
107. 3
108. 2
109. 5
110. 1
111. 6
112. 0
113. 1
114. 0
115. 2
116. 0
117. 1
118. 1
119. 3
120. 3
121. 1
122. 2
123. 0
124. 1
125. 1
126. 3
127. 3
128. 3
129. 2
130. 3
131. 1
132. 0
133. 0
134. 2
135. 1
136. 3
137. 2
138. 4
139. 2
140. 1
141. 2
142. 2
143. 4
144. 2
145. 1
146. 4
147. 2
148. 2
149. 2
150. 3
151. 2
152. 0
153. 3
154. 2
155. 1
156. 1
157. 2
158. 2
159. 2
160. 1
161. 0
162. 3
163. 0
164. 2
165. 2
166. 1
167. 2
168. 2
169. 1
170. 2
171. 1
172. 3
173. 1
174. 2
175. 0
176. 2
177. 1
178. 2
179. 2
180. 4
181. 1
182. 1
183. 2
184. 0
185. 3
186. 0
187. 1
188. 2
189. 2
190. 0
191. 2
192. 0
193. 1
194. 3
195. 2
196. 4
197. 2
198. 4
199. 8
200. 3