5452.txt
1. 2
2. 3
3. 1
4. 3
5. 2
6. 4
7. 2
8. 1
9. 3
10. 3
11. 1
12. 8
13. 4
14. 1
15. 2
16. 2
17. 1
18. 1
19. 2
20. 4
21. 4
22. 1
23. 3
24. 2
25. 1
26. 3
27. 1
28. 2
29. 2
30. 4
31. 2
32. 3
33. 4
34. 1
35. 5
36. 3
37. 1
38. 1
39. 2
40. 4
41. 3
42. 1
43. 6
44. 2
45. 2
46. 1
47. 7
48. 2
49. 3
50. 2
51. 1
52. 2
53. 2
54. 3
55. 2
56. 3
57. 2
58. 2
59. 2
60. 2
61. 1
62. 2
63. 3
64. 2
65. 3
66. 1
67. 2
68. 1
69. 5
70. 3
71. 3
72. 2
73. 3
74. 1
75. 3
76. 3
77. 3
78. 2
79. 3
80. 2
81. 8
82. 2
83. 6
84. 1
85. 5
86. 1
87. 2
88. 6
89. 2
90. 3
91. 2
92. 3
93. 1
94. 1
95. 2
96. 2
97. 3
98. 4
99. 2
100. 2
101. 5
102. 2
103. 2
104. 2
105. 1
106. 3
107. 1
108. 3
109. 3
110. 2
111. 3
112. 2
113. 2
114. 2
115. 3
116. 3
117. 4
118. 2
119. 4
120. 2
121. 4
122. 2
123. 1
124. 3
125. 3
126. 2
127. 2
128. 4
129. 3
130. 2
131. 1
132. 5
133. 1
134. 3
135. 1
136. 3
137. 1
138. 1
139. 2
140. 4
141. 3
142. 1
143. 4
144. 2
145. 4
146. 1
147. 2
148. 4
149. 2
150. 2
151. 3
152. 4
153. 3
154. 2
155. 4
156. 3
157. 3
158. 1
159. 2
160. 4
161. 2
162. 2
163. 3
164. 2
165. 3
166. 2
167. 3
168. 3
169. 4
170. 2
171. 1
172. 3
173. 2
174. 2
175. 3
176. 7
177. 2
178. 1
179. 4
180. 1
181. 2
182. 2
183. 1
184. 4
185. 2
186. 2
187. 3
188. 2
189. 2
190. 3
191. 5
192. 2
193. 2
194. 1
195. 4
196. 1
197. 2
198. 2
199. 3
200. 2