5457.txt
1. 4
2. 2
3. 5
4. 1
5. 2
6. 2
7. 2
8. 1
9. 1
10. 3
11. 1
12. 3
13. 6
14. 2
15. 4
16. 3
17. 2
18. 5
19. 4
20. 2
21. 4
22. 5
23. 1
24. 3
25. 2
26. 4
27. 1
28. 3
29. 2
30. 2
31. 3
32. 2
33. 3
34. 2
35. 1
36. 2
37. 8
38. 2
39. 2
40. 2
41. 3
42. 1
43. 2
44. 4
45. 1
46. 2
47. 2
48. 3
49. 2
50. 1
51. 2
52. 2
53. 2
54. 2
55. 4
56. 2
57. 3
58. 4
59. 2
60. 3
61. 1
62. 1
63. 2
64. 3
65. 4
66. 3
67. 3
68. 4
69. 2
70. 4
71. 2
72. 2
73. 4
74. 2
75. 2
76. 1
77. 4
78. 2
79. 4
80. 3
81. 3
82. 2
83. 2
84. 2
85. 2
86. 3
87. 2
88. 4
89. 3
90. 5
91. 3
92. 2
93. 3
94. 3
95. 3
96. 2
97. 2
98. 3
99. 2
100. 2
101. 1
102. 1
103. 2
104. 3
105. 2
106. 2
107. 2
108. 2
109. 2
110. 3
111. 2
112. 2
113. 2
114. 2
115. 3
116. 3
117. 2
118. 3
119. 2
120. 1
121. 3
122. 2
123. 3
124. 2
125. 2
126. 1
127. 3
128. 2
129. 2
130. 3
131. 5
132. 5
133. 4
134. 2
135. 3
136. 2
137. 1
138. 1
139. 2
140. 2
141. 2
142. 2
143. 2
144. 2
145. 3
146. 2
147. 2
148. 2
149. 4
150. 2
151. 3
152. 3
153. 2
154. 5
155. 2
156. 2
157. 3
158. 2
159. 2
160. 2
161. 3
162. 3
163. 3
164. 2
165. 2
166. 2
167. 1
168. 2
169. 2
170. 2
171. 1
172. 3
173. 3
174. 2
175. 2
176. 3
177. 2
178. 3
179. 2
180. 2
181. 3
182. 2
183. 4
184. 3
185. 2
186. 3
187. 3
188. 4
189. 2
190. 3
191. 2
192. 2
193. 4
194. 2
195. 3
196. 2
197. 1
198. 2
199. 2
200. 2