5461.txt
1. 2
2. 1
3. 4
4. 3
5. 4
6. 3
7. 3
8. 2
9. 1
10. 2
11. 2
12. 2
13. 3
14. 5
15. 2
16. 6
17. 3
18. 2
19. 1
20. 2
21. 2
22. 3
23. 3
24. 3
25. 2
26. 3
27. 7
28. 2
29. 3
30. 4
31. 3
32. 2
33. 1
34. 1
35. 2
36. 2
37. 3
38. 1
39. 3
40. 3
41. 2
42. 4
43. 4
44. 3
45. 5
46. 2
47. 1
48. 3
49. 2
50. 2
51. 1
52. 2
53. 1
54. 7
55. 3
56. 4
57. 1
58. 4
59. 2
60. 1
61. 2
62. 3
63. 1
64. 3
65. 2
66. 3
67. 3
68. 1
69. 4
70. 2
71. 2
72. 1
73. 6
74. 4
75. 2
76. 2
77. 6
78. 2
79. 4
80. 3
81. 3
82. 4
83. 2
84. 1
85. 2
86. 3
87. 2
88. 3
89. 2
90. 1
91. 2
92. 3
93. 2
94. 3
95. 2
96. 2
97. 3
98. 2
99. 3
100. 2
101. 6
102. 3
103. 5
104. 3
105. 2
106. 4
107. 1
108. 5
109. 2
110. 2
111. 3
112. 3
113. 2
114. 3
115. 3
116. 3
117. 2
118. 1
119. 3
120. 3
121. 2
122. 3
123. 3
124. 2
125. 2
126. 3
127. 2
128. 2
129. 4
130. 4
131. 3
132. 2
133. 4
134. 2
135. 2
136. 2
137. 3
138. 2
139. 3
140. 2
141. 2
142. 4
143. 3
144. 2
145. 1
146. 3
147. 3
148. 3
149. 3
150. 3
151. 2
152. 3
153. 4
154. 2
155. 4
156. 3
157. 3
158. 2
159. 1
160. 3
161. 3
162. 2
163. 3
164. 2
165. 2
166. 3
167. 2
168. 4
169. 3
170. 1
171. 4
172. 3
173. 3
174. 3
175. 2
176. 3
177. 2
178. 1
179. 2
180. 4
181. 2
182. 4
183. 3
184. 6
185. 3
186. 2
187. 3
188. 3
189. 3
190. 3
191. 3
192. 3
193. 1
194. 2
195. 3
196. 2
197. 3
198. 2
199. 2
200. 3