5469.txt
1. 7
2. 2
3. 1
4. 1
5. 6
6. 2
7. 3
8. 2
9. 2
10. 2
11. 3
12. 1
13. 2
14. 1
15. 3
16. 2
17. 2
18. 2
19. 3
20. 1
21. 2
22. 3
23. 2
24. 3
25. 4
26. 2
27. 3
28. 3
29. 4
30. 2
31. 2
32. 1
33. 3
34. 1
35. 2
36. 1
37. 3
38. 2
39. 2
40. 1
41. 1
42. 4
43. 2
44. 3
45. 3
46. 6
47. 1
48. 2
49. 3
50. 2
51. 2
52. 1
53. 4
54. 4
55. 2
56. 1
57. 2
58. 2
59. 3
60. 1
61. 1
62. 3
63. 2
64. 3
65. 2
66. 1
67. 2
68. 2
69. 2
70. 2
71. 2
72. 2
73. 3
74. 2
75. 1
76. 3
77. 2
78. 4
79. 2
80. 2
81. 6
82. 5
83. 3
84. 2
85. 2
86. 2
87. 2
88. 3
89. 2
90. 2
91. 1
92. 1
93. 3
94. 4
95. 3
96. 2
97. 1
98. 1
99. 3
100. 4
101. 2
102. 2
103. 1
104. 2
105. 2
106. 3
107. 1
108. 1
109. 2
110. 4
111. 4
112. 1
113. 3
114. 2
115. 2
116. 2
117. 1
118. 2
119. 2
120. 6
121. 2
122. 2
123. 2
124. 3
125. 1
126. 2
127. 2
128. 1
129. 2
130. 2
131. 1
132. 4
133. 1
134. 3
135. 4
136. 1
137. 1
138. 2
139. 3
140. 2
141. 3
142. 3
143. 4
144. 3
145. 2
146. 2
147. 2
148. 2
149. 2
150. 3
151. 3
152. 1
153. 4
154. 1
155. 2
156. 3
157. 3
158. 2
159. 1
160. 1
161. 1
162. 2
163. 2
164. 3
165. 2
166. 2
167. 2
168. 3
169. 1
170. 3
171. 2
172. 1
173. 3
174. 3
175. 2
176. 1
177. 3
178. 3
179. 2
180. 2
181. 2
182. 2
183. 2
184. 1
185. 2
186. 2
187. 2
188. 1
189. 2
190. 1
191. 1
192. 2
193. 2
194. 4
195. 2
196. 2
197. 3
198. 2
199. 4
200. 2