5477.txt
1. 3
2. 1
3. 4
4. 0
5. 2
6. 1
7. 7
8. 1
9. 4
10. 0
11. 1
12. 3
13. 4
14. 1
15. 1
16. 2
17. 7
18. 3
19. 2
20. 2
21. 4
22. 1
23. 2
24. 2
25. 3
26. 2
27. 5
28. 4
29. 2
30. 6
31. 2
32. 4
33. 6
34. 1
35. 5
36. 4
37. 2
38. 2
39. 2
40. 3
41. 2
42. 3
43. 1
44. 3
45. 1
46. 3
47. 3
48. 2
49. 2
50. 1
51. 1
52. 2
53. 4
54. 5
55. 1
56. 2
57. 2
58. 3
59. 2
60. 2
61. 2
62. 1
63. 2
64. 3
65. 6
66. 2
67. 4
68. 2
69. 2
70. 1
71. 3
72. 2
73. 1
74. 1
75. 3
76. 1
77. 4
78. 1
79. 3
80. 2
81. 3
82. 3
83. 1
84. 7
85. 4
86. 6
87. 3
88. 1
89. 3
90. 4
91. 3
92. 2
93. 4
94. 2
95. 2
96. 2
97. 2
98. 3
99. 3
100. 4
101. 3
102. 2
103. 5
104. 1
105. 1
106. 4
107. 4
108. 2
109. 3
110. 1
111. 3
112. 2
113. 2
114. 5
115. 3
116. 3
117. 2
118. 1
119. 3
120. 2
121. 2
122. 2
123. 1
124. 2
125. 2
126. 1
127. 3
128. 2
129. 2
130. 3
131. 6
132. 2
133. 2
134. 3
135. 1
136. 2
137. 3
138. 3
139. 3
140. 2
141. 2
142. 3
143. 5
144. 3
145. 2
146. 2
147. 3
148. 2
149. 3
150. 4
151. 1
152. 3
153. 3
154. 2
155. 2
156. 2
157. 3
158. 2
159. 2
160. 1
161. 3
162. 2
163. 3
164. 2
165. 2
166. 3
167. 3
168. 4
169. 3
170. 2
171. 2
172. 2
173. 4
174. 2
175. 2
176. 3
177. 2
178. 4
179. 1
180. 2
181. 2
182. 7
183. 5
184. 3
185. 3
186. 3
187. 1
188. 2
189. 2
190. 2
191. 1
192. 3
193. 7
194. 2
195. 2
196. 1
197. 5
198. 2
199. 2
200. 1