548.txt
1. 2
2. 1
3. 2
4. 1
5. 4
6. 2
7. 3
8. 2
9. 3
10. 3
11. 4
12. 2
13. 1
14. 2
15. 2
16. 4
17. 2
18. 3
19. 3
20. 2
21. 5
22. 3
23. 2
24. 2
25. 3
26. 1
27. 7
28. 3
29. 4
30. 2
31. 2
32. 4
33. 3
34. 4
35. 2
36. 3
37. 2
38. 2
39. 5
40. 1
41. 3
42. 2
43. 4
44. 2
45. 3
46. 3
47. 3
48. 3
49. 2
50. 2
51. 3
52. 2
53. 3
54. 5
55. 3
56. 2
57. 2
58. 3
59. 2
60. 4
61. 3
62. 2
63. 2
64. 3
65. 2
66. 3
67. 2
68. 5
69. 4
70. 3
71. 3
72. 2
73. 3
74. 3
75. 4
76. 2
77. 3
78. 4
79. 2
80. 3
81. 2
82. 2
83. 2
84. 2
85. 3
86. 2
87. 2
88. 2
89. 3
90. 2
91. 3
92. 6
93. 4
94. 2
95. 3
96. 5
97. 2
98. 3
99. 2
100. 4
101. 1
102. 3
103. 3
104. 2
105. 2
106. 2
107. 4
108. 2
109. 2
110. 3
111. 3
112. 2
113. 6
114. 3
115. 3
116. 2
117. 4
118. 4
119. 3
120. 2
121. 4
122. 1
123. 2
124. 2
125. 2
126. 2
127. 3
128. 2
129. 3
130. 2
131. 3
132. 2
133. 2
134. 3
135. 2
136. 2
137. 3
138. 3
139. 3
140. 2
141. 2
142. 3
143. 2
144. 3
145. 3
146. 2
147. 2
148. 3
149. 3
150. 5
151. 2
152. 2
153. 2
154. 2
155. 3
156. 2
157. 1
158. 2
159. 2
160. 2
161. 3
162. 2
163. 3
164. 3
165. 2
166. 1
167. 2
168. 3
169. 3
170. 2
171. 2
172. 2
173. 2
174. 3
175. 2
176. 3
177. 5
178. 2
179. 1
180. 2
181. 4
182. 3
183. 3
184. 2
185. 3
186. 3
187. 3
188. 2
189. 7
190. 3
191. 2
192. 3
193. 4
194. 3
195. 2
196. 2
197. 2
198. 2
199. 1
200. 3