5481.txt
1. 7
2. 3
3. 1
4. 2
5. 3
6. 2
7. 8
8. 3
9. 4
10. 4
11. 1
12. 3
13. 1
14. 2
15. 6
16. 3
17. 4
18. 2
19. 3
20. 2
21. 1
22. 3
23. 1
24. 2
25. 5
26. 2
27. 1
28. 2
29. 5
30. 2
31. 2
32. 2
33. 2
34. 4
35. 2
36. 3
37. 6
38. 2
39. 3
40. 1
41. 2
42. 3
43. 1
44. 1
45. 5
46. 2
47. 3
48. 4
49. 1
50. 1
51. 3
52. 4
53. 3
54. 1
55. 7
56. 3
57. 3
58. 2
59. 2
60. 2
61. 2
62. 3
63. 4
64. 2
65. 4
66. 3
67. 2
68. 3
69. 5
70. 2
71. 2
72. 3
73. 6
74. 3
75. 3
76. 3
77. 3
78. 2
79. 3
80. 3
81. 1
82. 5
83. 1
84. 3
85. 1
86. 2
87. 3
88. 6
89. 4
90. 4
91. 2
92. 2
93. 4
94. 1
95. 2
96. 2
97. 5
98. 2
99. 3
100. 2
101. 1
102. 2
103. 3
104. 3
105. 2
106. 2
107. 2
108. 2
109. 3
110. 3
111. 3
112. 2
113. 3
114. 1
115. 2
116. 3
117. 3
118. 2
119. 3
120. 2
121. 5
122. 2
123. 4
124. 2
125. 1
126. 2
127. 3
128. 3
129. 2
130. 2
131. 6
132. 4
133. 1
134. 1
135. 2
136. 3
137. 1
138. 2
139. 2
140. 5
141. 2
142. 5
143. 2
144. 4
145. 4
146. 2
147. 3
148. 3
149. 3
150. 2
151. 4
152. 3
153. 2
154. 2
155. 3
156. 4
157. 1
158. 3
159. 2
160. 3
161. 2
162. 3
163. 1
164. 2
165. 1
166. 3
167. 4
168. 3
169. 3
170. 3
171. 2
172. 2
173. 4
174. 4
175. 2
176. 2
177. 3
178. 2
179. 3
180. 2
181. 2
182. 2
183. 1
184. 2
185. 2
186. 3
187. 4
188. 2
189. 3
190. 2
191. 4
192. 2
193. 3
194. 3
195. 2
196. 3
197. 2
198. 1
199. 3
200. 8