5495.txt
1. 0
2. 4
3. 2
4. 1
5. 4
6. 2
7. 1
8. 4
9. 7
10. 2
11. 1
12. 1
13. 1
14. 1
15. 1
16. 1
17. 3
18. 3
19. 4
20. 1
21. 3
22. 2
23. 2
24. 2
25. 1
26. 1
27. 2
28. 2
29. 2
30. 1
31. 1
32. 1
33. 2
34. 2
35. 4
36. 1
37. 8
38. 1
39. 4
40. 2
41. 1
42. 1
43. 2
44. 2
45. 2
46. 1
47. 2
48. 7
49. 1
50. 2
51. 2
52. 1
53. 1
54. 3
55. 2
56. 3
57. 2
58. 1
59. 3
60. 2
61. 1
62. 2
63. 1
64. 2
65. 2
66. 1
67. 1
68. 1
69. 1
70. 1
71. 2
72. 3
73. 3
74. 2
75. 1
76. 1
77. 2
78. 3
79. 2
80. 2
81. 1
82. 2
83. 1
84. 2
85. 1
86. 1
87. 2
88. 2
89. 2
90. 2
91. 2
92. 1
93. 3
94. 2
95. 1
96. 1
97. 2
98. 2
99. 3
100. 1
101. 7
102. 2
103. 3
104. 1
105. 3
106. 2
107. 2
108. 1
109. 2
110. 1
111. 2
112. 1
113. 3
114. 2
115. 1
116. 1
117. 1
118. 1
119. 1
120. 2
121. 1
122. 1
123. 1
124. 1
125. 2
126. 2
127. 1
128. 2
129. 1
130. 2
131. 2
132. 1
133. 6
134. 1
135. 2
136. 2
137. 2
138. 2
139. 2
140. 2
141. 3
142. 1
143. 2
144. 3
145. 1
146. 2
147. 2
148. 2
149. 3
150. 3
151. 3
152. 1
153. 4
154. 1
155. 1
156. 2
157. 1
158. 2
159. 2
160. 3
161. 2
162. 4
163. 2
164. 3
165. 8
166. 5
167. 1
168. 1
169. 1
170. 6
171. 1
172. 2
173. 1
174. 2
175. 2
176. 2
177. 2
178. 1
179. 1
180. 2
181. 1
182. 2
183. 1
184. 4
185. 2
186. 3
187. 1
188. 3
189. 4
190. 1
191. 2
192. 2
193. 2
194. 6
195. 2
196. 1
197. 3
198. 2
199. 1
200. 1