5505.txt
1. 3
2. 2
3. 1
4. 3
5. 4
6. 2
7. 1
8. 2
9. 5
10. 2
11. 1
12. 2
13. 2
14. 4
15. 1
16. 2
17. 4
18. 2
19. 3
20. 6
21. 2
22. 1
23. 2
24. 3
25. 1
26. 5
27. 2
28. 3
29. 2
30. 3
31. 4
32. 2
33. 1
34. 2
35. 1
36. 1
37. 2
38. 5
39. 2
40. 2
41. 3
42. 5
43. 1
44. 6
45. 2
46. 4
47. 5
48. 2
49. 3
50. 2
51. 3
52. 1
53. 4
54. 3
55. 2
56. 3
57. 2
58. 2
59. 2
60. 3
61. 2
62. 1
63. 3
64. 4
65. 3
66. 3
67. 1
68. 2
69. 2
70. 1
71. 1
72. 3
73. 2
74. 4
75. 4
76. 3
77. 4
78. 3
79. 1
80. 2
81. 2
82. 2
83. 3
84. 1
85. 3
86. 2
87. 3
88. 3
89. 3
90. 2
91. 2
92. 1
93. 2
94. 2
95. 2
96. 1
97. 2
98. 2
99. 5
100. 2
101. 3
102. 2
103. 1
104. 3
105. 2
106. 1
107. 4
108. 3
109. 1
110. 3
111. 3
112. 2
113. 2
114. 2
115. 2
116. 3
117. 3
118. 5
119. 2
120. 2
121. 3
122. 3
123. 5
124. 3
125. 2
126. 4
127. 2
128. 1
129. 2
130. 5
131. 2
132. 3
133. 2
134. 2
135. 2
136. 3
137. 2
138. 2
139. 2
140. 2
141. 2
142. 2
143. 2
144. 4
145. 2
146. 2
147. 2
148. 1
149. 2
150. 4
151. 1
152. 3
153. 2
154. 4
155. 3
156. 3
157. 4
158. 3
159. 2
160. 2
161. 2
162. 5
163. 1
164. 2
165. 2
166. 2
167. 1
168. 4
169. 4
170. 2
171. 3
172. 4
173. 1
174. 2
175. 4
176. 3
177. 2
178. 2
179. 3
180. 2
181. 3
182. 2
183. 4
184. 5
185. 5
186. 2
187. 4
188. 2
189. 2
190. 3
191. 2
192. 2
193. 5
194. 2
195. 2
196. 3
197. 2
198. 1
199. 4
200. 3