5512.txt
1. 0
2. 1
3. 2
4. 6
5. 0
6. 1
7. 3
8. 3
9. 0
10. 7
11. 2
12. 2
13. 0
14. 2
15. 1
16. 1
17. 0
18. 3
19. 4
20. 2
21. 5
22. 2
23. 1
24. 0
25. 0
26. 1
27. 1
28. 2
29. 1
30. 3
31. 2
32. 1
33. 3
34. 0
35. 3
36. 1
37. 1
38. 1
39. 3
40. 0
41. 0
42. 1
43. 1
44. 2
45. 3
46. 5
47. 1
48. 0
49. 1
50. 4
51. 3
52. 1
53. 1
54. 2
55. 2
56. 0
57. 2
58. 1
59. 1
60. 0
61. 0
62. 3
63. 1
64. 2
65. 3
66. 3
67. 1
68. 0
69. 2
70. 1
71. 2
72. 1
73. 1
74. 4
75. 0
76. 2
77. 3
78. 2
79. 0
80. 2
81. 5
82. 1
83. 4
84. 4
85. 2
86. 1
87. 1
88. 2
89. 2
90. 3
91. 0
92. 2
93. 4
94. 1
95. 1
96. 1
97. 1
98. 2
99. 3
100. 1
101. 1
102. 1
103. 1
104. 5
105. 2
106. 2
107. 2
108. 5
109. 2
110. 8
111. 3
112. 2
113. 3
114. 4
115. 2
116. 2
117. 2
118. 2
119. 0
120. 2
121. 3
122. 1
123. 4
124. 1
125. 1
126. 1
127. 1
128. 7
129. 4
130. 4
131. 1
132. 2
133. 2
134. 3
135. 2
136. 2
137. 0
138. 3
139. 1
140. 2
141. 2
142. 1
143. 2
144. 2
145. 3
146. 0
147. 2
148. 3
149. 2
150. 2
151. 1
152. 1
153. 2
154. 1
155. 3
156. 2
157. 1
158. 2
159. 3
160. 2
161. 1
162. 3
163. 2
164. 3
165. 2
166. 4
167. 1
168. 2
169. 2
170. 1
171. 2
172. 2
173. 3
174. 1
175. 2
176. 3
177. 2
178. 1
179. 1
180. 3
181. 1
182. 3
183. 4
184. 4
185. 1
186. 3
187. 2
188. 2
189. 8
190. 2
191. 4
192. 3
193. 2
194. 2
195. 3
196. 3
197. 2
198. 4
199. 2
200. 1