5516.txt
1. 3
2. 4
3. 0
4. 2
5. 8
6. 1
7. 5
8. 4
9. 3
10. 2
11. 2
12. 2
13. 1
14. 0
15. 2
16. 5
17. 1
18. 2
19. 3
20. 3
21. 1
22. 3
23. 2
24. 3
25. 1
26. 2
27. 3
28. 4
29. 3
30. 4
31. 1
32. 3
33. 3
34. 1
35. 2
36. 2
37. 2
38. 2
39. 3
40. 1
41. 1
42. 2
43. 1
44. 2
45. 3
46. 2
47. 1
48. 2
49. 4
50. 2
51. 2
52. 2
53. 2
54. 5
55. 2
56. 3
57. 1
58. 2
59. 1
60. 2
61. 1
62. 2
63. 2
64. 3
65. 2
66. 1
67. 2
68. 3
69. 3
70. 2
71. 4
72. 1
73. 2
74. 3
75. 1
76. 2
77. 2
78. 4
79. 1
80. 3
81. 1
82. 2
83. 1
84. 4
85. 2
86. 2
87. 2
88. 3
89. 2
90. 2
91. 2
92. 2
93. 1
94. 2
95. 2
96. 1
97. 2
98. 2
99. 3
100. 1
101. 2
102. 2
103. 3
104. 4
105. 1
106. 2
107. 2
108. 4
109. 2
110. 2
111. 3
112. 3
113. 2
114. 2
115. 2
116. 3
117. 3
118. 1
119. 3
120. 2
121. 1
122. 2
123. 2
124. 2
125. 2
126. 1
127. 2
128. 3
129. 2
130. 1
131. 2
132. 2
133. 2
134. 2
135. 2
136. 3
137. 2
138. 3
139. 4
140. 1
141. 4
142. 1
143. 6
144. 2
145. 1
146. 1
147. 3
148. 2
149. 2
150. 3
151. 2
152. 2
153. 4
154. 2
155. 2
156. 2
157. 3
158. 2
159. 2
160. 7
161. 4
162. 1
163. 2
164. 3
165. 2
166. 2
167. 1
168. 2
169. 2
170. 2
171. 2
172. 2
173. 3
174. 3
175. 2
176. 2
177. 2
178. 2
179. 2
180. 5
181. 1
182. 2
183. 3
184. 2
185. 1
186. 3
187. 2
188. 3
189. 1
190. 3
191. 1
192. 2
193. 2
194. 3
195. 2
196. 3
197. 1
198. 2
199. 3
200. 2