552.txt
1. 8
2. 1
3. 0
4. 3
5. 1
6. 1
7. 1
8. 1
9. 1
10. 0
11. 2
12. 7
13. 1
14. 1
15. 2
16. 3
17. 0
18. 1
19. 1
20. 1
21. 2
22. 2
23. 2
24. 1
25. 0
26. 4
27. 1
28. 2
29. 3
30. 5
31. 1
32. 3
33. 2
34. 6
35. 6
36. 2
37. 0
38. 0
39. 0
40. 5
41. 0
42. 0
43. 1
44. 4
45. 1
46. 1
47. 0
48. 0
49. 1
50. 2
51. 2
52. 0
53. 2
54. 1
55. 0
56. 2
57. 3
58. 1
59. 2
60. 0
61. 3
62. 1
63. 4
64. 3
65. 1
66. 0
67. 1
68. 2
69. 1
70. 1
71. 1
72. 1
73. 2
74. 3
75. 1
76. 1
77. 0
78. 2
79. 1
80. 0
81. 8
82. 1
83. 0
84. 1
85. 2
86. 0
87. 2
88. 2
89. 4
90. 2
91. 1
92. 1
93. 2
94. 1
95. 1
96. 6
97. 3
98. 1
99. 5
100. 2
101. 1
102. 3
103. 4
104. 2
105. 6
106. 0
107. 0
108. 3
109. 3
110. 2
111. 4
112. 2
113. 1
114. 1
115. 0
116. 3
117. 1
118. 1
119. 4
120. 3
121. 1
122. 1
123. 0
124. 2
125. 0
126. 1
127. 1
128. 0
129. 3
130. 2
131. 1
132. 1
133. 2
134. 1
135. 1
136. 5
137. 3
138. 5
139. 1
140. 1
141. 4
142. 1
143. 1
144. 1
145. 1
146. 2
147. 2
148. 2
149. 1
150. 1
151. 3
152. 2
153. 3
154. 1
155. 1
156. 3
157. 5
158. 2
159. 1
160. 4
161. 2
162. 0
163. 1
164. 1
165. 1
166. 3
167. 1
168. 2
169. 1
170. 2
171. 3
172. 1
173. 2
174. 3
175. 1
176. 2
177. 2
178. 1
179. 3
180. 1
181. 1
182. 2
183. 0
184. 1
185. 1
186. 4
187. 1
188. 1
189. 1
190. 2
191. 2
192. 1
193. 2
194. 1
195. 1
196. 1
197. 3
198. 1
199. 3
200. 1