553.txt
1. 2
2. 3
3. 7
4. 4
5. 2
6. 2
7. 6
8. 2
9. 1
10. 5
11. 2
12. 3
13. 1
14. 1
15. 4
16. 2
17. 1
18. 2
19. 1
20. 4
21. 1
22. 2
23. 1
24. 1
25. 2
26. 1
27. 2
28. 3
29. 2
30. 1
31. 1
32. 2
33. 2
34. 2
35. 2
36. 3
37. 1
38. 2
39. 3
40. 1
41. 1
42. 4
43. 3
44. 5
45. 3
46. 2
47. 2
48. 2
49. 2
50. 5
51. 2
52. 3
53. 3
54. 1
55. 3
56. 4
57. 2
58. 2
59. 2
60. 2
61. 4
62. 2
63. 4
64. 2
65. 2
66. 2
67. 3
68. 1
69. 3
70. 2
71. 1
72. 3
73. 2
74. 2
75. 3
76. 1
77. 2
78. 1
79. 2
80. 2
81. 2
82. 1
83. 2
84. 3
85. 2
86. 2
87. 4
88. 2
89. 3
90. 1
91. 2
92. 1
93. 3
94. 2
95. 2
96. 2
97. 4
98. 2
99. 3
100. 1
101. 1
102. 4
103. 2
104. 2
105. 2
106. 3
107. 3
108. 4
109. 1
110. 3
111. 2
112. 4
113. 3
114. 3
115. 2
116. 2
117. 2
118. 3
119. 1
120. 2
121. 2
122. 3
123. 3
124. 2
125. 2
126. 2
127. 3
128. 2
129. 3
130. 2
131. 3
132. 1
133. 2
134. 2
135. 3
136. 2
137. 3
138. 2
139. 2
140. 2
141. 6
142. 4
143. 3
144. 2
145. 2
146. 2
147. 2
148. 3
149. 2
150. 3
151. 3
152. 2
153. 2
154. 2
155. 2
156. 3
157. 2
158. 1
159. 2
160. 3
161. 1
162. 2
163. 2
164. 2
165. 3
166. 2
167. 2
168. 3
169. 3
170. 3
171. 2
172. 1
173. 5
174. 2
175. 3
176. 3
177. 2
178. 3
179. 4
180. 1
181. 4
182. 2
183. 2
184. 3
185. 2
186. 2
187. 2
188. 3
189. 4
190. 3
191. 2
192. 3
193. 3
194. 3
195. 2
196. 2
197. 1
198. 2
199. 3
200. 3