5531.txt
1. 0
2. 2
3. 0
4. 0
5. 3
6. 4
7. 4
8. 0
9. 0
10. 2
11. 3
12. 2
13. 5
14. 2
15. 2
16. 0
17. 0
18. 2
19. 0
20. 0
21. 1
22. 0
23. 0
24. 1
25. 3
26. 0
27. 2
28. 0
29. 0
30. 3
31. 0
32. 4
33. 2
34. 7
35. 1
36. 0
37. 0
38. 0
39. 1
40. 0
41. 6
42. 0
43. 8
44. 2
45. 0
46. 3
47. 1
48. 0
49. 0
50. 2
51. 0
52. 3
53. 2
54. 2
55. 4
56. 2
57. 1
58. 6
59. 1
60. 2
61. 0
62. 1
63. 0
64. 3
65. 1
66. 1
67. 2
68. 4
69. 2
70. 2
71. 2
72. 1
73. 2
74. 2
75. 2
76. 1
77. 2
78. 0
79. 2
80. 0
81. 0
82. 0
83. 5
84. 2
85. 1
86. 3
87. 8
88. 0
89. 4
90. 2
91. 1
92. 0
93. 1
94. 1
95. 2
96. 0
97. 1
98. 1
99. 3
100. 1
101. 1
102. 1
103. 1
104. 1
105. 2
106. 7
107. 0
108. 0
109. 2
110. 1
111. 0
112. 1
113. 2
114. 1
115. 2
116. 1
117. 0
118. 2
119. 0
120. 3
121. 0
122. 0
123. 4
124. 1
125. 0
126. 5
127. 2
128. 1
129. 0
130. 1
131. 0
132. 1
133. 2
134. 0
135. 2
136. 2
137. 0
138. 0
139. 0
140. 0
141. 0
142. 1
143. 0
144. 3
145. 0
146. 3
147. 0
148. 1
149. 4
150. 1
151. 2
152. 0
153. 0
154. 1
155. 2
156. 0
157. 0
158. 0
159. 1
160. 0
161. 0
162. 2
163. 2
164. 2
165. 3
166. 0
167. 2
168. 6
169. 2
170. 1
171. 1
172. 3
173. 1
174. 1
175. 0
176. 1
177. 2
178. 1
179. 1
180. 2
181. 2
182. 1
183. 2
184. 1
185. 3
186. 2
187. 0
188. 2
189. 2
190. 3
191. 5
192. 2
193. 8
194. 1
195. 2
196. 1
197. 2
198. 0
199. 5
200. 4