5555.txt
1. 0
2. 0
3. 0
4. 1
5. 0
6. 2
7. 3
8. 0
9. 4
10. 3
11. 1
12. 0
13. 3
14. 1
15. 0
16. 0
17. 2
18. 0
19. 1
20. 0
21. 2
22. 2
23. 1
24. 2
25. 3
26. 0
27. 2
28. 0
29. 1
30. 0
31. 3
32. 3
33. 0
34. 2
35. 4
36. 2
37. 0
38. 1
39. 1
40. 0
41. 0
42. 0
43. 0
44. 2
45. 3
46. 2
47. 0
48. 0
49. 0
50. 1
51. 1
52. 0
53. 0
54. 2
55. 2
56. 2
57. 1
58. 3
59. 0
60. 1
61. 0
62. 3
63. 1
64. 2
65. 0
66. 2
67. 2
68. 0
69. 7
70. 0
71. 3
72. 0
73. 2
74. 4
75. 0
76. 2
77. 1
78. 2
79. 0
80. 4
81. 0
82. 0
83. 4
84. 2
85. 0
86. 2
87. 0
88. 1
89. 0
90. 2
91. 0
92. 0
93. 1
94. 0
95. 0
96. 0
97. 0
98. 2
99. 0
100. 0
101. 0
102. 0
103. 0
104. 3
105. 4
106. 0
107. 0
108. 2
109. 0
110. 2
111. 0
112. 1
113. 2
114. 0
115. 0
116. 0
117. 0
118. 2
119. 4
120. 1
121. 0
122. 1
123. 0
124. 3
125. 1
126. 0
127. 1
128. 2
129. 0
130. 0
131. 0
132. 0
133. 3
134. 0
135. 1
136. 0
137. 0
138. 0
139. 0
140. 2
141. 0
142. 3
143. 0
144. 0
145. 1
146. 0
147. 0
148. 4
149. 0
150. 2
151. 0
152. 0
153. 2
154. 3
155. 2
156. 1
157. 3
158. 2
159. 1
160. 0
161. 1
162. 4
163. 3
164. 1
165. 0
166. 0
167. 1
168. 2
169. 0
170. 0
171. 2
172. 0
173. 2
174. 0
175. 3
176. 4
177. 0
178. 1
179. 0
180. 0
181. 2
182. 1
183. 1
184. 2
185. 3
186. 5
187. 0
188. 0
189. 3
190. 0
191. 0
192. 0
193. 4
194. 0
195. 1
196. 0
197. 0
198. 0
199. 0
200. 4