5564.txt
1. 0
2. 0
3. 2
4. 0
5. 0
6. 3
7. 0
8. 2
9. 1
10. 2
11. 1
12. 1
13. 0
14. 1
15. 1
16. 0
17. 0
18. 2
19. 0
20. 1
21. 0
22. 1
23. 0
24. 1
25. 3
26. 2
27. 1
28. 1
29. 1
30. 1
31. 2
32. 4
33. 1
34. 1
35. 2
36. 2
37. 1
38. 3
39. 0
40. 2
41. 1
42. 0
43. 3
44. 0
45. 2
46. 4
47. 3
48. 0
49. 1
50. 1
51. 3
52. 2
53. 0
54. 0
55. 2
56. 1
57. 0
58. 0
59. 1
60. 2
61. 0
62. 1
63. 0
64. 1
65. 0
66. 3
67. 2
68. 3
69. 1
70. 2
71. 0
72. 1
73. 2
74. 1
75. 2
76. 0
77. 0
78. 2
79. 0
80. 0
81. 3
82. 1
83. 2
84. 1
85. 0
86. 2
87. 1
88. 1
89. 0
90. 1
91. 0
92. 2
93. 0
94. 0
95. 1
96. 2
97. 1
98. 0
99. 1
100. 2
101. 2
102. 1
103. 4
104. 0
105. 0
106. 0
107. 1
108. 0
109. 1
110. 1
111. 2
112. 3
113. 4
114. 0
115. 0
116. 0
117. 1
118. 0
119. 0
120. 2
121. 0
122. 0
123. 1
124. 0
125. 1
126. 0
127. 2
128. 0
129. 2
130. 0
131. 2
132. 0
133. 0
134. 0
135. 1
136. 0
137. 2
138. 1
139. 0
140. 0
141. 1
142. 3
143. 0
144. 2
145. 2
146. 3
147. 2
148. 2
149. 3
150. 0
151. 0
152. 1
153. 1
154. 1
155. 0
156. 1
157. 2
158. 1
159. 2
160. 1
161. 0
162. 1
163. 0
164. 2
165. 1
166. 1
167. 0
168. 1
169. 1
170. 0
171. 2
172. 0
173. 2
174. 1
175. 0
176. 3
177. 1
178. 1
179. 1
180. 1
181. 1
182. 1
183. 3
184. 2
185. 0
186. 0
187. 2
188. 0
189. 3
190. 1
191. 1
192. 1
193. 2
194. 2
195. 0
196. 3
197. 0
198. 0
199. 2
200. 1