5569.txt
1. 2
2. 3
3. 1
4. 4
5. 3
6. 1
7. 2
8. 3
9. 2
10. 2
11. 4
12. 3
13. 2
14. 6
15. 2
16. 2
17. 3
18. 4
19. 2
20. 3
21. 2
22. 2
23. 4
24. 2
25. 5
26. 3
27. 2
28. 2
29. 5
30. 4
31. 3
32. 2
33. 3
34. 3
35. 2
36. 2
37. 3
38. 3
39. 3
40. 3
41. 3
42. 4
43. 2
44. 3
45. 4
46. 3
47. 3
48. 3
49. 3
50. 1
51. 2
52. 3
53. 4
54. 4
55. 3
56. 3
57. 3
58. 3
59. 2
60. 3
61. 4
62. 3
63. 3
64. 2
65. 3
66. 3
67. 2
68. 7
69. 2
70. 3
71. 3
72. 2
73. 4
74. 2
75. 2
76. 2
77. 3
78. 3
79. 2
80. 2
81. 4
82. 2
83. 2
84. 2
85. 4
86. 2
87. 4
88. 3
89. 3
90. 5
91. 2
92. 3
93. 2
94. 4
95. 5
96. 3
97. 2
98. 2
99. 2
100. 5
101. 2
102. 3
103. 3
104. 4
105. 3
106. 3
107. 2
108. 3
109. 2
110. 4
111. 2
112. 3
113. 2
114. 2
115. 3
116. 3
117. 4
118. 2
119. 4
120. 3
121. 4
122. 5
123. 3
124. 2
125. 3
126. 2
127. 5
128. 2
129. 2
130. 3
131. 3
132. 2
133. 3
134. 3
135. 3
136. 3
137. 2
138. 3
139. 3
140. 2
141. 2
142. 3
143. 3
144. 3
145. 2
146. 2
147. 3
148. 2
149. 2
150. 3
151. 3
152. 3
153. 3
154. 3
155. 5
156. 2
157. 3
158. 2
159. 4
160. 3
161. 3
162. 3
163. 1
164. 3
165. 3
166. 3
167. 3
168. 3
169. 4
170. 3
171. 3
172. 4
173. 2
174. 2
175. 3
176. 2
177. 4
178. 3
179. 2
180. 5
181. 4
182. 4
183. 3
184. 3
185. 4
186. 2
187. 3
188. 3
189. 2
190. 3
191. 3
192. 3
193. 3
194. 3
195. 3
196. 3
197. 4
198. 2
199. 2
200. 3