5601.txt
1. 3
2. 2
3. 4
4. 2
5. 1
6. 1
7. 7
8. 1
9. 1
10. 4
11. 3
12. 2
13. 1
14. 2
15. 7
16. 1
17. 2
18. 2
19. 2
20. 2
21. 1
22. 2
23. 2
24. 3
25. 3
26. 2
27. 2
28. 1
29. 3
30. 3
31. 2
32. 3
33. 2
34. 2
35. 2
36. 3
37. 2
38. 2
39. 2
40. 1
41. 2
42. 2
43. 3
44. 3
45. 2
46. 2
47. 1
48. 2
49. 3
50. 2
51. 2
52. 3
53. 2
54. 2
55. 2
56. 2
57. 1
58. 1
59. 2
60. 2
61. 3
62. 2
63. 3
64. 1
65. 2
66. 2
67. 1
68. 2
69. 1
70. 3
71. 2
72. 2
73. 1
74. 3
75. 2
76. 2
77. 3
78. 3
79. 2
80. 3
81. 3
82. 3
83. 2
84. 2
85. 2
86. 2
87. 2
88. 2
89. 3
90. 4
91. 2
92. 1
93. 2
94. 3
95. 1
96. 1
97. 2
98. 3
99. 2
100. 2
101. 2
102. 2
103. 3
104. 2
105. 2
106. 3
107. 1
108. 2
109. 2
110. 1
111. 3
112. 1
113. 2
114. 1
115. 3
116. 4
117. 3
118. 2
119. 2
120. 2
121. 2
122. 1
123. 1
124. 1
125. 2
126. 1
127. 1
128. 3
129. 2
130. 2
131. 3
132. 2
133. 2
134. 2
135. 4
136. 3
137. 2
138. 2
139. 2
140. 3
141. 2
142. 2
143. 2
144. 3
145. 3
146. 2
147. 1
148. 2
149. 2
150. 3
151. 2
152. 2
153. 3
154. 2
155. 2
156. 2
157. 2
158. 1
159. 8
160. 6
161. 3
162. 1
163. 2
164. 3
165. 2
166. 2
167. 5
168. 2
169. 1
170. 1
171. 3
172. 1
173. 2
174. 1
175. 3
176. 2
177. 2
178. 1
179. 2
180. 2
181. 3
182. 1
183. 2
184. 1
185. 2
186. 2
187. 2
188. 1
189. 1
190. 2
191. 2
192. 2
193. 3
194. 2
195. 3
196. 3
197. 4
198. 1
199. 3
200. 3