5615.txt
1. 0
2. 3
3. 0
4. 4
5. 0
6. 2
7. 1
8. 7
9. 2
10. 3
11. 2
12. 1
13. 0
14. 1
15. 0
16. 0
17. 3
18. 0
19. 2
20. 1
21. 0
22. 4
23. 2
24. 1
25. 1
26. 0
27. 3
28. 2
29. 1
30. 1
31. 3
32. 1
33. 6
34. 1
35. 2
36. 1
37. 1
38. 1
39. 2
40. 6
41. 3
42. 5
43. 3
44. 0
45. 3
46. 2
47. 1
48. 2
49. 1
50. 3
51. 1
52. 1
53. 1
54. 4
55. 2
56. 1
57. 0
58. 2
59. 2
60. 0
61. 3
62. 2
63. 0
64. 1
65. 0
66. 2
67. 1
68. 2
69. 1
70. 3
71. 1
72. 1
73. 0
74. 0
75. 1
76. 4
77. 1
78. 3
79. 4
80. 2
81. 3
82. 4
83. 0
84. 2
85. 1
86. 0
87. 2
88. 2
89. 3
90. 2
91. 1
92. 1
93. 0
94. 2
95. 1
96. 2
97. 4
98. 1
99. 1
100. 0
101. 2
102. 1
103. 2
104. 1
105. 2
106. 1
107. 0
108. 3
109. 0
110. 1
111. 5
112. 3
113. 4
114. 0
115. 3
116. 2
117. 0
118. 2
119. 3
120. 3
121. 1
122. 3
123. 1
124. 2
125. 1
126. 1
127. 2
128. 1
129. 1
130. 2
131. 4
132. 3
133. 1
134. 0
135. 2
136. 1
137. 2
138. 1
139. 1
140. 1
141. 1
142. 2
143. 2
144. 3
145. 1
146. 3
147. 1
148. 2
149. 3
150. 2
151. 3
152. 2
153. 2
154. 0
155. 0
156. 2
157. 0
158. 1
159. 3
160. 0
161. 0
162. 1
163. 1
164. 1
165. 1
166. 3
167. 2
168. 5
169. 1
170. 2
171. 1
172. 1
173. 1
174. 0
175. 3
176. 2
177. 2
178. 0
179. 1
180. 5
181. 1
182. 1
183. 4
184. 3
185. 0
186. 3
187. 1
188. 2
189. 2
190. 4
191. 1
192. 1
193. 2
194. 0
195. 2
196. 1
197. 1
198. 4
199. 2
200. 2