5619.txt
1. 2
2. 4
3. 1
4. 2
5. 1
6. 2
7. 1
8. 2
9. 1
10. 0
11. 3
12. 4
13. 1
14. 2
15. 1
16. 1
17. 3
18. 1
19. 5
20. 3
21. 2
22. 2
23. 1
24. 2
25. 1
26. 3
27. 5
28. 2
29. 2
30. 1
31. 3
32. 3
33. 2
34. 1
35. 4
36. 1
37. 3
38. 2
39. 2
40. 2
41. 2
42. 5
43. 4
44. 2
45. 6
46. 3
47. 1
48. 1
49. 1
50. 4
51. 7
52. 1
53. 2
54. 2
55. 4
56. 1
57. 2
58. 1
59. 2
60. 1
61. 2
62. 2
63. 2
64. 2
65. 4
66. 2
67. 3
68. 3
69. 3
70. 1
71. 2
72. 2
73. 1
74. 5
75. 2
76. 3
77. 1
78. 4
79. 1
80. 4
81. 1
82. 2
83. 3
84. 3
85. 1
86. 2
87. 6
88. 2
89. 2
90. 1
91. 1
92. 1
93. 4
94. 2
95. 2
96. 2
97. 2
98. 2
99. 2
100. 3
101. 4
102. 2
103. 1
104. 3
105. 2
106. 1
107. 1
108. 3
109. 1
110. 5
111. 1
112. 3
113. 1
114. 1
115. 2
116. 2
117. 1
118. 1
119. 4
120. 2
121. 1
122. 1
123. 3
124. 1
125. 3
126. 1
127. 1
128. 1
129. 2
130. 2
131. 2
132. 2
133. 2
134. 1
135. 1
136. 2
137. 2
138. 3
139. 4
140. 4
141. 2
142. 2
143. 1
144. 5
145. 3
146. 2
147. 1
148. 3
149. 1
150. 3
151. 4
152. 1
153. 1
154. 2
155. 1
156. 4
157. 1
158. 1
159. 5
160. 5
161. 2
162. 3
163. 3
164. 1
165. 1
166. 1
167. 1
168. 3
169. 1
170. 2
171. 2
172. 2
173. 2
174. 2
175. 1
176. 2
177. 1
178. 2
179. 2
180. 1
181. 3
182. 2
183. 4
184. 3
185. 1
186. 1
187. 1
188. 2
189. 1
190. 2
191. 2
192. 4
193. 3
194. 1
195. 2
196. 2
197. 2
198. 1
199. 4
200. 3