5623.txt
1. 0
2. 0
3. 0
4. 0
5. 2
6. 0
7. 0
8. 2
9. 3
10. 1
11. 3
12. 0
13. 0
14. 0
15. 0
16. 8
17. 0
18. 0
19. 1
20. 2
21. 3
22. 0
23. 1
24. 2
25. 1
26. 0
27. 0
28. 0
29. 0
30. 1
31. 0
32. 4
33. 0
34. 0
35. 1
36. 0
37. 0
38. 1
39. 0
40. 4
41. 2
42. 1
43. 3
44. 0
45. 1
46. 2
47. 2
48. 2
49. 2
50. 1
51. 2
52. 3
53. 0
54. 2
55. 0
56. 3
57. 0
58. 2
59. 0
60. 2
61. 0
62. 2
63. 3
64. 0
65. 0
66. 2
67. 0
68. 4
69. 1
70. 1
71. 2
72. 2
73. 0
74. 0
75. 0
76. 3
77. 2
78. 1
79. 0
80. 0
81. 1
82. 0
83. 0
84. 3
85. 0
86. 5
87. 0
88. 2
89. 0
90. 0
91. 0
92. 0
93. 0
94. 0
95. 2
96. 0
97. 0
98. 3
99. 2
100. 1
101. 0
102. 0
103. 2
104. 0
105. 0
106. 4
107. 0
108. 0
109. 0
110. 0
111. 2
112. 0
113. 0
114. 0
115. 3
116. 2
117. 0
118. 0
119. 2
120. 2
121. 0
122. 1
123. 3
124. 0
125. 1
126. 0
127. 0
128. 2
129. 0
130. 0
131. 0
132. 1
133. 3
134. 1
135. 0
136. 0
137. 0
138. 0
139. 0
140. 1
141. 2
142. 0
143. 1
144. 0
145. 1
146. 0
147. 1
148. 3
149. 0
150. 0
151. 0
152. 3
153. 2
154. 0
155. 3
156. 0
157. 1
158. 2
159. 1
160. 0
161. 1
162. 3
163. 0
164. 0
165. 0
166. 1
167. 0
168. 0
169. 2
170. 1
171. 1
172. 0
173. 2
174. 0
175. 0
176. 2
177. 0
178. 1
179. 1
180. 0
181. 8
182. 0
183. 1
184. 0
185. 1
186. 0
187. 0
188. 0
189. 0
190. 1
191. 0
192. 6
193. 0
194. 0
195. 0
196. 1
197. 0
198. 0
199. 0
200. 2