5625.txt
1. 6
2. 2
3. 3
4. 1
5. 1
6. 1
7. 1
8. 1
9. 7
10. 5
11. 1
12. 1
13. 2
14. 1
15. 2
16. 1
17. 2
18. 4
19. 3
20. 2
21. 1
22. 2
23. 2
24. 2
25. 4
26. 4
27. 3
28. 2
29. 3
30. 3
31. 3
32. 3
33. 1
34. 3
35. 1
36. 1
37. 2
38. 3
39. 2
40. 3
41. 3
42. 3
43. 2
44. 2
45. 2
46. 2
47. 3
48. 3
49. 1
50. 4
51. 2
52. 7
53. 4
54. 3
55. 2
56. 5
57. 3
58. 2
59. 3
60. 3
61. 3
62. 2
63. 3
64. 4
65. 5
66. 4
67. 2
68. 2
69. 2
70. 3
71. 2
72. 4
73. 4
74. 2
75. 2
76. 2
77. 3
78. 3
79. 2
80. 2
81. 4
82. 8
83. 2
84. 3
85. 3
86. 3
87. 2
88. 3
89. 3
90. 2
91. 2
92. 2
93. 2
94. 3
95. 1
96. 2
97. 4
98. 1
99. 5
100. 2
101. 2
102. 2
103. 1
104. 4
105. 3
106. 2
107. 1
108. 3
109. 1
110. 4
111. 4
112. 3
113. 2
114. 2
115. 2
116. 3
117. 2
118. 2
119. 2
120. 1
121. 2
122. 2
123. 3
124. 2
125. 2
126. 3
127. 2
128. 3
129. 2
130. 4
131. 3
132. 1
133. 2
134. 2
135. 4
136. 2
137. 5
138. 2
139. 2
140. 4
141. 2
142. 3
143. 3
144. 4
145. 1
146. 2
147. 2
148. 3
149. 3
150. 2
151. 3
152. 3
153. 2
154. 2
155. 2
156. 2
157. 3
158. 3
159. 4
160. 3
161. 2
162. 2
163. 2
164. 2
165. 4
166. 3
167. 3
168. 3
169. 2
170. 3
171. 3
172. 3
173. 2
174. 3
175. 2
176. 3
177. 2
178. 2
179. 4
180. 3
181. 3
182. 5
183. 2
184. 3
185. 2
186. 2
187. 2
188. 3
189. 2
190. 3
191. 2
192. 3
193. 2
194. 3
195. 2
196. 3
197. 2
198. 2
199. 3
200. 2