5629.txt
1. 3
2. 1
3. 4
4. 0
5. 1
6. 1
7. 1
8. 1
9. 1
10. 4
11. 2
12. 2
13. 3
14. 0
15. 1
16. 2
17. 1
18. 2
19. 2
20. 2
21. 3
22. 2
23. 2
24. 2
25. 2
26. 5
27. 2
28. 3
29. 1
30. 4
31. 2
32. 6
33. 2
34. 3
35. 2
36. 1
37. 2
38. 1
39. 3
40. 3
41. 2
42. 2
43. 2
44. 3
45. 4
46. 2
47. 3
48. 3
49. 2
50. 2
51. 1
52. 2
53. 3
54. 4
55. 2
56. 1
57. 2
58. 3
59. 1
60. 3
61. 2
62. 1
63. 1
64. 4
65. 2
66. 2
67. 1
68. 2
69. 2
70. 1
71. 2
72. 3
73. 2
74. 2
75. 3
76. 3
77. 2
78. 3
79. 1
80. 5
81. 3
82. 2
83. 1
84. 2
85. 2
86. 1
87. 2
88. 3
89. 2
90. 2
91. 2
92. 3
93. 1
94. 2
95. 2
96. 3
97. 1
98. 3
99. 2
100. 2
101. 2
102. 2
103. 3
104. 1
105. 3
106. 2
107. 2
108. 3
109. 2
110. 1
111. 1
112. 2
113. 1
114. 3
115. 2
116. 2
117. 2
118. 2
119. 2
120. 3
121. 1
122. 3
123. 2
124. 2
125. 2
126. 2
127. 1
128. 2
129. 1
130. 2
131. 3
132. 3
133. 2
134. 2
135. 2
136. 1
137. 1
138. 1
139. 1
140. 4
141. 2
142. 2
143. 1
144. 4
145. 1
146. 2
147. 1
148. 2
149. 1
150. 3
151. 2
152. 1
153. 1
154. 2
155. 3
156. 1
157. 2
158. 2
159. 1
160. 2
161. 2
162. 2
163. 2
164. 2
165. 2
166. 2
167. 2
168. 3
169. 1
170. 1
171. 2
172. 2
173. 3
174. 2
175. 2
176. 3
177. 1
178. 2
179. 1
180. 2
181. 4
182. 2
183. 2
184. 3
185. 1
186. 3
187. 2
188. 3
189. 1
190. 1
191. 2
192. 2
193. 4
194. 3
195. 1
196. 2
197. 3
198. 1
199. 2
200. 2