5638.txt
1. 0
2. 0
3. 0
4. 0
5. 0
6. 3
7. 0
8. 0
9. 1
10. 0
11. 1
12. 0
13. 0
14. 2
15. 2
16. 0
17. 2
18. 0
19. 4
20. 1
21. 1
22. 0
23. 0
24. 0
25. 1
26. 2
27. 2
28. 1
29. 0
30. 1
31. 2
32. 0
33. 0
34. 1
35. 3
36. 0
37. 0
38. 1
39. 0
40. 0
41. 1
42. 4
43. 4
44. 1
45. 2
46. 0
47. 1
48. 4
49. 0
50. 0
51. 1
52. 0
53. 4
54. 0
55. 0
56. 1
57. 0
58. 4
59. 0
60. 1
61. 3
62. 1
63. 0
64. 0
65. 1
66. 0
67. 1
68. 0
69. 0
70. 0
71. 0
72. 1
73. 1
74. 0
75. 1
76. 0
77. 0
78. 0
79. 0
80. 0
81. 0
82. 2
83. 0
84. 0
85. 0
86. 0
87. 0
88. 0
89. 0
90. 1
91. 0
92. 1
93. 1
94. 2
95. 1
96. 1
97. 1
98. 0
99. 1
100. 0
101. 1
102. 0
103. 0
104. 0
105. 1
106. 0
107. 1
108. 1
109. 0
110. 3
111. 0
112. 0
113. 0
114. 0
115. 0
116. 0
117. 0
118. 0
119. 0
120. 0
121. 0
122. 0
123. 0
124. 3
125. 0
126. 0
127. 0
128. 0
129. 0
130. 0
131. 0
132. 1
133. 4
134. 0
135. 0
136. 0
137. 1
138. 0
139. 0
140. 0
141. 0
142. 1
143. 2
144. 1
145. 2
146. 3
147. 0
148. 2
149. 4
150. 3
151. 0
152. 1
153. 0
154. 1
155. 2
156. 2
157. 2
158. 3
159. 0
160. 1
161. 0
162. 1
163. 2
164. 1
165. 0
166. 0
167. 2
168. 1
169. 0
170. 0
171. 0
172. 1
173. 1
174. 0
175. 2
176. 0
177. 1
178. 3
179. 0
180. 2
181. 1
182. 4
183. 0
184. 0
185. 2
186. 0
187. 1
188. 2
189. 2
190. 0
191. 2
192. 0
193. 0
194. 1
195. 1
196. 0
197. 0
198. 3
199. 0
200. 0