5645.txt
1. 2
2. 1
3. 0
4. 2
5. 3
6. 2
7. 2
8. 2
9. 3
10. 1
11. 1
12. 1
13. 1
14. 0
15. 4
16. 4
17. 1
18. 3
19. 2
20. 2
21. 2
22. 5
23. 2
24. 2
25. 2
26. 2
27. 3
28. 2
29. 2
30. 2
31. 2
32. 6
33. 2
34. 1
35. 3
36. 2
37. 2
38. 1
39. 3
40. 1
41. 1
42. 2
43. 3
44. 3
45. 2
46. 2
47. 2
48. 4
49. 2
50. 3
51. 4
52. 2
53. 2
54. 3
55. 2
56. 1
57. 2
58. 5
59. 2
60. 3
61. 2
62. 4
63. 3
64. 2
65. 1
66. 3
67. 2
68. 4
69. 2
70. 3
71. 2
72. 2
73. 2
74. 3
75. 3
76. 3
77. 2
78. 2
79. 1
80. 1
81. 2
82. 2
83. 1
84. 3
85. 1
86. 8
87. 3
88. 3
89. 1
90. 4
91. 2
92. 3
93. 2
94. 2
95. 1
96. 2
97. 3
98. 2
99. 2
100. 1
101. 2
102. 4
103. 2
104. 2
105. 2
106. 2
107. 2
108. 3
109. 2
110. 4
111. 3
112. 2
113. 2
114. 2
115. 4
116. 2
117. 2
118. 2
119. 2
120. 4
121. 3
122. 2
123. 2
124. 2
125. 2
126. 2
127. 2
128. 2
129. 2
130. 3
131. 2
132. 7
133. 2
134. 2
135. 3
136. 2
137. 2
138. 1
139. 2
140. 4
141. 1
142. 2
143. 2
144. 1
145. 2
146. 2
147. 1
148. 4
149. 2
150. 3
151. 2
152. 2
153. 2
154. 3
155. 2
156. 2
157. 2
158. 3
159. 3
160. 3
161. 2
162. 2
163. 2
164. 2
165. 3
166. 2
167. 3
168. 2
169. 5
170. 2
171. 2
172. 2
173. 3
174. 1
175. 2
176. 1
177. 4
178. 2
179. 3
180. 2
181. 2
182. 3
183. 3
184. 5
185. 2
186. 6
187. 1
188. 2
189. 2
190. 2
191. 1
192. 2
193. 7
194. 2
195. 3
196. 2
197. 2
198. 2
199. 3
200. 3