5654.txt
1. 2
2. 2
3. 3
4. 1
5. 2
6. 1
7. 2
8. 2
9. 2
10. 4
11. 1
12. 4
13. 2
14. 2
15. 2
16. 3
17. 3
18. 3
19. 4
20. 3
21. 2
22. 2
23. 3
24. 4
25. 3
26. 3
27. 2
28. 2
29. 6
30. 2
31. 3
32. 2
33. 2
34. 1
35. 3
36. 3
37. 2
38. 3
39. 2
40. 3
41. 1
42. 2
43. 2
44. 2
45. 2
46. 5
47. 2
48. 2
49. 3
50. 7
51. 3
52. 2
53. 3
54. 2
55. 2
56. 8
57. 2
58. 4
59. 4
60. 2
61. 2
62. 3
63. 2
64. 3
65. 1
66. 3
67. 2
68. 4
69. 1
70. 2
71. 1
72. 2
73. 2
74. 1
75. 2
76. 2
77. 5
78. 3
79. 3
80. 2
81. 5
82. 2
83. 2
84. 3
85. 2
86. 2
87. 2
88. 2
89. 2
90. 3
91. 2
92. 2
93. 2
94. 1
95. 4
96. 3
97. 1
98. 2
99. 3
100. 3
101. 3
102. 2
103. 2
104. 1
105. 3
106. 3
107. 4
108. 2
109. 4
110. 3
111. 2
112. 2
113. 2
114. 3
115. 2
116. 2
117. 3
118. 2
119. 2
120. 3
121. 3
122. 2
123. 4
124. 2
125. 2
126. 3
127. 2
128. 3
129. 2
130. 2
131. 3
132. 2
133. 1
134. 4
135. 4
136. 2
137. 3
138. 3
139. 2
140. 2
141. 3
142. 2
143. 2
144. 3
145. 3
146. 3
147. 3
148. 2
149. 3
150. 2
151. 3
152. 2
153. 3
154. 2
155. 3
156. 2
157. 2
158. 2
159. 3
160. 2
161. 3
162. 2
163. 4
164. 3
165. 1
166. 2
167. 3
168. 2
169. 3
170. 3
171. 3
172. 3
173. 2
174. 2
175. 3
176. 2
177. 2
178. 3
179. 2
180. 3
181. 3
182. 2
183. 3
184. 2
185. 3
186. 2
187. 2
188. 3
189. 2
190. 3
191. 4
192. 2
193. 3
194. 3
195. 2
196. 3
197. 2
198. 1
199. 3
200. 3