5663.txt
1. 2
2. 3
3. 7
4. 2
5. 2
6. 8
7. 4
8. 2
9. 1
10. 1
11. 2
12. 0
13. 1
14. 1
15. 3
16. 6
17. 2
18. 2
19. 1
20. 2
21. 2
22. 1
23. 3
24. 1
25. 3
26. 2
27. 2
28. 1
29. 4
30. 4
31. 1
32. 2
33. 2
34. 2
35. 3
36. 2
37. 3
38. 1
39. 2
40. 1
41. 1
42. 4
43. 3
44. 2
45. 3
46. 2
47. 2
48. 7
49. 1
50. 5
51. 3
52. 1
53. 2
54. 2
55. 4
56. 3
57. 4
58. 2
59. 2
60. 2
61. 3
62. 4
63. 1
64. 2
65. 2
66. 5
67. 2
68. 2
69. 2
70. 3
71. 1
72. 1
73. 2
74. 4
75. 2
76. 1
77. 1
78. 3
79. 2
80. 1
81. 2
82. 1
83. 3
84. 6
85. 5
86. 1
87. 1
88. 1
89. 2
90. 1
91. 2
92. 1
93. 3
94. 2
95. 1
96. 2
97. 4
98. 2
99. 3
100. 3
101. 2
102. 1
103. 4
104. 2
105. 2
106. 2
107. 4
108. 1
109. 3
110. 3
111. 1
112. 5
113. 1
114. 1
115. 4
116. 2
117. 2
118. 2
119. 2
120. 6
121. 3
122. 4
123. 2
124. 3
125. 3
126. 3
127. 2
128. 2
129. 1
130. 2
131. 1
132. 3
133. 4
134. 2
135. 3
136. 3
137. 2
138. 3
139. 1
140. 2
141. 4
142. 3
143. 2
144. 1
145. 3
146. 2
147. 2
148. 2
149. 2
150. 3
151. 2
152. 3
153. 1
154. 2
155. 2
156. 3
157. 2
158. 3
159. 3
160. 2
161. 4
162. 2
163. 3
164. 2
165. 1
166. 3
167. 2
168. 3
169. 3
170. 3
171. 1
172. 2
173. 2
174. 4
175. 5
176. 2
177. 2
178. 2
179. 2
180. 3
181. 2
182. 3
183. 2
184. 3
185. 8
186. 1
187. 2
188. 2
189. 3
190. 3
191. 1
192. 2
193. 3
194. 2
195. 4
196. 1
197. 2
198. 4
199. 3
200. 2