5668.txt
1. 0
2. 0
3. 3
4. 0
5. 2
6. 0
7. 0
8. 0
9. 0
10. 0
11. 4
12. 0
13. 2
14. 1
15. 0
16. 1
17. 5
18. 7
19. 0
20. 2
21. 4
22. 0
23. 6
24. 0
25. 2
26. 0
27. 2
28. 1
29. 0
30. 4
31. 0
32. 0
33. 1
34. 0
35. 0
36. 1
37. 0
38. 2
39. 0
40. 0
41. 0
42. 0
43. 0
44. 2
45. 4
46. 0
47. 4
48. 0
49. 0
50. 2
51. 2
52. 0
53. 0
54. 3
55. 0
56. 2
57. 3
58. 0
59. 0
60. 0
61. 0
62. 3
63. 2
64. 0
65. 0
66. 0
67. 1
68. 6
69. 0
70. 3
71. 3
72. 1
73. 0
74. 2
75. 2
76. 3
77. 0
78. 1
79. 0
80. 1
81. 2
82. 0
83. 5
84. 2
85. 0
86. 2
87. 3
88. 2
89. 2
90. 0
91. 3
92. 4
93. 0
94. 1
95. 0
96. 1
97. 0
98. 3
99. 2
100. 3
101. 0
102. 3
103. 4
104. 0
105. 0
106. 2
107. 0
108. 3
109. 2
110. 0
111. 0
112. 3
113. 2
114. 0
115. 0
116. 5
117. 3
118. 0
119. 1
120. 0
121. 0
122. 0
123. 2
124. 0
125. 0
126. 0
127. 0
128. 2
129. 1
130. 0
131. 0
132. 3
133. 2
134. 0
135. 3
136. 0
137. 0
138. 0
139. 2
140. 2
141. 2
142. 2
143. 2
144. 3
145. 1
146. 0
147. 0
148. 2
149. 1
150. 3
151. 2
152. 3
153. 0
154. 4
155. 1
156. 2
157. 2
158. 2
159. 0
160. 1
161. 2
162. 0
163. 0
164. 0
165. 0
166. 0
167. 0
168. 2
169. 1
170. 0
171. 0
172. 2
173. 0
174. 3
175. 2
176. 4
177. 0
178. 2
179. 4
180. 2
181. 0
182. 0
183. 3
184. 1
185. 0
186. 0
187. 1
188. 0
189. 3
190. 6
191. 2
192. 2
193. 2
194. 0
195. 0
196. 2
197. 2
198. 2
199. 0
200. 0