5669.txt
1. 3
2. 1
3. 1
4. 1
5. 7
6. 4
7. 1
8. 3
9. 2
10. 2
11. 2
12. 6
13. 1
14. 1
15. 3
16. 2
17. 5
18. 1
19. 3
20. 3
21. 1
22. 1
23. 2
24. 1
25. 2
26. 1
27. 1
28. 3
29. 1
30. 2
31. 4
32. 4
33. 2
34. 3
35. 2
36. 1
37. 2
38. 2
39. 1
40. 1
41. 2
42. 1
43. 2
44. 1
45. 4
46. 1
47. 2
48. 3
49. 1
50. 2
51. 3
52. 2
53. 3
54. 2
55. 1
56. 4
57. 1
58. 4
59. 5
60. 2
61. 1
62. 3
63. 2
64. 2
65. 2
66. 2
67. 1
68. 2
69. 1
70. 1
71. 3
72. 1
73. 1
74. 4
75. 1
76. 1
77. 3
78. 2
79. 7
80. 1
81. 2
82. 2
83. 2
84. 3
85. 2
86. 1
87. 2
88. 3
89. 2
90. 3
91. 1
92. 3
93. 4
94. 2
95. 2
96. 3
97. 2
98. 2
99. 1
100. 2
101. 2
102. 2
103. 1
104. 1
105. 2
106. 2
107. 2
108. 3
109. 2
110. 1
111. 2
112. 3
113. 2
114. 4
115. 2
116. 4
117. 1
118. 6
119. 4
120. 2
121. 1
122. 3
123. 1
124. 3
125. 1
126. 1
127. 2
128. 2
129. 2
130. 1
131. 1
132. 1
133. 1
134. 3
135. 3
136. 1
137. 2
138. 2
139. 1
140. 3
141. 2
142. 3
143. 2
144. 2
145. 6
146. 1
147. 2
148. 3
149. 4
150. 2
151. 5
152. 2
153. 2
154. 5
155. 5
156. 3
157. 1
158. 3
159. 2
160. 4
161. 3
162. 3
163. 2
164. 2
165. 2
166. 4
167. 1
168. 3
169. 6
170. 1
171. 2
172. 1
173. 2
174. 3
175. 2
176. 3
177. 2
178. 3
179. 2
180. 4
181. 2
182. 4
183. 4
184. 2
185. 1
186. 1
187. 1
188. 3
189. 2
190. 2
191. 2
192. 3
193. 1
194. 2
195. 2
196. 1
197. 4
198. 1
199. 3
200. 2