5671.txt
1. 4
2. 2
3. 7
4. 3
5. 3
6. 1
7. 2
8. 2
9. 2
10. 2
11. 4
12. 3
13. 1
14. 2
15. 1
16. 4
17. 1
18. 2
19. 2
20. 2
21. 1
22. 3
23. 1
24. 1
25. 2
26. 3
27. 1
28. 2
29. 2
30. 2
31. 1
32. 1
33. 4
34. 1
35. 6
36. 2
37. 2
38. 1
39. 2
40. 1
41. 2
42. 2
43. 1
44. 3
45. 2
46. 3
47. 2
48. 3
49. 3
50. 5
51. 1
52. 2
53. 1
54. 3
55. 2
56. 2
57. 2
58. 2
59. 1
60. 2
61. 1
62. 1
63. 1
64. 1
65. 3
66. 2
67. 1
68. 2
69. 1
70. 2
71. 6
72. 2
73. 1
74. 3
75. 5
76. 2
77. 2
78. 4
79. 1
80. 3
81. 2
82. 2
83. 1
84. 3
85. 4
86. 2
87. 2
88. 2
89. 4
90. 4
91. 2
92. 2
93. 1
94. 4
95. 3
96. 3
97. 1
98. 2
99. 2
100. 1
101. 2
102. 3
103. 3
104. 2
105. 2
106. 2
107. 5
108. 1
109. 2
110. 2
111. 2
112. 3
113. 2
114. 2
115. 4
116. 2
117. 2
118. 2
119. 2
120. 3
121. 3
122. 2
123. 3
124. 3
125. 2
126. 2
127. 1
128. 1
129. 4
130. 2
131. 2
132. 3
133. 3
134. 2
135. 2
136. 4
137. 2
138. 1
139. 2
140. 3
141. 2
142. 4
143. 2
144. 2
145. 2
146. 3
147. 3
148. 1
149. 2
150. 1
151. 3
152. 3
153. 2
154. 2
155. 3
156. 2
157. 3
158. 2
159. 2
160. 4
161. 2
162. 1
163. 3
164. 3
165. 2
166. 2
167. 1
168. 3
169. 2
170. 1
171. 2
172. 2
173. 2
174. 3
175. 1
176. 2
177. 3
178. 2
179. 2
180. 3
181. 1
182. 2
183. 2
184. 2
185. 2
186. 3
187. 1
188. 3
189. 2
190. 2
191. 3
192. 3
193. 2
194. 4
195. 2
196. 2
197. 2
198. 2
199. 2
200. 2