5676.txt
1. 2
2. 3
3. 1
4. 1
5. 2
6. 1
7. 2
8. 3
9. 2
10. 2
11. 1
12. 2
13. 2
14. 3
15. 2
16. 1
17. 2
18. 1
19. 4
20. 3
21. 1
22. 1
23. 2
24. 3
25. 1
26. 4
27. 2
28. 2
29. 3
30. 2
31. 1
32. 4
33. 3
34. 2
35. 1
36. 2
37. 3
38. 2
39. 2
40. 2
41. 2
42. 4
43. 3
44. 3
45. 1
46. 2
47. 3
48. 2
49. 2
50. 3
51. 1
52. 4
53. 4
54. 2
55. 1
56. 3
57. 2
58. 1
59. 1
60. 1
61. 2
62. 1
63. 3
64. 3
65. 2
66. 2
67. 1
68. 1
69. 2
70. 3
71. 2
72. 2
73. 1
74. 1
75. 1
76. 2
77. 1
78. 3
79. 3
80. 2
81. 2
82. 2
83. 1
84. 2
85. 2
86. 1
87. 2
88. 3
89. 5
90. 2
91. 1
92. 4
93. 1
94. 1
95. 2
96. 2
97. 3
98. 2
99. 3
100. 2
101. 1
102. 1
103. 2
104. 1
105. 1
106. 1
107. 2
108. 1
109. 2
110. 2
111. 1
112. 1
113. 1
114. 2
115. 1
116. 4
117. 5
118. 2
119. 3
120. 1
121. 3
122. 1
123. 3
124. 2
125. 1
126. 2
127. 4
128. 2
129. 1
130. 4
131. 2
132. 3
133. 1
134. 4
135. 1
136. 2
137. 3
138. 2
139. 2
140. 1
141. 3
142. 2
143. 1
144. 1
145. 1
146. 2
147. 2
148. 1
149. 1
150. 2
151. 2
152. 5
153. 1
154. 2
155. 4
156. 1
157. 4
158. 1
159. 3
160. 3
161. 1
162. 2
163. 2
164. 2
165. 1
166. 2
167. 2
168. 2
169. 1
170. 1
171. 3
172. 4
173. 3
174. 2
175. 1
176. 4
177. 2
178. 1
179. 2
180. 1
181. 2
182. 1
183. 4
184. 3
185. 2
186. 1
187. 1
188. 1
189. 2
190. 3
191. 1
192. 1
193. 1
194. 1
195. 3
196. 2
197. 1
198. 3
199. 1
200. 2