5684.txt
1. 3
2. 1
3. 1
4. 0
5. 1
6. 2
7. 2
8. 3
9. 2
10. 2
11. 1
12. 2
13. 2
14. 2
15. 2
16. 1
17. 1
18. 4
19. 2
20. 1
21. 1
22. 1
23. 3
24. 1
25. 2
26. 4
27. 2
28. 1
29. 2
30. 4
31. 1
32. 2
33. 2
34. 2
35. 1
36. 2
37. 3
38. 2
39. 4
40. 1
41. 1
42. 2
43. 3
44. 4
45. 2
46. 3
47. 1
48. 2
49. 7
50. 3
51. 1
52. 2
53. 1
54. 3
55. 1
56. 5
57. 3
58. 2
59. 2
60. 4
61. 1
62. 3
63. 2
64. 1
65. 2
66. 4
67. 2
68. 3
69. 3
70. 3
71. 2
72. 2
73. 2
74. 3
75. 1
76. 2
77. 2
78. 1
79. 1
80. 2
81. 2
82. 2
83. 2
84. 3
85. 3
86. 3
87. 1
88. 2
89. 3
90. 2
91. 2
92. 6
93. 2
94. 1
95. 2
96. 2
97. 1
98. 1
99. 4
100. 2
101. 1
102. 2
103. 3
104. 3
105. 3
106. 3
107. 4
108. 2
109. 2
110. 3
111. 2
112. 2
113. 1
114. 2
115. 2
116. 2
117. 4
118. 1
119. 1
120. 5
121. 1
122. 1
123. 4
124. 1
125. 1
126. 3
127. 2
128. 2
129. 3
130. 1
131. 2
132. 2
133. 1
134. 1
135. 2
136. 2
137. 1
138. 2
139. 2
140. 2
141. 1
142. 3
143. 2
144. 2
145. 2
146. 2
147. 1
148. 3
149. 2
150. 2
151. 4
152. 1
153. 2
154. 3
155. 2
156. 1
157. 3
158. 3
159. 1
160. 2
161. 2
162. 3
163. 3
164. 1
165. 2
166. 2
167. 2
168. 2
169. 2
170. 3
171. 1
172. 3
173. 2
174. 3
175. 3
176. 6
177. 2
178. 2
179. 1
180. 4
181. 1
182. 2
183. 2
184. 2
185. 1
186. 2
187. 1
188. 2
189. 2
190. 1
191. 1
192. 3
193. 1
194. 1
195. 1
196. 2
197. 3
198. 2
199. 2
200. 2