5686.txt
1. 2
2. 0
3. 0
4. 3
5. 6
6. 0
7. 1
8. 0
9. 0
10. 3
11. 0
12. 4
13. 0
14. 2
15. 3
16. 2
17. 0
18. 4
19. 0
20. 3
21. 0
22. 0
23. 0
24. 2
25. 0
26. 0
27. 4
28. 0
29. 2
30. 0
31. 2
32. 0
33. 0
34. 4
35. 0
36. 2
37. 0
38. 0
39. 0
40. 2
41. 0
42. 0
43. 0
44. 0
45. 2
46. 0
47. 3
48. 0
49. 0
50. 0
51. 1
52. 2
53. 0
54. 0
55. 5
56. 2
57. 2
58. 0
59. 2
60. 4
61. 2
62. 2
63. 0
64. 0
65. 0
66. 0
67. 0
68. 1
69. 2
70. 0
71. 2
72. 3
73. 0
74. 2
75. 2
76. 2
77. 6
78. 2
79. 0
80. 3
81. 6
82. 2
83. 2
84. 2
85. 3
86. 6
87. 0
88. 0
89. 3
90. 2
91. 0
92. 2
93. 4
94. 3
95. 1
96. 4
97. 0
98. 0
99. 0
100. 0
101. 0
102. 0
103. 0
104. 2
105. 3
106. 3
107. 0
108. 2
109. 0
110. 0
111. 0
112. 0
113. 3
114. 3
115. 0
116. 0
117. 0
118. 0
119. 1
120. 2
121. 4
122. 2
123. 0
124. 0
125. 0
126. 0
127. 5
128. 0
129. 2
130. 0
131. 2
132. 4
133. 2
134. 5
135. 0
136. 0
137. 0
138. 0
139. 0
140. 0
141. 2
142. 0
143. 0
144. 2
145. 2
146. 2
147. 0
148. 2
149. 0
150. 2
151. 2
152. 2
153. 0
154. 0
155. 2
156. 2
157. 2
158. 0
159. 0
160. 2
161. 2
162. 2
163. 2
164. 0
165. 0
166. 5
167. 0
168. 4
169. 0
170. 3
171. 0
172. 0
173. 2
174. 2
175. 3
176. 0
177. 3
178. 2
179. 0
180. 0
181. 0
182. 2
183. 0
184. 2
185. 3
186. 0
187. 2
188. 2
189. 3
190. 0
191. 0
192. 3
193. 3
194. 0
195. 2
196. 2
197. 3
198. 2
199. 0
200. 0