5706.txt
1. 3
2. 0
3. 4
4. 3
5. 2
6. 2
7. 0
8. 1
9. 4
10. 0
11. 2
12. 0
13. 2
14. 1
15. 0
16. 1
17. 0
18. 1
19. 1
20. 0
21. 0
22. 4
23. 1
24. 0
25. 3
26. 1
27. 0
28. 1
29. 2
30. 1
31. 1
32. 2
33. 1
34. 3
35. 1
36. 3
37. 2
38. 2
39. 2
40. 3
41. 1
42. 0
43. 2
44. 2
45. 4
46. 3
47. 2
48. 0
49. 3
50. 1
51. 1
52. 2
53. 1
54. 1
55. 2
56. 0
57. 2
58. 0
59. 2
60. 3
61. 3
62. 2
63. 4
64. 1
65. 2
66. 2
67. 4
68. 0
69. 1
70. 3
71. 1
72. 2
73. 1
74. 1
75. 3
76. 4
77. 1
78. 0
79. 1
80. 5
81. 1
82. 2
83. 2
84. 3
85. 4
86. 0
87. 2
88. 1
89. 0
90. 0
91. 1
92. 1
93. 2
94. 1
95. 0
96. 1
97. 1
98. 0
99. 0
100. 1
101. 2
102. 0
103. 1
104. 2
105. 2
106. 1
107. 1
108. 2
109. 2
110. 3
111. 2
112. 2
113. 3
114. 2
115. 0
116. 2
117. 2
118. 3
119. 0
120. 0
121. 2
122. 2
123. 3
124. 1
125. 0
126. 3
127. 0
128. 2
129. 1
130. 2
131. 2
132. 0
133. 1
134. 2
135. 2
136. 3
137. 1
138. 2
139. 1
140. 1
141. 0
142. 1
143. 3
144. 1
145. 2
146. 1
147. 2
148. 2
149. 2
150. 2
151. 1
152. 4
153. 4
154. 1
155. 2
156. 2
157. 2
158. 4
159. 2
160. 1
161. 3
162. 1
163. 3
164. 3
165. 1
166. 1
167. 1
168. 1
169. 1
170. 5
171. 1
172. 0
173. 1
174. 2
175. 1
176. 2
177. 3
178. 0
179. 3
180. 2
181. 0
182. 3
183. 0
184. 1
185. 1
186. 1
187. 1
188. 1
189. 1
190. 1
191. 2
192. 1
193. 2
194. 0
195. 3
196. 2
197. 2
198. 1
199. 5
200. 3