571.txt
1. 2
2. 3
3. 1
4. 4
5. 2
6. 2
7. 2
8. 5
9. 1
10. 3
11. 1
12. 6
13. 1
14. 3
15. 4
16. 6
17. 3
18. 2
19. 1
20. 4
21. 2
22. 2
23. 2
24. 3
25. 1
26. 3
27. 2
28. 4
29. 3
30. 2
31. 3
32. 1
33. 2
34. 2
35. 4
36. 3
37. 3
38. 2
39. 2
40. 4
41. 1
42. 2
43. 2
44. 2
45. 3
46. 1
47. 5
48. 2
49. 3
50. 3
51. 2
52. 3
53. 2
54. 5
55. 2
56. 3
57. 3
58. 2
59. 2
60. 1
61. 2
62. 2
63. 3
64. 4
65. 1
66. 4
67. 2
68. 2
69. 3
70. 4
71. 4
72. 3
73. 2
74. 2
75. 2
76. 2
77. 4
78. 3
79. 2
80. 3
81. 4
82. 2
83. 2
84. 3
85. 2
86. 1
87. 3
88. 1
89. 7
90. 3
91. 4
92. 2
93. 2
94. 2
95. 2
96. 2
97. 5
98. 1
99. 3
100. 4
101. 2
102. 1
103. 2
104. 3
105. 2
106. 2
107. 1
108. 3
109. 2
110. 1
111. 2
112. 1
113. 3
114. 3
115. 2
116. 4
117. 2
118. 2
119. 2
120. 3
121. 4
122. 4
123. 2
124. 4
125. 3
126. 2
127. 3
128. 4
129. 2
130. 4
131. 2
132. 2
133. 1
134. 1
135. 1
136. 2
137. 1
138. 3
139. 5
140. 2
141. 2
142. 3
143. 2
144. 3
145. 4
146. 3
147. 3
148. 3
149. 2
150. 3
151. 3
152. 3
153. 3
154. 1
155. 4
156. 2
157. 2
158. 2
159. 2
160. 2
161. 1
162. 3
163. 2
164. 2
165. 2
166. 1
167. 3
168. 2
169. 2
170. 3
171. 1
172. 2
173. 2
174. 5
175. 2
176. 4
177. 5
178. 2
179. 6
180. 3
181. 3
182. 6
183. 4
184. 2
185. 3
186. 1
187. 2
188. 2
189. 5
190. 2
191. 3
192. 2
193. 2
194. 6
195. 3
196. 2
197. 2
198. 2
199. 2
200. 2