5712.txt
1. 0
2. 2
3. 1
4. 3
5. 2
6. 0
7. 2
8. 0
9. 1
10. 1
11. 0
12. 1
13. 3
14. 4
15. 2
16. 2
17. 1
18. 2
19. 1
20. 3
21. 1
22. 4
23. 2
24. 1
25. 3
26. 4
27. 3
28. 4
29. 2
30. 3
31. 2
32. 2
33. 1
34. 0
35. 1
36. 2
37. 4
38. 1
39. 2
40. 2
41. 2
42. 3
43. 2
44. 1
45. 2
46. 2
47. 1
48. 2
49. 1
50. 3
51. 2
52. 2
53. 1
54. 3
55. 1
56. 2
57. 1
58. 3
59. 1
60. 1
61. 2
62. 1
63. 2
64. 1
65. 1
66. 2
67. 4
68. 1
69. 3
70. 1
71. 3
72. 1
73. 2
74. 2
75. 2
76. 3
77. 1
78. 1
79. 2
80. 1
81. 2
82. 2
83. 1
84. 1
85. 1
86. 1
87. 2
88. 3
89. 2
90. 2
91. 2
92. 2
93. 2
94. 2
95. 2
96. 3
97. 1
98. 2
99. 2
100. 2
101. 1
102. 1
103. 2
104. 2
105. 4
106. 1
107. 3
108. 1
109. 3
110. 4
111. 1
112. 1
113. 3
114. 0
115. 2
116. 2
117. 1
118. 2
119. 1
120. 1
121. 2
122. 1
123. 1
124. 1
125. 2
126. 1
127. 2
128. 3
129. 1
130. 2
131. 2
132. 2
133. 3
134. 2
135. 3
136. 2
137. 1
138. 3
139. 1
140. 1
141. 2
142. 2
143. 2
144. 2
145. 8
146. 1
147. 2
148. 1
149. 2
150. 1
151. 2
152. 3
153. 0
154. 1
155. 1
156. 3
157. 3
158. 2
159. 2
160. 2
161. 2
162. 1
163. 3
164. 5
165. 2
166. 1
167. 2
168. 3
169. 2
170. 2
171. 4
172. 2
173. 3
174. 1
175. 1
176. 5
177. 1
178. 1
179. 3
180. 1
181. 8
182. 1
183. 1
184. 2
185. 1
186. 2
187. 1
188. 2
189. 4
190. 2
191. 1
192. 2
193. 1
194. 2
195. 1
196. 1
197. 3
198. 1
199. 1
200. 2