5726.txt
1. 3
2. 0
3. 1
4. 1
5. 1
6. 2
7. 0
8. 2
9. 0
10. 2
11. 3
12. 0
13. 2
14. 0
15. 0
16. 1
17. 1
18. 0
19. 1
20. 4
21. 1
22. 0
23. 2
24. 2
25. 0
26. 3
27. 2
28. 1
29. 0
30. 2
31. 3
32. 2
33. 1
34. 1
35. 0
36. 0
37. 0
38. 0
39. 2
40. 1
41. 1
42. 3
43. 0
44. 2
45. 0
46. 0
47. 2
48. 1
49. 3
50. 1
51. 0
52. 3
53. 1
54. 0
55. 2
56. 1
57. 2
58. 1
59. 3
60. 1
61. 0
62. 1
63. 1
64. 2
65. 0
66. 0
67. 0
68. 1
69. 0
70. 2
71. 1
72. 4
73. 2
74. 2
75. 2
76. 4
77. 2
78. 0
79. 0
80. 2
81. 1
82. 1
83. 0
84. 1
85. 0
86. 7
87. 2
88. 0
89. 0
90. 2
91. 1
92. 2
93. 4
94. 1
95. 2
96. 2
97. 2
98. 0
99. 2
100. 1
101. 9
102. 0
103. 0
104. 6
105. 2
106. 1
107. 2
108. 1
109. 0
110. 4
111. 0
112. 1
113. 0
114. 1
115. 1
116. 4
117. 1
118. 1
119. 1
120. 0
121. 2
122. 1
123. 0
124. 2
125. 1
126. 1
127. 3
128. 1
129. 0
130. 0
131. 3
132. 0
133. 0
134. 2
135. 0
136. 3
137. 1
138. 0
139. 0
140. 1
141. 3
142. 1
143. 2
144. 1
145. 1
146. 2
147. 2
148. 0
149. 1
150. 2
151. 0
152. 0
153. 0
154. 2
155. 1
156. 2
157. 1
158. 0
159. 2
160. 1
161. 0
162. 0
163. 3
164. 0
165. 1
166. 2
167. 1
168. 0
169. 2
170. 4
171. 1
172. 0
173. 1
174. 1
175. 2
176. 3
177. 2
178. 1
179. 2
180. 1
181. 2
182. 2
183. 0
184. 0
185. 1
186. 1
187. 1
188. 0
189. 1
190. 1
191. 3
192. 0
193. 1
194. 1
195. 2
196. 3
197. 3
198. 0
199. 2
200. 2