575.txt
1. 2
2. 1
3. 3
4. 2
5. 4
6. 2
7. 4
8. 3
9. 2
10. 2
11. 2
12. 3
13. 1
14. 4
15. 2
16. 3
17. 1
18. 3
19. 0
20. 1
21. 1
22. 4
23. 2
24. 2
25. 4
26. 2
27. 3
28. 1
29. 2
30. 4
31. 3
32. 4
33. 3
34. 2
35. 1
36. 1
37. 2
38. 3
39. 1
40. 4
41. 2
42. 1
43. 3
44. 1
45. 3
46. 2
47. 1
48. 2
49. 5
50. 1
51. 3
52. 1
53. 2
54. 2
55. 1
56. 7
57. 1
58. 3
59. 3
60. 2
61. 2
62. 4
63. 3
64. 2
65. 3
66. 4
67. 2
68. 4
69. 3
70. 4
71. 3
72. 3
73. 3
74. 1
75. 2
76. 3
77. 1
78. 2
79. 1
80. 2
81. 2
82. 1
83. 2
84. 1
85. 3
86. 4
87. 1
88. 2
89. 3
90. 2
91. 1
92. 3
93. 1
94. 2
95. 2
96. 2
97. 2
98. 2
99. 3
100. 2
101. 2
102. 3
103. 2
104. 1
105. 2
106. 2
107. 3
108. 2
109. 2
110. 1
111. 1
112. 2
113. 3
114. 1
115. 3
116. 2
117. 3
118. 1
119. 1
120. 2
121. 2
122. 1
123. 1
124. 2
125. 2
126. 2
127. 2
128. 2
129. 1
130. 1
131. 3
132. 3
133. 1
134. 1
135. 3
136. 1
137. 3
138. 2
139. 1
140. 2
141. 2
142. 3
143. 2
144. 2
145. 2
146. 2
147. 2
148. 2
149. 1
150. 3
151. 2
152. 4
153. 2
154. 1
155. 4
156. 4
157. 2
158. 2
159. 2
160. 3
161. 2
162. 1
163. 2
164. 3
165. 1
166. 2
167. 2
168. 2
169. 2
170. 3
171. 2
172. 2
173. 2
174. 2
175. 3
176. 4
177. 2
178. 2
179. 3
180. 1
181. 2
182. 4
183. 1
184. 3
185. 4
186. 1
187. 3
188. 4
189. 3
190. 2
191. 4
192. 3
193. 3
194. 3
195. 1
196. 3
197. 2
198. 2
199. 1
200. 2