5750.txt
1. 2
2. 1
3. 6
4. 2
5. 3
6. 2
7. 4
8. 1
9. 4
10. 2
11. 2
12. 5
13. 1
14. 2
15. 2
16. 1
17. 3
18. 2
19. 2
20. 3
21. 1
22. 1
23. 2
24. 2
25. 3
26. 5
27. 2
28. 3
29. 1
30. 3
31. 3
32. 1
33. 1
34. 3
35. 2
36. 2
37. 5
38. 2
39. 1
40. 2
41. 2
42. 3
43. 4
44. 3
45. 2
46. 1
47. 2
48. 2
49. 1
50. 1
51. 2
52. 3
53. 4
54. 1
55. 3
56. 1
57. 7
58. 1
59. 3
60. 2
61. 1
62. 2
63. 3
64. 2
65. 2
66. 3
67. 3
68. 1
69. 2
70. 1
71. 2
72. 1
73. 4
74. 2
75. 2
76. 2
77. 2
78. 1
79. 5
80. 3
81. 2
82. 2
83. 2
84. 2
85. 3
86. 3
87. 2
88. 2
89. 3
90. 4
91. 4
92. 1
93. 3
94. 4
95. 3
96. 2
97. 4
98. 3
99. 2
100. 2
101. 4
102. 1
103. 2
104. 1
105. 3
106. 2
107. 2
108. 2
109. 3
110. 2
111. 2
112. 2
113. 4
114. 1
115. 3
116. 2
117. 3
118. 2
119. 1
120. 2
121. 2
122. 3
123. 2
124. 3
125. 3
126. 3
127. 5
128. 1
129. 2
130. 1
131. 1
132. 3
133. 2
134. 2
135. 1
136. 2
137. 3
138. 2
139. 3
140. 4
141. 1
142. 3
143. 2
144. 3
145. 2
146. 1
147. 2
148. 3
149. 3
150. 1
151. 1
152. 3
153. 1
154. 2
155. 2
156. 2
157. 3
158. 3
159. 2
160. 4
161. 2
162. 2
163. 5
164. 3
165. 3
166. 2
167. 2
168. 2
169. 2
170. 3
171. 2
172. 1
173. 3
174. 2
175. 3
176. 2
177. 2
178. 2
179. 3
180. 2
181. 1
182. 2
183. 3
184. 2
185. 2
186. 4
187. 1
188. 2
189. 3
190. 2
191. 1
192. 3
193. 2
194. 2
195. 4
196. 3
197. 3
198. 2
199. 2
200. 2