5771.txt
1. 0
2. 1
3. 0
4. 4
5. 2
6. 0
7. 1
8. 0
9. 3
10. 1
11. 2
12. 1
13. 0
14. 6
15. 1
16. 1
17. 0
18. 2
19. 1
20. 0
21. 0
22. 2
23. 3
24. 2
25. 3
26. 0
27. 4
28. 2
29. 0
30. 2
31. 2
32. 1
33. 1
34. 0
35. 8
36. 1
37. 2
38. 5
39. 4
40. 5
41. 1
42. 0
43. 1
44. 3
45. 1
46. 2
47. 1
48. 1
49. 3
50. 1
51. 1
52. 1
53. 2
54. 0
55. 4
56. 3
57. 0
58. 0
59. 1
60. 3
61. 1
62. 5
63. 1
64. 2
65. 0
66. 2
67. 3
68. 2
69. 0
70. 2
71. 1
72. 2
73. 1
74. 3
75. 0
76. 3
77. 2
78. 1
79. 1
80. 2
81. 0
82. 2
83. 1
84. 2
85. 3
86. 1
87. 1
88. 2
89. 0
90. 1
91. 0
92. 2
93. 0
94. 1
95. 2
96. 3
97. 4
98. 0
99. 3
100. 2
101. 3
102. 2
103. 2
104. 4
105. 0
106. 0
107. 2
108. 3
109. 0
110. 1
111. 2
112. 1
113. 1
114. 1
115. 2
116. 1
117. 1
118. 2
119. 1
120. 3
121. 2
122. 3
123. 2
124. 1
125. 2
126. 1
127. 2
128. 1
129. 1
130. 3
131. 2
132. 1
133. 1
134. 0
135. 2
136. 2
137. 0
138. 1
139. 1
140. 2
141. 0
142. 1
143. 1
144. 2
145. 2
146. 1
147. 1
148. 1
149. 1
150. 1
151. 2
152. 3
153. 0
154. 1
155. 2
156. 1
157. 1
158. 2
159. 2
160. 2
161. 3
162. 2
163. 1
164. 4
165. 4
166. 2
167. 1
168. 1
169. 0
170. 3
171. 1
172. 4
173. 2
174. 1
175. 2
176. 2
177. 2
178. 3
179. 1
180. 2
181. 1
182. 4
183. 2
184. 3
185. 3
186. 2
187. 1
188. 5
189. 1
190. 1
191. 2
192. 1
193. 1
194. 3
195. 1
196. 4
197. 1
198. 1
199. 2
200. 3