5773.txt
1. 2
2. 3
3. 2
4. 3
5. 1
6. 2
7. 4
8. 6
9. 2
10. 5
11. 1
12. 3
13. 2
14. 3
15. 2
16. 4
17. 1
18. 4
19. 2
20. 4
21. 2
22. 3
23. 4
24. 2
25. 1
26. 2
27. 3
28. 2
29. 2
30. 1
31. 3
32. 6
33. 3
34. 2
35. 1
36. 3
37. 2
38. 2
39. 1
40. 4
41. 2
42. 2
43. 3
44. 4
45. 1
46. 2
47. 3
48. 4
49. 2
50. 3
51. 5
52. 3
53. 4
54. 2
55. 4
56. 2
57. 2
58. 1
59. 4
60. 2
61. 3
62. 2
63. 2
64. 2
65. 2
66. 2
67. 4
68. 5
69. 4
70. 2
71. 2
72. 2
73. 2
74. 1
75. 1
76. 3
77. 4
78. 3
79. 3
80. 1
81. 5
82. 5
83. 4
84. 2
85. 3
86. 1
87. 2
88. 3
89. 3
90. 2
91. 3
92. 2
93. 4
94. 1
95. 1
96. 5
97. 2
98. 6
99. 5
100. 1
101. 4
102. 1
103. 2
104. 3
105. 3
106. 2
107. 5
108. 1
109. 6
110. 2
111. 3
112. 2
113. 7
114. 5
115. 2
116. 1
117. 2
118. 1
119. 4
120. 2
121. 2
122. 3
123. 3
124. 2
125. 1
126. 3
127. 2
128. 3
129. 2
130. 3
131. 5
132. 2
133. 3
134. 5
135. 1
136. 4
137. 1
138. 2
139. 2
140. 2
141. 1
142. 4
143. 1
144. 2
145. 2
146. 2
147. 4
148. 4
149. 1
150. 4
151. 2
152. 4
153. 3
154. 1
155. 2
156. 3
157. 2
158. 3
159. 3
160. 2
161. 4
162. 2
163. 2
164. 5
165. 5
166. 1
167. 3
168. 2
169. 3
170. 2
171. 3
172. 3
173. 2
174. 2
175. 3
176. 2
177. 3
178. 2
179. 4
180. 2
181. 1
182. 1
183. 2
184. 3
185. 3
186. 3
187. 4
188. 1
189. 2
190. 1
191. 2
192. 2
193. 3
194. 2
195. 2
196. 4
197. 4
198. 1
199. 2
200. 2