5784.txt
1. 2
2. 6
3. 1
4. 4
5. 3
6. 5
7. 3
8. 1
9. 3
10. 4
11. 2
12. 1
13. 4
14. 2
15. 1
16. 4
17. 2
18. 5
19. 4
20. 2
21. 3
22. 5
23. 6
24. 1
25. 3
26. 3
27. 1
28. 3
29. 4
30. 3
31. 1
32. 4
33. 3
34. 3
35. 3
36. 2
37. 2
38. 3
39. 4
40. 2
41. 2
42. 2
43. 3
44. 2
45. 1
46. 3
47. 2
48. 4
49. 3
50. 1
51. 3
52. 2
53. 2
54. 2
55. 4
56. 3
57. 2
58. 3
59. 3
60. 5
61. 2
62. 4
63. 2
64. 2
65. 2
66. 2
67. 3
68. 2
69. 2
70. 2
71. 3
72. 3
73. 3
74. 4
75. 3
76. 1
77. 2
78. 2
79. 3
80. 3
81. 2
82. 3
83. 2
84. 6
85. 3
86. 1
87. 7
88. 2
89. 2
90. 2
91. 2
92. 3
93. 2
94. 1
95. 1
96. 2
97. 2
98. 2
99. 1
100. 3
101. 3
102. 2
103. 1
104. 2
105. 3
106. 3
107. 2
108. 2
109. 8
110. 2
111. 1
112. 2
113. 2
114. 2
115. 2
116. 3
117. 1
118. 4
119. 3
120. 2
121. 2
122. 2
123. 2
124. 2
125. 3
126. 3
127. 3
128. 2
129. 2
130. 2
131. 1
132. 2
133. 1
134. 3
135. 2
136. 5
137. 3
138. 1
139. 1
140. 4
141. 2
142. 3
143. 1
144. 3
145. 4
146. 3
147. 2
148. 5
149. 2
150. 4
151. 1
152. 2
153. 2
154. 2
155. 2
156. 1
157. 3
158. 3
159. 4
160. 2
161. 2
162. 3
163. 2
164. 2
165. 4
166. 2
167. 3
168. 4
169. 3
170. 3
171. 1
172. 3
173. 3
174. 3
175. 2
176. 1
177. 3
178. 1
179. 3
180. 2
181. 1
182. 3
183. 3
184. 7
185. 2
186. 4
187. 2
188. 1
189. 4
190. 2
191. 3
192. 4
193. 3
194. 3
195. 2
196. 4
197. 4
198. 3
199. 4
200. 4