5789.txt
1. 0
2. 2
3. 3
4. 1
5. 1
6. 1
7. 1
8. 0
9. 0
10. 2
11. 1
12. 2
13. 1
14. 1
15. 4
16. 1
17. 1
18. 0
19. 8
20. 0
21. 2
22. 1
23. 1
24. 5
25. 3
26. 1
27. 2
28. 1
29. 4
30. 1
31. 2
32. 1
33. 4
34. 0
35. 1
36. 0
37. 0
38. 1
39. 2
40. 2
41. 1
42. 1
43. 3
44. 1
45. 2
46. 2
47. 1
48. 2
49. 5
50. 2
51. 3
52. 4
53. 2
54. 2
55. 1
56. 1
57. 2
58. 3
59. 2
60. 1
61. 1
62. 2
63. 8
64. 2
65. 2
66. 6
67. 3
68. 1
69. 1
70. 2
71. 1
72. 3
73. 1
74. 2
75. 1
76. 2
77. 2
78. 1
79. 4
80. 1
81. 1
82. 3
83. 2
84. 0
85. 1
86. 2
87. 4
88. 1
89. 1
90. 1
91. 2
92. 1
93. 2
94. 2
95. 3
96. 2
97. 2
98. 1
99. 1
100. 8
101. 2
102. 1
103. 1
104. 2
105. 1
106. 1
107. 1
108. 4
109. 2
110. 1
111. 1
112. 0
113. 4
114. 1
115. 2
116. 3
117. 4
118. 3
119. 2
120. 2
121. 2
122. 3
123. 2
124. 1
125. 2
126. 1
127. 1
128. 2
129. 2
130. 3
131. 1
132. 1
133. 1
134. 4
135. 2
136. 1
137. 2
138. 1
139. 0
140. 1
141. 2
142. 2
143. 4
144. 2
145. 1
146. 3
147. 2
148. 1
149. 2
150. 2
151. 2
152. 2
153. 2
154. 1
155. 1
156. 0
157. 1
158. 1
159. 1
160. 1
161. 2
162. 1
163. 2
164. 1
165. 4
166. 2
167. 1
168. 1
169. 1
170. 3
171. 2
172. 4
173. 2
174. 2
175. 5
176. 2
177. 1
178. 1
179. 1
180. 2
181. 1
182. 0
183. 2
184. 3
185. 2
186. 3
187. 1
188. 2
189. 2
190. 2
191. 2
192. 2
193. 1
194. 1
195. 2
196. 4
197. 1
198. 2
199. 2
200. 2