5794.txt
1. 2
2. 4
3. 1
4. 3
5. 2
6. 1
7. 2
8. 2
9. 3
10. 1
11. 4
12. 2
13. 2
14. 4
15. 3
16. 2
17. 2
18. 1
19. 3
20. 3
21. 1
22. 3
23. 6
24. 1
25. 2
26. 1
27. 1
28. 2
29. 5
30. 1
31. 3
32. 3
33. 2
34. 2
35. 2
36. 3
37. 3
38. 3
39. 1
40. 3
41. 1
42. 3
43. 2
44. 7
45. 1
46. 5
47. 3
48. 1
49. 2
50. 4
51. 2
52. 3
53. 2
54. 2
55. 5
56. 2
57. 1
58. 1
59. 1
60. 2
61. 2
62. 5
63. 2
64. 4
65. 3
66. 4
67. 2
68. 4
69. 2
70. 4
71. 1
72. 4
73. 2
74. 2
75. 1
76. 3
77. 1
78. 1
79. 3
80. 2
81. 2
82. 1
83. 2
84. 2
85. 1
86. 4
87. 2
88. 2
89. 2
90. 2
91. 7
92. 3
93. 4
94. 3
95. 2
96. 3
97. 2
98. 3
99. 3
100. 4
101. 2
102. 5
103. 2
104. 2
105. 3
106. 5
107. 2
108. 2
109. 1
110. 3
111. 1
112. 2
113. 4
114. 1
115. 2
116. 2
117. 2
118. 2
119. 2
120. 2
121. 1
122. 2
123. 3
124. 3
125. 1
126. 4
127. 3
128. 2
129. 2
130. 3
131. 2
132. 1
133. 2
134. 2
135. 3
136. 2
137. 3
138. 3
139. 3
140. 1
141. 2
142. 4
143. 1
144. 2
145. 3
146. 2
147. 3
148. 3
149. 2
150. 1
151. 2
152. 1
153. 1
154. 3
155. 2
156. 4
157. 2
158. 2
159. 4
160. 2
161. 2
162. 2
163. 2
164. 3
165. 2
166. 1
167. 3
168. 3
169. 3
170. 1
171. 2
172. 2
173. 2
174. 2
175. 2
176. 3
177. 2
178. 6
179. 2
180. 2
181. 4
182. 3
183. 3
184. 2
185. 2
186. 1
187. 3
188. 3
189. 3
190. 3
191. 4
192. 4
193. 2
194. 2
195. 1
196. 2
197. 6
198. 2
199. 5
200. 2