5802.txt
1. 2
2. 4
3. 6
4. 3
5. 3
6. 2
7. 1
8. 2
9. 1
10. 1
11. 3
12. 1
13. 7
14. 4
15. 1
16. 2
17. 2
18. 1
19. 3
20. 2
21. 3
22. 3
23. 2
24. 2
25. 4
26. 2
27. 4
28. 2
29. 3
30. 2
31. 2
32. 2
33. 2
34. 1
35. 4
36. 1
37. 2
38. 3
39. 4
40. 5
41. 3
42. 3
43. 4
44. 1
45. 1
46. 4
47. 3
48. 4
49. 4
50. 2
51. 1
52. 2
53. 3
54. 2
55. 2
56. 2
57. 2
58. 2
59. 2
60. 3
61. 2
62. 2
63. 1
64. 2
65. 2
66. 3
67. 2
68. 4
69. 1
70. 4
71. 1
72. 2
73. 5
74. 3
75. 1
76. 2
77. 1
78. 2
79. 3
80. 5
81. 1
82. 4
83. 3
84. 2
85. 2
86. 2
87. 2
88. 2
89. 2
90. 3
91. 3
92. 1
93. 3
94. 3
95. 4
96. 3
97. 2
98. 2
99. 4
100. 2
101. 4
102. 2
103. 3
104. 3
105. 2
106. 2
107. 2
108. 2
109. 3
110. 4
111. 2
112. 2
113. 2
114. 3
115. 2
116. 2
117. 4
118. 4
119. 2
120. 2
121. 2
122. 1
123. 2
124. 3
125. 3
126. 3
127. 2
128. 3
129. 4
130. 2
131. 1
132. 1
133. 3
134. 2
135. 1
136. 4
137. 2
138. 3
139. 3
140. 2
141. 1
142. 3
143. 2
144. 2
145. 2
146. 3
147. 2
148. 3
149. 2
150. 1
151. 4
152. 2
153. 2
154. 3
155. 5
156. 2
157. 2
158. 3
159. 2
160. 5
161. 2
162. 4
163. 2
164. 3
165. 2
166. 2
167. 2
168. 2
169. 3
170. 3
171. 6
172. 7
173. 1
174. 4
175. 5
176. 2
177. 4
178. 2
179. 3
180. 2
181. 1
182. 4
183. 3
184. 5
185. 3
186. 2
187. 2
188. 1
189. 3
190. 2
191. 1
192. 1
193. 2
194. 2
195. 2
196. 2
197. 5
198. 3
199. 2
200. 3