5805.txt
1. 0
2. 10
3. 2
4. 1
5. 2
6. 0
7. 2
8. 3
9. 0
10. 4
11. 1
12. 1
13. 0
14. 1
15. 3
16. 1
17. 4
18. 0
19. 1
20. 1
21. 1
22. 0
23. 0
24. 0
25. 2
26. 0
27. 0
28. 0
29. 0
30. 3
31. 2
32. 3
33. 0
34. 1
35. 3
36. 0
37. 3
38. 0
39. 2
40. 0
41. 0
42. 0
43. 1
44. 0
45. 0
46. 2
47. 2
48. 4
49. 2
50. 0
51. 7
52. 0
53. 0
54. 3
55. 2
56. 1
57. 0
58. 0
59. 2
60. 0
61. 1
62. 2
63. 2
64. 2
65. 1
66. 5
67. 2
68. 3
69. 2
70. 3
71. 1
72. 0
73. 3
74. 1
75. 0
76. 0
77. 2
78. 2
79. 0
80. 2
81. 2
82. 3
83. 2
84. 1
85. 1
86. 3
87. 2
88. 0
89. 2
90. 2
91. 2
92. 1
93. 4
94. 2
95. 0
96. 2
97. 0
98. 1
99. 1
100. 0
101. 1
102. 1
103. 1
104. 1
105. 1
106. 1
107. 4
108. 1
109. 1
110. 2
111. 2
112. 4
113. 1
114. 2
115. 1
116. 3
117. 1
118. 0
119. 2
120. 1
121. 3
122. 1
123. 3
124. 3
125. 3
126. 4
127. 3
128. 0
129. 1
130. 1
131. 0
132. 2
133. 1
134. 2
135. 3
136. 2
137. 2
138. 1
139. 0
140. 1
141. 0
142. 3
143. 0
144. 0
145. 3
146. 1
147. 1
148. 2
149. 1
150. 1
151. 3
152. 0
153. 1
154. 2
155. 2
156. 1
157. 2
158. 3
159. 1
160. 3
161. 3
162. 0
163. 2
164. 4
165. 3
166. 2
167. 2
168. 3
169. 4
170. 1
171. 1
172. 0
173. 2
174. 1
175. 2
176. 1
177. 1
178. 4
179. 0
180. 2
181. 1
182. 1
183. 2
184. 2
185. 1
186. 1
187. 3
188. 2
189. 3
190. 1
191. 1
192. 2
193. 2
194. 2
195. 2
196. 2
197. 1
198. 3
199. 6
200. 3