5808.txt
1. 2
2. 1
3. 3
4. 1
5. 0
6. 4
7. 2
8. 3
9. 3
10. 1
11. 1
12. 5
13. 1
14. 4
15. 1
16. 2
17. 5
18. 1
19. 3
20. 1
21. 1
22. 2
23. 1
24. 3
25. 3
26. 1
27. 6
28. 2
29. 2
30. 2
31. 4
32. 1
33. 1
34. 2
35. 3
36. 2
37. 2
38. 3
39. 1
40. 3
41. 2
42. 2
43. 1
44. 1
45. 2
46. 2
47. 3
48. 2
49. 1
50. 2
51. 3
52. 2
53. 7
54. 3
55. 3
56. 2
57. 2
58. 1
59. 3
60. 1
61. 1
62. 2
63. 1
64. 3
65. 1
66. 2
67. 2
68. 3
69. 1
70. 4
71. 2
72. 1
73. 2
74. 1
75. 3
76. 2
77. 4
78. 2
79. 2
80. 3
81. 2
82. 1
83. 2
84. 3
85. 4
86. 1
87. 2
88. 3
89. 3
90. 1
91. 3
92. 2
93. 1
94. 2
95. 2
96. 3
97. 3
98. 2
99. 3
100. 2
101. 1
102. 4
103. 2
104. 2
105. 3
106. 4
107. 2
108. 3
109. 2
110. 2
111. 1
112. 2
113. 2
114. 3
115. 2
116. 2
117. 3
118. 2
119. 2
120. 2
121. 2
122. 5
123. 2
124. 2
125. 2
126. 2
127. 4
128. 2
129. 2
130. 3
131. 3
132. 2
133. 1
134. 2
135. 2
136. 5
137. 1
138. 2
139. 2
140. 2
141. 1
142. 2
143. 2
144. 3
145. 2
146. 2
147. 2
148. 2
149. 1
150. 3
151. 2
152. 2
153. 1
154. 3
155. 2
156. 2
157. 3
158. 2
159. 3
160. 2
161. 1
162. 7
163. 2
164. 3
165. 3
166. 1
167. 2
168. 1
169. 3
170. 2
171. 2
172. 2
173. 2
174. 2
175. 3
176. 2
177. 3
178. 1
179. 5
180. 2
181. 1
182. 1
183. 2
184. 2
185. 2
186. 2
187. 2
188. 3
189. 2
190. 1
191. 2
192. 3
193. 3
194. 3
195. 2
196. 2
197. 2
198. 2
199. 3
200. 3