5816.txt
1. 0
2. 0
3. 2
4. 1
5. 2
6. 1
7. 1
8. 0
9. 4
10. 0
11. 0
12. 1
13. 1
14. 0
15. 0
16. 1
17. 1
18. 1
19. 1
20. 0
21. 0
22. 0
23. 3
24. 2
25. 1
26. 6
27. 0
28. 2
29. 2
30. 4
31. 0
32. 3
33. 2
34. 1
35. 4
36. 2
37. 2
38. 5
39. 2
40. 6
41. 1
42. 0
43. 0
44. 4
45. 1
46. 1
47. 5
48. 2
49. 3
50. 0
51. 1
52. 2
53. 2
54. 1
55. 2
56. 1
57. 2
58. 1
59. 0
60. 2
61. 0
62. 2
63. 1
64. 1
65. 3
66. 1
67. 1
68. 0
69. 3
70. 0
71. 0
72. 0
73. 1
74. 1
75. 3
76. 2
77. 1
78. 0
79. 1
80. 2
81. 0
82. 0
83. 0
84. 2
85. 1
86. 3
87. 3
88. 1
89. 0
90. 4
91. 0
92. 1
93. 4
94. 1
95. 3
96. 4
97. 1
98. 1
99. 0
100. 1
101. 3
102. 1
103. 1
104. 1
105. 1
106. 4
107. 2
108. 6
109. 0
110. 0
111. 3
112. 1
113. 0
114. 2
115. 1
116. 1
117. 0
118. 0
119. 5
120. 4
121. 4
122. 1
123. 3
124. 0
125. 2
126. 2
127. 4
128. 2
129. 1
130. 2
131. 3
132. 3
133. 5
134. 2
135. 2
136. 2
137. 2
138. 3
139. 3
140. 4
141. 0
142. 2
143. 3
144. 2
145. 3
146. 0
147. 2
148. 5
149. 0
150. 0
151. 3
152. 3
153. 1
154. 4
155. 1
156. 1
157. 0
158. 1
159. 4
160. 2
161. 7
162. 3
163. 3
164. 3
165. 0
166. 2
167. 0
168. 0
169. 1
170. 2
171. 0
172. 3
173. 0
174. 2
175. 2
176. 2
177. 0
178. 2
179. 0
180. 0
181. 1
182. 0
183. 3
184. 0
185. 0
186. 1
187. 1
188. 3
189. 0
190. 1
191. 1
192. 2
193. 2
194. 4
195. 0
196. 1
197. 1
198. 0
199. 4
200. 0