5817.txt
1. 0
2. 2
3. 2
4. 6
5. 2
6. 3
7. 4
8. 4
9. 5
10. 1
11. 2
12. 1
13. 2
14. 1
15. 0
16. 3
17. 1
18. 2
19. 7
20. 2
21. 2
22. 3
23. 2
24. 3
25. 1
26. 1
27. 1
28. 4
29. 2
30. 2
31. 3
32. 2
33. 2
34. 2
35. 4
36. 2
37. 1
38. 3
39. 1
40. 1
41. 1
42. 1
43. 5
44. 1
45. 3
46. 2
47. 2
48. 2
49. 0
50. 1
51. 3
52. 2
53. 4
54. 3
55. 4
56. 1
57. 2
58. 0
59. 2
60. 8
61. 1
62. 2
63. 1
64. 2
65. 1
66. 2
67. 1
68. 3
69. 1
70. 3
71. 2
72. 1
73. 5
74. 3
75. 2
76. 2
77. 1
78. 0
79. 1
80. 2
81. 1
82. 2
83. 2
84. 5
85. 3
86. 3
87. 1
88. 1
89. 3
90. 2
91. 2
92. 1
93. 1
94. 2
95. 2
96. 1
97. 3
98. 2
99. 6
100. 1
101. 1
102. 2
103. 4
104. 1
105. 2
106. 1
107. 2
108. 1
109. 4
110. 2
111. 1
112. 1
113. 2
114. 1
115. 2
116. 2
117. 2
118. 1
119. 2
120. 1
121. 1
122. 2
123. 4
124. 1
125. 2
126. 2
127. 2
128. 3
129. 1
130. 0
131. 3
132. 1
133. 2
134. 4
135. 2
136. 2
137. 3
138. 2
139. 4
140. 2
141. 2
142. 3
143. 2
144. 2
145. 2
146. 2
147. 2
148. 2
149. 3
150. 3
151. 2
152. 3
153. 1
154. 2
155. 1
156. 2
157. 2
158. 3
159. 2
160. 1
161. 1
162. 1
163. 1
164. 2
165. 2
166. 1
167. 2
168. 1
169. 1
170. 1
171. 2
172. 2
173. 1
174. 2
175. 2
176. 2
177. 2
178. 1
179. 2
180. 2
181. 2
182. 2
183. 2
184. 3
185. 2
186. 1
187. 0
188. 2
189. 2
190. 2
191. 2
192. 5
193. 1
194. 0
195. 3
196. 2
197. 1
198. 1
199. 3
200. 2