583.txt
1. 2
2. 4
3. 0
4. 3
5. 3
6. 2
7. 4
8. 4
9. 4
10. 3
11. 3
12. 2
13. 2
14. 2
15. 2
16. 3
17. 2
18. 0
19. 3
20. 3
21. 0
22. 2
23. 3
24. 4
25. 0
26. 5
27. 2
28. 1
29. 0
30. 1
31. 4
32. 2
33. 2
34. 2
35. 3
36. 3
37. 1
38. 2
39. 7
40. 2
41. 4
42. 3
43. 1
44. 2
45. 1
46. 3
47. 1
48. 1
49. 1
50. 3
51. 3
52. 1
53. 2
54. 1
55. 3
56. 3
57. 0
58. 4
59. 1
60. 4
61. 0
62. 3
63. 3
64. 3
65. 2
66. 1
67. 2
68. 2
69. 3
70. 2
71. 6
72. 4
73. 2
74. 2
75. 2
76. 2
77. 2
78. 3
79. 2
80. 1
81. 1
82. 3
83. 2
84. 2
85. 5
86. 1
87. 3
88. 0
89. 1
90. 3
91. 2
92. 1
93. 2
94. 3
95. 1
96. 3
97. 2
98. 1
99. 2
100. 3
101. 0
102. 2
103. 3
104. 3
105. 2
106. 4
107. 3
108. 6
109. 3
110. 2
111. 5
112. 2
113. 1
114. 2
115. 1
116. 2
117. 3
118. 4
119. 1
120. 1
121. 2
122. 2
123. 1
124. 1
125. 2
126. 1
127. 2
128. 2
129. 1
130. 2
131. 2
132. 8
133. 2
134. 4
135. 3
136. 2
137. 1
138. 1
139. 3
140. 2
141. 2
142. 3
143. 1
144. 2
145. 1
146. 3
147. 2
148. 1
149. 3
150. 3
151. 2
152. 4
153. 2
154. 2
155. 3
156. 2
157. 4
158. 2
159. 1
160. 1
161. 3
162. 7
163. 2
164. 2
165. 3
166. 0
167. 3
168. 3
169. 2
170. 3
171. 2
172. 2
173. 2
174. 2
175. 3
176. 2
177. 5
178. 2
179. 3
180. 1
181. 4
182. 2
183. 3
184. 2
185. 2
186. 1
187. 1
188. 2
189. 3
190. 4
191. 2
192. 3
193. 3
194. 6
195. 2
196. 3
197. 2
198. 2
199. 4
200. 2