5850.txt
1. 2
2. 8
3. 2
4. 3
5. 1
6. 1
7. 6
8. 2
9. 4
10. 1
11. 2
12. 3
13. 1
14. 1
15. 3
16. 4
17. 1
18. 2
19. 2
20. 1
21. 4
22. 2
23. 1
24. 5
25. 1
26. 4
27. 2
28. 2
29. 2
30. 3
31. 3
32. 1
33. 2
34. 3
35. 3
36. 2
37. 2
38. 2
39. 4
40. 3
41. 2
42. 2
43. 3
44. 1
45. 3
46. 2
47. 3
48. 2
49. 2
50. 3
51. 4
52. 3
53. 2
54. 2
55. 3
56. 2
57. 1
58. 3
59. 3
60. 4
61. 2
62. 1
63. 2
64. 3
65. 1
66. 4
67. 1
68. 3
69. 3
70. 2
71. 1
72. 2
73. 2
74. 3
75. 3
76. 2
77. 1
78. 2
79. 1
80. 2
81. 2
82. 1
83. 3
84. 3
85. 4
86. 1
87. 4
88. 3
89. 2
90. 3
91. 2
92. 2
93. 2
94. 3
95. 3
96. 1
97. 1
98. 1
99. 1
100. 2
101. 1
102. 3
103. 2
104. 1
105. 2
106. 1
107. 2
108. 2
109. 3
110. 3
111. 1
112. 4
113. 2
114. 3
115. 2
116. 4
117. 2
118. 2
119. 3
120. 2
121. 7
122. 2
123. 2
124. 3
125. 2
126. 2
127. 2
128. 3
129. 4
130. 2
131. 3
132. 1
133. 1
134. 2
135. 1
136. 2
137. 3
138. 2
139. 2
140. 2
141. 1
142. 3
143. 3
144. 3
145. 1
146. 3
147. 2
148. 6
149. 3
150. 2
151. 1
152. 4
153. 2
154. 3
155. 1
156. 2
157. 2
158. 4
159. 2
160. 3
161. 1
162. 2
163. 2
164. 2
165. 7
166. 2
167. 4
168. 3
169. 2
170. 2
171. 1
172. 3
173. 1
174. 1
175. 3
176. 2
177. 1
178. 1
179. 4
180. 2
181. 2
182. 1
183. 4
184. 2
185. 3
186. 2
187. 1
188. 1
189. 3
190. 2
191. 3
192. 2
193. 4
194. 1
195. 2
196. 3
197. 4
198. 3
199. 2
200. 3