5853.txt
1. 0
2. 2
3. 0
4. 4
5. 1
6. 0
7. 3
8. 1
9. 2
10. 1
11. 2
12. 1
13. 3
14. 2
15. 3
16. 0
17. 4
18. 0
19. 2
20. 4
21. 1
22. 2
23. 0
24. 0
25. 1
26. 4
27. 1
28. 1
29. 0
30. 2
31. 4
32. 1
33. 2
34. 2
35. 3
36. 3
37. 1
38. 2
39. 1
40. 3
41. 0
42. 1
43. 0
44. 2
45. 3
46. 0
47. 2
48. 2
49. 2
50. 3
51. 2
52. 3
53. 1
54. 4
55. 3
56. 3
57. 1
58. 2
59. 2
60. 2
61. 2
62. 2
63. 5
64. 1
65. 0
66. 3
67. 2
68. 1
69. 0
70. 1
71. 1
72. 0
73. 3
74. 3
75. 4
76. 3
77. 2
78. 0
79. 2
80. 2
81. 1
82. 0
83. 0
84. 1
85. 2
86. 1
87. 1
88. 3
89. 2
90. 0
91. 1
92. 1
93. 1
94. 1
95. 1
96. 3
97. 2
98. 3
99. 1
100. 1
101. 1
102. 3
103. 3
104. 1
105. 2
106. 2
107. 2
108. 1
109. 1
110. 0
111. 2
112. 1
113. 2
114. 6
115. 2
116. 3
117. 2
118. 2
119. 1
120. 2
121. 2
122. 1
123. 3
124. 3
125. 0
126. 1
127. 2
128. 1
129. 2
130. 1
131. 2
132. 1
133. 2
134. 1
135. 2
136. 2
137. 2
138. 3
139. 1
140. 2
141. 2
142. 1
143. 1
144. 2
145. 3
146. 2
147. 2
148. 0
149. 2
150. 1
151. 2
152. 2
153. 1
154. 2
155. 2
156. 2
157. 3
158. 3
159. 3
160. 4
161. 1
162. 5
163. 1
164. 2
165. 3
166. 2
167. 1
168. 2
169. 2
170. 1
171. 1
172. 2
173. 3
174. 1
175. 2
176. 1
177. 3
178. 0
179. 4
180. 2
181. 2
182. 3
183. 1
184. 1
185. 2
186. 2
187. 2
188. 1
189. 3
190. 1
191. 1
192. 3
193. 2
194. 1
195. 3
196. 1
197. 1
198. 3
199. 5
200. 3