5854.txt
1. 2
2. 1
3. 6
4. 3
5. 3
6. 2
7. 4
8. 3
9. 4
10. 3
11. 1
12. 4
13. 2
14. 2
15. 2
16. 1
17. 2
18. 2
19. 2
20. 2
21. 1
22. 3
23. 1
24. 3
25. 2
26. 4
27. 1
28. 3
29. 5
30. 2
31. 2
32. 3
33. 1
34. 3
35. 4
36. 1
37. 3
38. 1
39. 2
40. 3
41. 3
42. 4
43. 2
44. 3
45. 1
46. 2
47. 2
48. 2
49. 2
50. 7
51. 2
52. 2
53. 1
54. 3
55. 1
56. 3
57. 2
58. 1
59. 2
60. 6
61. 2
62. 1
63. 10
64. 3
65. 2
66. 2
67. 3
68. 1
69. 4
70. 1
71. 2
72. 1
73. 2
74. 1
75. 5
76. 3
77. 3
78. 1
79. 3
80. 2
81. 2
82. 2
83. 1
84. 2
85. 3
86. 2
87. 2
88. 4
89. 3
90. 5
91. 3
92. 2
93. 3
94. 2
95. 1
96. 1
97. 3
98. 2
99. 1
100. 3
101. 4
102. 4
103. 3
104. 2
105. 3
106. 3
107. 2
108. 2
109. 1
110. 4
111. 3
112. 3
113. 2
114. 2
115. 4
116. 2
117. 4
118. 3
119. 2
120. 2
121. 1
122. 3
123. 1
124. 3
125. 3
126. 2
127. 4
128. 3
129. 3
130. 2
131. 2
132. 2
133. 2
134. 2
135. 4
136. 3
137. 2
138. 2
139. 7
140. 2
141. 5
142. 3
143. 7
144. 5
145. 2
146. 2
147. 6
148. 5
149. 5
150. 3
151. 2
152. 2
153. 1
154. 3
155. 2
156. 2
157. 2
158. 3
159. 4
160. 6
161. 1
162. 2
163. 2
164. 3
165. 3
166. 2
167. 3
168. 3
169. 3
170. 3
171. 2
172. 2
173. 3
174. 2
175. 5
176. 1
177. 2
178. 3
179. 2
180. 2
181. 2
182. 2
183. 3
184. 2
185. 2
186. 3
187. 3
188. 3
189. 2
190. 5
191. 2
192. 1
193. 5
194. 5
195. 2
196. 3
197. 3
198. 2
199. 4
200. 2