586.txt
1. 7
2. 2
3. 1
4. 3
5. 6
6. 2
7. 1
8. 2
9. 1
10. 1
11. 1
12. 4
13. 4
14. 2
15. 2
16. 7
17. 1
18. 6
19. 1
20. 2
21. 2
22. 4
23. 1
24. 5
25. 2
26. 1
27. 1
28. 1
29. 7
30. 3
31. 5
32. 1
33. 1
34. 2
35. 2
36. 3
37. 4
38. 3
39. 1
40. 2
41. 4
42. 3
43. 4
44. 2
45. 7
46. 1
47. 4
48. 2
49. 3
50. 1
51. 1
52. 5
53. 3
54. 2
55. 2
56. 3
57. 3
58. 4
59. 1
60. 2
61. 3
62. 2
63. 2
64. 1
65. 2
66. 2
67. 3
68. 2
69. 4
70. 2
71. 4
72. 2
73. 3
74. 3
75. 3
76. 2
77. 2
78. 4
79. 2
80. 6
81. 2
82. 3
83. 1
84. 1
85. 1
86. 2
87. 1
88. 3
89. 2
90. 2
91. 1
92. 2
93. 1
94. 2
95. 4
96. 5
97. 2
98. 2
99. 3
100. 3
101. 4
102. 2
103. 1
104. 1
105. 5
106. 2
107. 3
108. 2
109. 1
110. 2
111. 2
112. 1
113. 3
114. 1
115. 1
116. 2
117. 1
118. 3
119. 2
120. 1
121. 2
122. 2
123. 3
124. 1
125. 1
126. 3
127. 2
128. 3
129. 1
130. 1
131. 2
132. 1
133. 3
134. 4
135. 1
136. 2
137. 2
138. 3
139. 2
140. 1
141. 1
142. 3
143. 5
144. 2
145. 3
146. 3
147. 3
148. 3
149. 2
150. 5
151. 4
152. 3
153. 1
154. 2
155. 1
156. 2
157. 2
158. 5
159. 1
160. 3
161. 2
162. 2
163. 3
164. 3
165. 6
166. 3
167. 1
168. 2
169. 2
170. 2
171. 2
172. 1
173. 5
174. 3
175. 2
176. 4
177. 2
178. 1
179. 1
180. 3
181. 3
182. 4
183. 2
184. 7
185. 3
186. 2
187. 3
188. 2
189. 8
190. 2
191. 2
192. 2
193. 2
194. 2
195. 2
196. 2
197. 8
198. 1
199. 3
200. 3