5860.txt
1. 2
2. 3
3. 1
4. 4
5. 3
6. 1
7. 2
8. 4
9. 3
10. 1
11. 2
12. 2
13. 2
14. 1
15. 5
16. 4
17. 1
18. 3
19. 2
20. 2
21. 4
22. 1
23. 2
24. 7
25. 1
26. 1
27. 3
28. 3
29. 2
30. 2
31. 2
32. 2
33. 2
34. 4
35. 2
36. 3
37. 4
38. 2
39. 3
40. 2
41. 3
42. 2
43. 1
44. 3
45. 2
46. 2
47. 3
48. 2
49. 4
50. 2
51. 3
52. 5
53. 3
54. 3
55. 2
56. 3
57. 2
58. 3
59. 4
60. 4
61. 3
62. 2
63. 2
64. 4
65. 2
66. 2
67. 6
68. 2
69. 3
70. 2
71. 2
72. 3
73. 2
74. 2
75. 8
76. 2
77. 2
78. 2
79. 3
80. 3
81. 3
82. 2
83. 3
84. 2
85. 2
86. 3
87. 2
88. 3
89. 3
90. 2
91. 1
92. 2
93. 1
94. 2
95. 4
96. 4
97. 2
98. 3
99. 3
100. 5
101. 2
102. 2
103. 2
104. 3
105. 3
106. 2
107. 1
108. 2
109. 2
110. 2
111. 5
112. 2
113. 2
114. 3
115. 5
116. 1
117. 2
118. 3
119. 3
120. 2
121. 3
122. 1
123. 2
124. 2
125. 3
126. 3
127. 1
128. 2
129. 2
130. 2
131. 2
132. 5
133. 2
134. 2
135. 2
136. 2
137. 3
138. 3
139. 2
140. 5
141. 2
142. 1
143. 3
144. 3
145. 4
146. 4
147. 2
148. 2
149. 2
150. 3
151. 2
152. 2
153. 3
154. 3
155. 2
156. 2
157. 2
158. 2
159. 3
160. 2
161. 1
162. 3
163. 3
164. 3
165. 2
166. 2
167. 3
168. 3
169. 2
170. 2
171. 3
172. 2
173. 2
174. 2
175. 3
176. 2
177. 3
178. 3
179. 2
180. 3
181. 2
182. 2
183. 2
184. 4
185. 5
186. 2
187. 2
188. 4
189. 2
190. 3
191. 3
192. 2
193. 3
194. 3
195. 3
196. 2
197. 3
198. 4
199. 3
200. 4