5861.txt
1. 0
2. 2
3. 1
4. 3
5. 4
6. 1
7. 2
8. 1
9. 1
10. 3
11. 4
12. 1
13. 2
14. 3
15. 3
16. 1
17. 1
18. 3
19. 2
20. 3
21. 0
22. 2
23. 1
24. 2
25. 1
26. 2
27. 7
28. 2
29. 3
30. 2
31. 2
32. 1
33. 2
34. 2
35. 5
36. 2
37. 2
38. 1
39. 3
40. 8
41. 4
42. 2
43. 1
44. 1
45. 1
46. 2
47. 3
48. 3
49. 1
50. 7
51. 2
52. 3
53. 1
54. 2
55. 3
56. 1
57. 4
58. 2
59. 1
60. 4
61. 1
62. 2
63. 0
64. 2
65. 2
66. 1
67. 1
68. 3
69. 2
70. 3
71. 2
72. 3
73. 1
74. 2
75. 2
76. 3
77. 3
78. 2
79. 2
80. 4
81. 3
82. 3
83. 1
84. 2
85. 3
86. 4
87. 5
88. 6
89. 1
90. 3
91. 2
92. 1
93. 1
94. 3
95. 4
96. 3
97. 4
98. 1
99. 2
100. 2
101. 3
102. 2
103. 1
104. 1
105. 4
106. 1
107. 1
108. 2
109. 3
110. 4
111. 1
112. 5
113. 2
114. 2
115. 1
116. 2
117. 7
118. 2
119. 2
120. 1
121. 0
122. 2
123. 1
124. 1
125. 1
126. 1
127. 2
128. 3
129. 1
130. 1
131. 1
132. 3
133. 3
134. 2
135. 1
136. 3
137. 1
138. 4
139. 1
140. 1
141. 1
142. 2
143. 2
144. 2
145. 2
146. 6
147. 6
148. 3
149. 4
150. 1
151. 4
152. 3
153. 2
154. 1
155. 1
156. 5
157. 1
158. 2
159. 2
160. 1
161. 3
162. 1
163. 1
164. 2
165. 3
166. 1
167. 2
168. 1
169. 2
170. 2
171. 2
172. 3
173. 1
174. 3
175. 1
176. 2
177. 3
178. 1
179. 3
180. 2
181. 1
182. 1
183. 4
184. 2
185. 2
186. 3
187. 2
188. 2
189. 2
190. 2
191. 3
192. 1
193. 2
194. 4
195. 4
196. 2
197. 3
198. 2
199. 1
200. 2