5868.txt
1. 2
2. 1
3. 4
4. 8
5. 1
6. 0
7. 2
8. 1
9. 0
10. 1
11. 1
12. 2
13. 1
14. 1
15. 1
16. 3
17. 1
18. 1
19. 2
20. 3
21. 2
22. 4
23. 3
24. 1
25. 7
26. 3
27. 4
28. 1
29. 2
30. 2
31. 3
32. 3
33. 1
34. 2
35. 4
36. 1
37. 5
38. 0
39. 1
40. 2
41. 3
42. 1
43. 2
44. 2
45. 1
46. 3
47. 2
48. 3
49. 2
50. 2
51. 4
52. 4
53. 3
54. 2
55. 3
56. 2
57. 7
58. 1
59. 4
60. 1
61. 3
62. 2
63. 3
64. 3
65. 3
66. 1
67. 2
68. 2
69. 2
70. 2
71. 1
72. 0
73. 2
74. 1
75. 1
76. 2
77. 1
78. 1
79. 2
80. 2
81. 2
82. 1
83. 2
84. 2
85. 1
86. 1
87. 3
88. 2
89. 4
90. 2
91. 3
92. 1
93. 3
94. 2
95. 2
96. 1
97. 2
98. 2
99. 2
100. 1
101. 2
102. 3
103. 2
104. 2
105. 1
106. 1
107. 4
108. 2
109. 4
110. 1
111. 2
112. 3
113. 3
114. 2
115. 1
116. 5
117. 1
118. 3
119. 1
120. 3
121. 1
122. 3
123. 3
124. 1
125. 2
126. 2
127. 2
128. 2
129. 1
130. 3
131. 1
132. 2
133. 2
134. 3
135. 1
136. 1
137. 2
138. 2
139. 2
140. 2
141. 1
142. 2
143. 2
144. 5
145. 1
146. 1
147. 2
148. 2
149. 1
150. 2
151. 2
152. 2
153. 4
154. 2
155. 3
156. 2
157. 1
158. 1
159. 3
160. 1
161. 2
162. 1
163. 1
164. 4
165. 1
166. 2
167. 1
168. 3
169. 2
170. 3
171. 6
172. 8
173. 4
174. 2
175. 2
176. 2
177. 2
178. 2
179. 4
180. 2
181. 1
182. 1
183. 3
184. 2
185. 3
186. 2
187. 2
188. 2
189. 1
190. 1
191. 1
192. 2
193. 2
194. 2
195. 2
196. 1
197. 2
198. 1
199. 2
200. 3