5884.txt
1. 3
2. 4
3. 2
4. 1
5. 2
6. 1
7. 3
8. 4
9. 1
10. 2
11. 1
12. 2
13. 2
14. 2
15. 3
16. 1
17. 4
18. 2
19. 4
20. 2
21. 1
22. 3
23. 2
24. 1
25. 2
26. 2
27. 3
28. 4
29. 2
30. 1
31. 1
32. 1
33. 2
34. 8
35. 1
36. 2
37. 1
38. 1
39. 3
40. 1
41. 2
42. 2
43. 2
44. 2
45. 1
46. 2
47. 2
48. 2
49. 3
50. 2
51. 4
52. 1
53. 2
54. 2
55. 2
56. 2
57. 1
58. 2
59. 1
60. 3
61. 3
62. 1
63. 2
64. 2
65. 2
66. 2
67. 3
68. 3
69. 2
70. 2
71. 3
72. 2
73. 4
74. 2
75. 4
76. 2
77. 5
78. 4
79. 4
80. 2
81. 1
82. 2
83. 4
84. 2
85. 1
86. 3
87. 2
88. 2
89. 2
90. 4
91. 2
92. 2
93. 1
94. 3
95. 2
96. 2
97. 1
98. 2
99. 3
100. 3
101. 1
102. 4
103. 3
104. 2
105. 3
106. 2
107. 3
108. 2
109. 3
110. 4
111. 1
112. 2
113. 2
114. 3
115. 4
116. 2
117. 1
118. 1
119. 3
120. 3
121. 3
122. 3
123. 3
124. 1
125. 2
126. 2
127. 1
128. 2
129. 2
130. 3
131. 2
132. 4
133. 4
134. 2
135. 2
136. 2
137. 4
138. 3
139. 2
140. 2
141. 3
142. 1
143. 2
144. 2
145. 4
146. 2
147. 2
148. 1
149. 3
150. 3
151. 3
152. 4
153. 2
154. 2
155. 3
156. 4
157. 2
158. 4
159. 2
160. 1
161. 1
162. 1
163. 2
164. 2
165. 3
166. 2
167. 3
168. 4
169. 2
170. 2
171. 4
172. 3
173. 3
174. 2
175. 2
176. 1
177. 2
178. 2
179. 1
180. 2
181. 1
182. 2
183. 3
184. 1
185. 4
186. 1
187. 4
188. 3
189. 5
190. 2
191. 2
192. 3
193. 2
194. 2
195. 2
196. 3
197. 2
198. 2
199. 2
200. 2