5887.txt
1. 0
2. 0
3. 2
4. 1
5. 2
6. 0
7. 4
8. 0
9. 0
10. 0
11. 0
12. 0
13. 3
14. 0
15. 0
16. 3
17. 1
18. 2
19. 2
20. 4
21. 0
22. 1
23. 4
24. 2
25. 2
26. 3
27. 1
28. 0
29. 1
30. 5
31. 1
32. 3
33. 4
34. 0
35. 7
36. 1
37. 0
38. 1
39. 3
40. 1
41. 1
42. 2
43. 5
44. 1
45. 2
46. 4
47. 1
48. 1
49. 0
50. 0
51. 1
52. 1
53. 0
54. 0
55. 2
56. 2
57. 2
58. 1
59. 0
60. 0
61. 2
62. 1
63. 1
64. 1
65. 2
66. 0
67. 1
68. 0
69. 1
70. 2
71. 0
72. 1
73. 2
74. 1
75. 1
76. 1
77. 1
78. 1
79. 1
80. 0
81. 1
82. 1
83. 4
84. 0
85. 5
86. 1
87. 0
88. 1
89. 0
90. 0
91. 0
92. 2
93. 3
94. 1
95. 3
96. 2
97. 2
98. 1
99. 1
100. 2
101. 0
102. 0
103. 1
104. 2
105. 2
106. 3
107. 2
108. 0
109. 3
110. 0
111. 0
112. 1
113. 2
114. 0
115. 0
116. 2
117. 2
118. 0
119. 1
120. 1
121. 2
122. 1
123. 2
124. 1
125. 0
126. 3
127. 0
128. 2
129. 0
130. 2
131. 1
132. 3
133. 0
134. 2
135. 0
136. 2
137. 1
138. 3
139. 2
140. 1
141. 0
142. 1
143. 1
144. 0
145. 4
146. 2
147. 1
148. 2
149. 1
150. 2
151. 0
152. 1
153. 0
154. 2
155. 1
156. 2
157. 1
158. 2
159. 2
160. 0
161. 1
162. 1
163. 4
164. 0
165. 1
166. 2
167. 3
168. 1
169. 2
170. 0
171. 0
172. 0
173. 5
174. 1
175. 1
176. 2
177. 0
178. 0
179. 0
180. 2
181. 1
182. 2
183. 2
184. 2
185. 1
186. 0
187. 3
188. 1
189. 0
190. 2
191. 5
192. 3
193. 3
194. 1
195. 1
196. 1
197. 3
198. 2
199. 1
200. 1