5888.txt
1. 0
2. 3
3. 6
4. 4
5. 1
6. 3
7. 2
8. 1
9. 1
10. 3
11. 0
12. 1
13. 1
14. 1
15. 2
16. 1
17. 2
18. 1
19. 0
20. 1
21. 4
22. 1
23. 0
24. 3
25. 0
26. 4
27. 3
28. 2
29. 2
30. 2
31. 3
32. 1
33. 0
34. 7
35. 0
36. 0
37. 0
38. 1
39. 2
40. 3
41. 0
42. 0
43. 0
44. 1
45. 1
46. 1
47. 0
48. 2
49. 1
50. 2
51. 1
52. 0
53. 2
54. 1
55. 8
56. 2
57. 1
58. 0
59. 3
60. 1
61. 2
62. 0
63. 1
64. 1
65. 1
66. 1
67. 3
68. 0
69. 2
70. 0
71. 2
72. 2
73. 0
74. 2
75. 9
76. 4
77. 0
78. 0
79. 0
80. 0
81. 0
82. 1
83. 1
84. 2
85. 2
86. 0
87. 1
88. 3
89. 0
90. 0
91. 0
92. 1
93. 0
94. 2
95. 1
96. 1
97. 0
98. 2
99. 2
100. 1
101. 3
102. 2
103. 1
104. 1
105. 0
106. 2
107. 1
108. 3
109. 0
110. 1
111. 0
112. 1
113. 1
114. 2
115. 1
116. 3
117. 0
118. 1
119. 1
120. 1
121. 2
122. 3
123. 1
124. 1
125. 1
126. 7
127. 1
128. 5
129. 2
130. 0
131. 0
132. 2
133. 2
134. 1
135. 0
136. 2
137. 2
138. 4
139. 2
140. 2
141. 1
142. 2
143. 2
144. 2
145. 6
146. 0
147. 0
148. 1
149. 2
150. 1
151. 1
152. 2
153. 2
154. 1
155. 3
156. 2
157. 0
158. 0
159. 1
160. 2
161. 1
162. 2
163. 3
164. 5
165. 3
166. 2
167. 0
168. 1
169. 0
170. 0
171. 2
172. 1
173. 1
174. 2
175. 1
176. 2
177. 1
178. 0
179. 2
180. 2
181. 1
182. 1
183. 7
184. 2
185. 1
186. 1
187. 2
188. 0
189. 1
190. 0
191. 4
192. 1
193. 1
194. 1
195. 2
196. 1
197. 1
198. 1
199. 0
200. 3