5892.txt
1. 2
2. 3
3. 2
4. 4
5. 2
6. 5
7. 6
8. 7
9. 7
10. 2
11. 2
12. 3
13. 1
14. 2
15. 2
16. 2
17. 2
18. 2
19. 3
20. 3
21. 2
22. 2
23. 3
24. 3
25. 3
26. 4
27. 2
28. 2
29. 1
30. 5
31. 3
32. 1
33. 3
34. 2
35. 2
36. 5
37. 3
38. 4
39. 1
40. 4
41. 2
42. 2
43. 4
44. 2
45. 4
46. 4
47. 4
48. 4
49. 3
50. 4
51. 3
52. 5
53. 2
54. 3
55. 1
56. 3
57. 2
58. 3
59. 2
60. 4
61. 3
62. 1
63. 3
64. 2
65. 2
66. 3
67. 2
68. 2
69. 2
70. 3
71. 2
72. 3
73. 4
74. 2
75. 3
76. 3
77. 2
78. 3
79. 3
80. 2
81. 2
82. 3
83. 5
84. 2
85. 1
86. 2
87. 2
88. 2
89. 2
90. 4
91. 2
92. 5
93. 2
94. 2
95. 2
96. 2
97. 2
98. 1
99. 2
100. 5
101. 2
102. 2
103. 6
104. 3
105. 3
106. 2
107. 3
108. 2
109. 2
110. 3
111. 3
112. 2
113. 1
114. 2
115. 2
116. 3
117. 2
118. 4
119. 2
120. 2
121. 2
122. 2
123. 1
124. 2
125. 3
126. 2
127. 1
128. 3
129. 3
130. 2
131. 2
132. 2
133. 3
134. 3
135. 2
136. 2
137. 2
138. 3
139. 2
140. 1
141. 2
142. 2
143. 3
144. 3
145. 1
146. 2
147. 3
148. 2
149. 2
150. 5
151. 5
152. 2
153. 4
154. 2
155. 2
156. 1
157. 2
158. 4
159. 2
160. 3
161. 4
162. 1
163. 2
164. 1
165. 2
166. 3
167. 2
168. 2
169. 1
170. 4
171. 2
172. 3
173. 4
174. 3
175. 3
176. 4
177. 3
178. 3
179. 2
180. 2
181. 4
182. 1
183. 2
184. 3
185. 3
186. 3
187. 3
188. 3
189. 3
190. 1
191. 2
192. 1
193. 1
194. 2
195. 2
196. 3
197. 3
198. 4
199. 2
200. 5