5903.txt
1. 0
2. 3
3. 1
4. 0
5. 4
6. 0
7. 0
8. 0
9. 0
10. 6
11. 1
12. 0
13. 0
14. 0
15. 2
16. 2
17. 1
18. 2
19. 3
20. 3
21. 2
22. 1
23. 2
24. 1
25. 1
26. 1
27. 0
28. 3
29. 0
30. 8
31. 2
32. 3
33. 2
34. 2
35. 0
36. 0
37. 0
38. 2
39. 3
40. 1
41. 0
42. 2
43. 2
44. 1
45. 3
46. 1
47. 0
48. 0
49. 1
50. 2
51. 0
52. 2
53. 1
54. 5
55. 1
56. 0
57. 2
58. 0
59. 1
60. 1
61. 4
62. 2
63. 1
64. 1
65. 0
66. 0
67. 1
68. 0
69. 0
70. 2
71. 1
72. 0
73. 0
74. 0
75. 0
76. 7
77. 2
78. 0
79. 0
80. 6
81. 2
82. 2
83. 2
84. 1
85. 0
86. 3
87. 0
88. 2
89. 1
90. 2
91. 0
92. 0
93. 1
94. 3
95. 3
96. 1
97. 1
98. 2
99. 3
100. 4
101. 1
102. 0
103. 0
104. 1
105. 2
106. 1
107. 1
108. 1
109. 1
110. 0
111. 1
112. 4
113. 0
114. 3
115. 2
116. 1
117. 1
118. 1
119. 3
120. 2
121. 5
122. 2
123. 0
124. 1
125. 0
126. 1
127. 1
128. 1
129. 2
130. 1
131. 0
132. 2
133. 1
134. 1
135. 0
136. 1
137. 1
138. 0
139. 1
140. 1
141. 1
142. 4
143. 1
144. 6
145. 2
146. 0
147. 0
148. 0
149. 4
150. 0
151. 0
152. 1
153. 0
154. 0
155. 4
156. 0
157. 3
158. 1
159. 4
160. 0
161. 0
162. 2
163. 1
164. 1
165. 2
166. 0
167. 1
168. 1
169. 1
170. 1
171. 1
172. 2
173. 2
174. 2
175. 0
176. 0
177. 2
178. 2
179. 2
180. 2
181. 1
182. 3
183. 1
184. 1
185. 1
186. 2
187. 0
188. 0
189. 0
190. 2
191. 1
192. 2
193. 1
194. 2
195. 1
196. 0
197. 0
198. 4
199. 2
200. 2