5910.txt
1. 0
2. 0
3. 0
4. 3
5. 0
6. 1
7. 2
8. 0
9. 2
10. 3
11. 0
12. 0
13. 2
14. 0
15. 0
16. 3
17. 0
18. 3
19. 2
20. 3
21. 0
22. 3
23. 0
24. 2
25. 0
26. 2
27. 0
28. 2
29. 2
30. 0
31. 0
32. 2
33. 0
34. 2
35. 0
36. 0
37. 2
38. 1
39. 2
40. 2
41. 2
42. 2
43. 0
44. 2
45. 0
46. 0
47. 0
48. 3
49. 0
50. 2
51. 2
52. 7
53. 0
54. 2
55. 6
56. 0
57. 0
58. 0
59. 0
60. 0
61. 2
62. 0
63. 0
64. 0
65. 0
66. 2
67. 2
68. 0
69. 0
70. 0
71. 0
72. 2
73. 2
74. 0
75. 3
76. 3
77. 4
78. 3
79. 2
80. 0
81. 0
82. 0
83. 0
84. 4
85. 4
86. 0
87. 2
88. 3
89. 0
90. 2
91. 2
92. 0
93. 0
94. 0
95. 3
96. 0
97. 8
98. 0
99. 0
100. 0
101. 0
102. 0
103. 0
104. 0
105. 0
106. 3
107. 4
108. 0
109. 0
110. 2
111. 0
112. 0
113. 0
114. 0
115. 7
116. 0
117. 2
118. 0
119. 0
120. 0
121. 0
122. 0
123. 3
124. 0
125. 2
126. 0
127. 0
128. 0
129. 0
130. 2
131. 0
132. 0
133. 2
134. 0
135. 2
136. 0
137. 2
138. 2
139. 2
140. 2
141. 0
142. 0
143. 0
144. 2
145. 3
146. 3
147. 0
148. 3
149. 2
150. 0
151. 0
152. 3
153. 0
154. 0
155. 2
156. 0
157. 2
158. 3
159. 0
160. 0
161. 0
162. 2
163. 0
164. 0
165. 0
166. 0
167. 0
168. 2
169. 0
170. 0
171. 2
172. 2
173. 2
174. 0
175. 0
176. 2
177. 0
178. 2
179. 0
180. 0
181. 2
182. 4
183. 0
184. 2
185. 2
186. 0
187. 0
188. 2
189. 0
190. 0
191. 0
192. 0
193. 0
194. 0
195. 0
196. 3
197. 2
198. 2
199. 0
200. 2