5918.txt
1. 2
2. 1
3. 4
4. 1
5. 2
6. 3
7. 4
8. 1
9. 1
10. 4
11. 2
12. 2
13. 3
14. 3
15. 1
16. 2
17. 1
18. 1
19. 1
20. 3
21. 1
22. 2
23. 1
24. 3
25. 1
26. 2
27. 1
28. 2
29. 4
30. 2
31. 2
32. 2
33. 1
34. 2
35. 3
36. 2
37. 3
38. 3
39. 1
40. 1
41. 1
42. 1
43. 2
44. 2
45. 2
46. 3
47. 3
48. 1
49. 2
50. 6
51. 2
52. 2
53. 3
54. 1
55. 2
56. 1
57. 2
58. 1
59. 3
60. 2
61. 2
62. 3
63. 5
64. 2
65. 1
66. 2
67. 3
68. 3
69. 3
70. 1
71. 2
72. 2
73. 5
74. 2
75. 3
76. 1
77. 1
78. 2
79. 2
80. 3
81. 2
82. 2
83. 3
84. 1
85. 2
86. 2
87. 2
88. 1
89. 1
90. 2
91. 1
92. 2
93. 1
94. 1
95. 2
96. 4
97. 1
98. 2
99. 2
100. 1
101. 2
102. 2
103. 1
104. 3
105. 2
106. 1
107. 1
108. 1
109. 3
110. 3
111. 2
112. 2
113. 1
114. 3
115. 2
116. 2
117. 4
118. 1
119. 2
120. 1
121. 2
122. 2
123. 2
124. 2
125. 1
126. 2
127. 1
128. 1
129. 2
130. 3
131. 2
132. 2
133. 5
134. 1
135. 1
136. 3
137. 1
138. 2
139. 4
140. 2
141. 2
142. 2
143. 2
144. 3
145. 1
146. 2
147. 1
148. 2
149. 1
150. 2
151. 2
152. 1
153. 1
154. 2
155. 1
156. 3
157. 1
158. 2
159. 2
160. 2
161. 4
162. 1
163. 2
164. 4
165. 1
166. 3
167. 2
168. 1
169. 1
170. 2
171. 1
172. 3
173. 3
174. 1
175. 3
176. 2
177. 1
178. 3
179. 2
180. 1
181. 2
182. 3
183. 2
184. 1
185. 2
186. 2
187. 1
188. 2
189. 1
190. 2
191. 3
192. 2
193. 2
194. 1
195. 1
196. 1
197. 1
198. 2
199. 2
200. 2