593.txt
1. 2
2. 4
3. 2
4. 1
5. 2
6. 3
7. 2
8. 3
9. 4
10. 2
11. 2
12. 2
13. 4
14. 2
15. 3
16. 2
17. 3
18. 4
19. 1
20. 3
21. 3
22. 2
23. 3
24. 1
25. 4
26. 3
27. 2
28. 2
29. 2
30. 3
31. 2
32. 2
33. 1
34. 2
35. 3
36. 3
37. 2
38. 2
39. 3
40. 5
41. 2
42. 1
43. 2
44. 2
45. 4
46. 1
47. 3
48. 2
49. 2
50. 2
51. 4
52. 3
53. 2
54. 3
55. 5
56. 2
57. 1
58. 2
59. 4
60. 3
61. 3
62. 2
63. 1
64. 2
65. 2
66. 2
67. 5
68. 2
69. 2
70. 1
71. 1
72. 2
73. 3
74. 2
75. 3
76. 3
77. 2
78. 3
79. 4
80. 3
81. 3
82. 2
83. 3
84. 1
85. 2
86. 2
87. 2
88. 4
89. 3
90. 2
91. 4
92. 2
93. 1
94. 2
95. 3
96. 3
97. 2
98. 4
99. 4
100. 3
101. 2
102. 1
103. 3
104. 3
105. 2
106. 2
107. 3
108. 2
109. 2
110. 3
111. 2
112. 2
113. 2
114. 2
115. 3
116. 2
117. 2
118. 2
119. 1
120. 4
121. 3
122. 2
123. 2
124. 1
125. 2
126. 2
127. 4
128. 2
129. 1
130. 2
131. 2
132. 2
133. 3
134. 2
135. 2
136. 1
137. 2
138. 3
139. 2
140. 3
141. 3
142. 2
143. 2
144. 2
145. 4
146. 2
147. 3
148. 2
149. 3
150. 5
151. 3
152. 5
153. 3
154. 4
155. 3
156. 2
157. 2
158. 2
159. 3
160. 1
161. 2
162. 3
163. 2
164. 3
165. 2
166. 3
167. 4
168. 3
169. 2
170. 3
171. 2
172. 3
173. 2
174. 2
175. 4
176. 5
177. 2
178. 3
179. 4
180. 2
181. 2
182. 4
183. 2
184. 2
185. 2
186. 2
187. 2
188. 3
189. 3
190. 2
191. 3
192. 2
193. 2
194. 2
195. 2
196. 2
197. 3
198. 4
199. 2
200. 3