5943.txt
1. 2
2. 1
3. 2
4. 3
5. 1
6. 2
7. 2
8. 3
9. 3
10. 1
11. 1
12. 2
13. 1
14. 1
15. 1
16. 1
17. 3
18. 7
19. 2
20. 1
21. 3
22. 3
23. 4
24. 2
25. 3
26. 1
27. 4
28. 2
29. 2
30. 2
31. 4
32. 4
33. 1
34. 2
35. 3
36. 1
37. 3
38. 2
39. 2
40. 2
41. 2
42. 2
43. 1
44. 2
45. 3
46. 1
47. 3
48. 2
49. 2
50. 5
51. 2
52. 2
53. 1
54. 1
55. 2
56. 1
57. 1
58. 4
59. 7
60. 3
61. 1
62. 1
63. 4
64. 2
65. 1
66. 2
67. 2
68. 1
69. 2
70. 1
71. 2
72. 3
73. 2
74. 4
75. 2
76. 2
77. 2
78. 2
79. 2
80. 4
81. 3
82. 1
83. 2
84. 2
85. 2
86. 1
87. 2
88. 2
89. 2
90. 2
91. 3
92. 4
93. 1
94. 2
95. 2
96. 2
97. 1
98. 3
99. 2
100. 2
101. 1
102. 2
103. 2
104. 1
105. 3
106. 2
107. 2
108. 2
109. 2
110. 1
111. 2
112. 2
113. 1
114. 2
115. 2
116. 1
117. 1
118. 2
119. 6
120. 2
121. 2
122. 2
123. 1
124. 1
125. 3
126. 1
127. 3
128. 4
129. 1
130. 2
131. 1
132. 2
133. 3
134. 5
135. 2
136. 1
137. 2
138. 1
139. 3
140. 1
141. 2
142. 1
143. 1
144. 1
145. 3
146. 2
147. 3
148. 1
149. 2
150. 2
151. 3
152. 1
153. 2
154. 1
155. 2
156. 1
157. 1
158. 2
159. 3
160. 1
161. 1
162. 2
163. 3
164. 2
165. 4
166. 4
167. 1
168. 2
169. 3
170. 2
171. 1
172. 1
173. 2
174. 2
175. 2
176. 2
177. 1
178. 3
179. 1
180. 2
181. 2
182. 2
183. 2
184. 1
185. 2
186. 1
187. 2
188. 2
189. 2
190. 1
191. 2
192. 3
193. 2
194. 2
195. 4
196. 5
197. 2
198. 8
199. 2
200. 2