5955.txt
1. 0
2. 1
3. 1
4. 0
5. 2
6. 3
7. 2
8. 0
9. 0
10. 3
11. 1
12. 0
13. 2
14. 3
15. 1
16. 3
17. 1
18. 2
19. 3
20. 1
21. 8
22. 2
23. 1
24. 3
25. 0
26. 0
27. 2
28. 0
29. 0
30. 6
31. 3
32. 2
33. 0
34. 2
35. 4
36. 3
37. 1
38. 0
39. 0
40. 2
41. 1
42. 0
43. 0
44. 3
45. 0
46. 0
47. 2
48. 2
49. 0
50. 1
51. 4
52. 1
53. 2
54. 0
55. 1
56. 2
57. 2
58. 2
59. 1
60. 8
61. 0
62. 0
63. 2
64. 0
65. 3
66. 3
67. 1
68. 1
69. 1
70. 1
71. 1
72. 0
73. 1
74. 0
75. 1
76. 2
77. 1
78. 3
79. 1
80. 0
81. 2
82. 7
83. 3
84. 0
85. 3
86. 0
87. 2
88. 3
89. 0
90. 1
91. 2
92. 1
93. 0
94. 0
95. 0
96. 0
97. 2
98. 0
99. 1
100. 1
101. 2
102. 0
103. 0
104. 3
105. 1
106. 2
107. 1
108. 4
109. 0
110. 2
111. 0
112. 0
113. 1
114. 2
115. 0
116. 1
117. 4
118. 0
119. 1
120. 2
121. 0
122. 0
123. 0
124. 0
125. 1
126. 1
127. 1
128. 2
129. 1
130. 1
131. 1
132. 0
133. 1
134. 2
135. 2
136. 2
137. 1
138. 1
139. 3
140. 1
141. 0
142. 3
143. 1
144. 1
145. 1
146. 0
147. 3
148. 2
149. 4
150. 1
151. 1
152. 1
153. 2
154. 1
155. 0
156. 1
157. 1
158. 0
159. 2
160. 2
161. 2
162. 3
163. 2
164. 1
165. 0
166. 2
167. 2
168. 2
169. 2
170. 0
171. 1
172. 2
173. 1
174. 3
175. 2
176. 1
177. 3
178. 1
179. 3
180. 1
181. 1
182. 2
183. 0
184. 3
185. 2
186. 0
187. 2
188. 1
189. 0
190. 2
191. 1
192. 7
193. 2
194. 3
195. 1
196. 0
197. 0
198. 2
199. 1
200. 1