5959.txt
1. 0
2. 0
3. 0
4. 0
5. 1
6. 0
7. 2
8. 2
9. 0
10. 0
11. 3
12. 2
13. 3
14. 0
15. 1
16. 2
17. 3
18. 1
19. 4
20. 0
21. 1
22. 0
23. 2
24. 1
25. 0
26. 1
27. 0
28. 4
29. 7
30. 0
31. 2
32. 1
33. 2
34. 2
35. 1
36. 2
37. 1
38. 1
39. 2
40. 1
41. 0
42. 1
43. 0
44. 1
45. 0
46. 0
47. 1
48. 0
49. 1
50. 1
51. 0
52. 0
53. 1
54. 2
55. 2
56. 1
57. 4
58. 2
59. 2
60. 4
61. 1
62. 0
63. 0
64. 0
65. 2
66. 0
67. 3
68. 1
69. 0
70. 3
71. 0
72. 1
73. 2
74. 3
75. 1
76. 0
77. 0
78. 1
79. 2
80. 1
81. 1
82. 0
83. 2
84. 1
85. 2
86. 2
87. 2
88. 2
89. 2
90. 3
91. 2
92. 2
93. 0
94. 0
95. 2
96. 1
97. 1
98. 2
99. 1
100. 2
101. 3
102. 2
103. 1
104. 0
105. 3
106. 3
107. 2
108. 0
109. 1
110. 0
111. 0
112. 1
113. 1
114. 3
115. 2
116. 0
117. 1
118. 2
119. 1
120. 3
121. 0
122. 1
123. 0
124. 1
125. 1
126. 1
127. 0
128. 0
129. 1
130. 1
131. 4
132. 2
133. 1
134. 1
135. 2
136. 1
137. 2
138. 2
139. 1
140. 1
141. 1
142. 0
143. 0
144. 2
145. 2
146. 0
147. 0
148. 1
149. 0
150. 3
151. 2
152. 1
153. 1
154. 2
155. 1
156. 1
157. 3
158. 1
159. 1
160. 4
161. 2
162. 2
163. 1
164. 2
165. 1
166. 1
167. 0
168. 0
169. 1
170. 2
171. 1
172. 2
173. 1
174. 6
175. 3
176. 0
177. 1
178. 1
179. 0
180. 2
181. 1
182. 1
183. 2
184. 4
185. 0
186. 0
187. 1
188. 2
189. 2
190. 4
191. 1
192. 1
193. 0
194. 1
195. 10
196. 1
197. 1
198. 1
199. 2
200. 0