5966.txt
1. 2
2. 1
3. 0
4. 1
5. 1
6. 2
7. 3
8. 7
9. 1
10. 0
11. 1
12. 4
13. 2
14. 2
15. 7
16. 0
17. 2
18. 3
19. 4
20. 4
21. 1
22. 1
23. 1
24. 2
25. 3
26. 1
27. 3
28. 2
29. 3
30. 2
31. 1
32. 3
33. 1
34. 1
35. 1
36. 4
37. 2
38. 2
39. 5
40. 1
41. 3
42. 1
43. 3
44. 2
45. 1
46. 4
47. 1
48. 3
49. 1
50. 2
51. 1
52. 4
53. 3
54. 1
55. 1
56. 2
57. 2
58. 2
59. 1
60. 2
61. 1
62. 3
63. 1
64. 1
65. 1
66. 2
67. 1
68. 2
69. 3
70. 2
71. 5
72. 1
73. 2
74. 2
75. 1
76. 2
77. 3
78. 1
79. 2
80. 1
81. 1
82. 1
83. 1
84. 2
85. 3
86. 2
87. 1
88. 6
89. 3
90. 10
91. 1
92. 2
93. 2
94. 1
95. 1
96. 2
97. 3
98. 4
99. 2
100. 2
101. 3
102. 1
103. 1
104. 2
105. 2
106. 1
107. 1
108. 2
109. 1
110. 3
111. 1
112. 3
113. 1
114. 2
115. 1
116. 2
117. 1
118. 2
119. 2
120. 2
121. 1
122. 2
123. 2
124. 2
125. 1
126. 2
127. 2
128. 4
129. 2
130. 1
131. 3
132. 1
133. 2
134. 2
135. 2
136. 1
137. 1
138. 1
139. 1
140. 3
141. 1
142. 2
143. 3
144. 1
145. 1
146. 2
147. 2
148. 3
149. 1
150. 2
151. 5
152. 3
153. 5
154. 3
155. 4
156. 2
157. 4
158. 3
159. 3
160. 2
161. 2
162. 2
163. 1
164. 2
165. 2
166. 3
167. 1
168. 3
169. 1
170. 3
171. 3
172. 5
173. 3
174. 1
175. 1
176. 1
177. 1
178. 1
179. 1
180. 3
181. 1
182. 1
183. 3
184. 2
185. 2
186. 1
187. 2
188. 2
189. 1
190. 2
191. 2
192. 3
193. 1
194. 3
195. 2
196. 2
197. 2
198. 1
199. 3
200. 2