5973.txt
1. 3
2. 1
3. 1
4. 2
5. 0
6. 3
7. 2
8. 3
9. 4
10. 3
11. 2
12. 4
13. 2
14. 2
15. 1
16. 1
17. 2
18. 3
19. 4
20. 1
21. 1
22. 2
23. 1
24. 2
25. 1
26. 2
27. 3
28. 2
29. 1
30. 2
31. 3
32. 1
33. 2
34. 3
35. 2
36. 2
37. 4
38. 4
39. 3
40. 2
41. 1
42. 2
43. 2
44. 2
45. 1
46. 2
47. 2
48. 2
49. 2
50. 7
51. 2
52. 3
53. 1
54. 2
55. 1
56. 2
57. 2
58. 1
59. 3
60. 2
61. 0
62. 3
63. 1
64. 2
65. 2
66. 6
67. 2
68. 2
69. 1
70. 1
71. 1
72. 1
73. 1
74. 3
75. 4
76. 2
77. 1
78. 3
79. 1
80. 0
81. 2
82. 3
83. 4
84. 2
85. 1
86. 2
87. 2
88. 1
89. 1
90. 1
91. 3
92. 2
93. 2
94. 3
95. 1
96. 2
97. 1
98. 2
99. 2
100. 1
101. 2
102. 3
103. 3
104. 1
105. 2
106. 1
107. 2
108. 3
109. 2
110. 4
111. 4
112. 1
113. 1
114. 2
115. 2
116. 2
117. 3
118. 1
119. 1
120. 1
121. 4
122. 2
123. 1
124. 2
125. 1
126. 3
127. 2
128. 1
129. 2
130. 1
131. 3
132. 1
133. 2
134. 2
135. 5
136. 2
137. 1
138. 2
139. 2
140. 3
141. 3
142. 2
143. 2
144. 2
145. 1
146. 2
147. 2
148. 2
149. 2
150. 2
151. 1
152. 3
153. 1
154. 1
155. 2
156. 2
157. 3
158. 4
159. 1
160. 1
161. 2
162. 4
163. 2
164. 3
165. 2
166. 1
167. 3
168. 2
169. 3
170. 3
171. 2
172. 1
173. 2
174. 2
175. 1
176. 1
177. 2
178. 2
179. 2
180. 3
181. 1
182. 1
183. 1
184. 2
185. 2
186. 1
187. 2
188. 1
189. 1
190. 2
191. 2
192. 3
193. 5
194. 2
195. 2
196. 2
197. 3
198. 1
199. 3
200. 2