5975.txt
1. 7
2. 2
3. 8
4. 3
5. 5
6. 1
7. 1
8. 2
9. 3
10. 7
11. 1
12. 6
13. 3
14. 2
15. 5
16. 4
17. 3
18. 1
19. 1
20. 4
21. 6
22. 4
23. 4
24. 2
25. 6
26. 3
27. 5
28. 2
29. 1
30. 5
31. 3
32. 4
33. 3
34. 1
35. 4
36. 5
37. 1
38. 7
39. 2
40. 3
41. 1
42. 1
43. 6
44. 4
45. 3
46. 3
47. 4
48. 2
49. 5
50. 2
51. 1
52. 7
53. 3
54. 4
55. 2
56. 2
57. 2
58. 4
59. 3
60. 2
61. 2
62. 3
63. 1
64. 6
65. 5
66. 2
67. 1
68. 2
69. 2
70. 3
71. 3
72. 2
73. 6
74. 4
75. 2
76. 4
77. 2
78. 3
79. 4
80. 5
81. 2
82. 2
83. 1
84. 3
85. 4
86. 3
87. 3
88. 2
89. 1
90. 1
91. 4
92. 4
93. 4
94. 3
95. 4
96. 2
97. 3
98. 2
99. 3
100. 3
101. 2
102. 1
103. 3
104. 3
105. 4
106. 3
107. 2
108. 2
109. 3
110. 3
111. 2
112. 3
113. 2
114. 3
115. 3
116. 4
117. 4
118. 1
119. 5
120. 3
121. 2
122. 5
123. 4
124. 2
125. 3
126. 3
127. 4
128. 1
129. 2
130. 3
131. 3
132. 1
133. 5
134. 3
135. 3
136. 2
137. 5
138. 2
139. 3
140. 2
141. 3
142. 2
143. 4
144. 4
145. 6
146. 4
147. 3
148. 2
149. 2
150. 3
151. 3
152. 1
153. 3
154. 5
155. 3
156. 2
157. 3
158. 4
159. 3
160. 3
161. 3
162. 3
163. 3
164. 2
165. 2
166. 2
167. 3
168. 2
169. 4
170. 4
171. 2
172. 3
173. 3
174. 3
175. 4
176. 3
177. 4
178. 3
179. 2
180. 2
181. 5
182. 3
183. 1
184. 5
185. 3
186. 1
187. 2
188. 3
189. 3
190. 4
191. 4
192. 3
193. 4
194. 2
195. 3
196. 3
197. 6
198. 2
199. 4
200. 4