5987.txt
1. 2
2. 1
3. 2
4. 1
5. 2
6. 3
7. 1
8. 6
9. 4
10. 3
11. 2
12. 1
13. 1
14. 4
15. 1
16. 4
17. 5
18. 1
19. 2
20. 2
21. 4
22. 1
23. 2
24. 4
25. 2
26. 2
27. 3
28. 2
29. 2
30. 7
31. 3
32. 2
33. 3
34. 2
35. 2
36. 3
37. 3
38. 2
39. 3
40. 2
41. 3
42. 2
43. 1
44. 1
45. 2
46. 2
47. 4
48. 6
49. 2
50. 5
51. 2
52. 3
53. 6
54. 2
55. 3
56. 2
57. 2
58. 2
59. 4
60. 5
61. 2
62. 1
63. 3
64. 1
65. 1
66. 2
67. 3
68. 2
69. 6
70. 2
71. 2
72. 1
73. 5
74. 2
75. 2
76. 1
77. 2
78. 2
79. 2
80. 2
81. 3
82. 2
83. 2
84. 2
85. 3
86. 2
87. 2
88. 4
89. 2
90. 2
91. 2
92. 3
93. 2
94. 3
95. 3
96. 2
97. 2
98. 2
99. 3
100. 4
101. 3
102. 1
103. 2
104. 1
105. 2
106. 2
107. 2
108. 2
109. 4
110. 2
111. 8
112. 2
113. 2
114. 3
115. 3
116. 2
117. 2
118. 3
119. 2
120. 4
121. 1
122. 4
123. 1
124. 3
125. 2
126. 1
127. 2
128. 2
129. 3
130. 2
131. 3
132. 2
133. 3
134. 7
135. 3
136. 3
137. 3
138. 1
139. 2
140. 5
141. 2
142. 3
143. 1
144. 1
145. 4
146. 4
147. 2
148. 2
149. 3
150. 2
151. 2
152. 2
153. 2
154. 3
155. 2
156. 2
157. 3
158. 2
159. 3
160. 2
161. 3
162. 2
163. 1
164. 3
165. 2
166. 2
167. 3
168. 1
169. 3
170. 2
171. 2
172. 2
173. 2
174. 3
175. 2
176. 8
177. 2
178. 3
179. 2
180. 1
181. 3
182. 1
183. 2
184. 4
185. 2
186. 3
187. 2
188. 2
189. 2
190. 2
191. 2
192. 3
193. 3
194. 2
195. 2
196. 2
197. 1
198. 3
199. 2
200. 4