599.txt
1. 0
2. 0
3. 0
4. 4
5. 2
6. 0
7. 1
8. 5
9. 1
10. 1
11. 0
12. 4
13. 0
14. 1
15. 6
16. 3
17. 2
18. 0
19. 0
20. 0
21. 0
22. 0
23. 1
24. 2
25. 4
26. 1
27. 2
28. 1
29. 1
30. 0
31. 1
32. 0
33. 0
34. 1
35. 3
36. 1
37. 3
38. 1
39. 0
40. 3
41. 2
42. 1
43. 0
44. 1
45. 3
46. 2
47. 0
48. 3
49. 2
50. 0
51. 2
52. 2
53. 0
54. 1
55. 5
56. 0
57. 4
58. 0
59. 0
60. 5
61. 1
62. 0
63. 3
64. 0
65. 2
66. 0
67. 3
68. 2
69. 2
70. 0
71. 0
72. 0
73. 2
74. 0
75. 2
76. 2
77. 0
78. 1
79. 2
80. 2
81. 3
82. 1
83. 0
84. 0
85. 0
86. 4
87. 3
88. 1
89. 0
90. 3
91. 2
92. 2
93. 0
94. 2
95. 1
96. 2
97. 2
98. 2
99. 4
100. 2
101. 4
102. 0
103. 2
104. 0
105. 2
106. 1
107. 3
108. 0
109. 3
110. 2
111. 2
112. 1
113. 2
114. 0
115. 2
116. 3
117. 0
118. 1
119. 2
120. 1
121. 0
122. 5
123. 0
124. 0
125. 3
126. 0
127. 0
128. 2
129. 0
130. 4
131. 1
132. 0
133. 1
134. 0
135. 0
136. 1
137. 0
138. 1
139. 3
140. 0
141. 1
142. 0
143. 4
144. 1
145. 2
146. 1
147. 1
148. 2
149. 0
150. 8
151. 2
152. 0
153. 2
154. 0
155. 2
156. 0
157. 0
158. 2
159. 1
160. 0
161. 1
162. 1
163. 0
164. 2
165. 1
166. 1
167. 2
168. 1
169. 0
170. 2
171. 2
172. 0
173. 1
174. 1
175. 0
176. 1
177. 1
178. 3
179. 3
180. 2
181. 7
182. 1
183. 2
184. 2
185. 1
186. 1
187. 4
188. 0
189. 1
190. 1
191. 3
192. 1
193. 2
194. 3
195. 3
196. 3
197. 1
198. 2
199. 0
200. 2