5993.txt
1. 2
2. 0
3. 1
4. 2
5. 2
6. 4
7. 1
8. 3
9. 6
10. 1
11. 7
12. 1
13. 2
14. 1
15. 2
16. 1
17. 2
18. 2
19. 2
20. 6
21. 1
22. 2
23. 2
24. 1
25. 4
26. 1
27. 3
28. 2
29. 2
30. 1
31. 2
32. 2
33. 3
34. 1
35. 2
36. 5
37. 4
38. 2
39. 3
40. 2
41. 1
42. 3
43. 2
44. 2
45. 2
46. 2
47. 5
48. 4
49. 2
50. 2
51. 2
52. 3
53. 3
54. 2
55. 3
56. 4
57. 4
58. 2
59. 1
60. 2
61. 3
62. 2
63. 4
64. 3
65. 1
66. 5
67. 1
68. 2
69. 3
70. 1
71. 2
72. 1
73. 3
74. 2
75. 1
76. 2
77. 3
78. 3
79. 2
80. 3
81. 2
82. 2
83. 2
84. 3
85. 2
86. 1
87. 1
88. 2
89. 2
90. 2
91. 1
92. 1
93. 2
94. 2
95. 1
96. 2
97. 4
98. 1
99. 2
100. 2
101. 2
102. 3
103. 3
104. 3
105. 2
106. 1
107. 2
108. 2
109. 4
110. 6
111. 2
112. 3
113. 2
114. 3
115. 2
116. 1
117. 3
118. 2
119. 2
120. 1
121. 2
122. 1
123. 3
124. 2
125. 1
126. 1
127. 4
128. 3
129. 2
130. 2
131. 2
132. 2
133. 2
134. 4
135. 4
136. 2
137. 2
138. 3
139. 2
140. 3
141. 1
142. 3
143. 1
144. 1
145. 1
146. 1
147. 2
148. 2
149. 2
150. 1
151. 3
152. 2
153. 2
154. 2
155. 2
156. 2
157. 5
158. 2
159. 3
160. 2
161. 2
162. 2
163. 2
164. 2
165. 2
166. 2
167. 2
168. 2
169. 3
170. 3
171. 2
172. 4
173. 3
174. 2
175. 2
176. 3
177. 3
178. 4
179. 2
180. 3
181. 2
182. 3
183. 2
184. 3
185. 2
186. 2
187. 2
188. 1
189. 2
190. 5
191. 3
192. 1
193. 2
194. 3
195. 1
196. 2
197. 2
198. 3
199. 2
200. 3