6016.txt
1. 2
2. 1
3. 3
4. 7
5. 4
6. 4
7. 6
8. 3
9. 5
10. 4
11. 2
12. 2
13. 2
14. 2
15. 2
16. 4
17. 1
18. 3
19. 2
20. 6
21. 2
22. 2
23. 2
24. 3
25. 4
26. 3
27. 2
28. 2
29. 4
30. 2
31. 1
32. 3
33. 2
34. 2
35. 2
36. 4
37. 4
38. 3
39. 2
40. 6
41. 5
42. 3
43. 3
44. 3
45. 3
46. 2
47. 2
48. 5
49. 4
50. 2
51. 3
52. 4
53. 3
54. 2
55. 6
56. 2
57. 4
58. 2
59. 5
60. 1
61. 2
62. 3
63. 4
64. 2
65. 4
66. 3
67. 2
68. 2
69. 4
70. 3
71. 2
72. 4
73. 2
74. 2
75. 3
76. 2
77. 2
78. 3
79. 4
80. 3
81. 4
82. 2
83. 2
84. 2
85. 3
86. 3
87. 3
88. 2
89. 3
90. 3
91. 4
92. 2
93. 3
94. 5
95. 2
96. 3
97. 4
98. 3
99. 3
100. 2
101. 2
102. 3
103. 3
104. 4
105. 3
106. 2
107. 3
108. 4
109. 2
110. 3
111. 3
112. 2
113. 2
114. 2
115. 6
116. 2
117. 2
118. 2
119. 4
120. 3
121. 4
122. 5
123. 2
124. 2
125. 2
126. 4
127. 2
128. 3
129. 5
130. 2
131. 3
132. 1
133. 2
134. 3
135. 2
136. 3
137. 2
138. 2
139. 3
140. 3
141. 2
142. 7
143. 2
144. 3
145. 4
146. 4
147. 5
148. 4
149. 3
150. 2
151. 4
152. 1
153. 3
154. 2
155. 2
156. 3
157. 2
158. 4
159. 2
160. 2
161. 2
162. 2
163. 2
164. 2
165. 3
166. 4
167. 3
168. 2
169. 2
170. 3
171. 3
172. 2
173. 3
174. 5
175. 3
176. 3
177. 3
178. 3
179. 3
180. 3
181. 4
182. 2
183. 2
184. 3
185. 4
186. 1
187. 2
188. 4
189. 3
190. 3
191. 2
192. 2
193. 2
194. 3
195. 3
196. 4
197. 2
198. 4
199. 2
200. 2