6020.txt
1. 0
2. 6
3. 5
4. 0
5. 3
6. 4
7. 0
8. 3
9. 1
10. 2
11. 0
12. 1
13. 2
14. 3
15. 2
16. 0
17. 2
18. 3
19. 2
20. 2
21. 5
22. 4
23. 3
24. 2
25. 1
26. 2
27. 3
28. 2
29. 5
30. 1
31. 1
32. 1
33. 3
34. 2
35. 2
36. 4
37. 2
38. 1
39. 2
40. 0
41. 5
42. 2
43. 3
44. 2
45. 1
46. 1
47. 0
48. 2
49. 2
50. 2
51. 3
52. 4
53. 1
54. 2
55. 3
56. 3
57. 1
58. 3
59. 0
60. 2
61. 1
62. 1
63. 1
64. 1
65. 3
66. 1
67. 0
68. 2
69. 1
70. 3
71. 2
72. 2
73. 1
74. 2
75. 3
76. 3
77. 2
78. 2
79. 1
80. 2
81. 0
82. 2
83. 2
84. 0
85. 3
86. 3
87. 1
88. 1
89. 1
90. 2
91. 3
92. 4
93. 1
94. 1
95. 3
96. 2
97. 7
98. 1
99. 5
100. 2
101. 1
102. 2
103. 1
104. 1
105. 1
106. 2
107. 1
108. 1
109. 2
110. 1
111. 2
112. 1
113. 2
114. 1
115. 2
116. 4
117. 2
118. 1
119. 3
120. 1
121. 1
122. 2
123. 1
124. 2
125. 3
126. 2
127. 3
128. 2
129. 3
130. 1
131. 0
132. 1
133. 1
134. 2
135. 1
136. 4
137. 2
138. 2
139. 0
140. 1
141. 1
142. 3
143. 2
144. 1
145. 1
146. 0
147. 1
148. 1
149. 2
150. 1
151. 1
152. 1
153. 3
154. 1
155. 2
156. 1
157. 1
158. 1
159. 1
160. 0
161. 1
162. 2
163. 0
164. 2
165. 3
166. 0
167. 1
168. 2
169. 1
170. 3
171. 1
172. 2
173. 1
174. 2
175. 3
176. 4
177. 2
178. 1
179. 2
180. 2
181. 2
182. 1
183. 1
184. 4
185. 1
186. 3
187. 2
188. 1
189. 1
190. 2
191. 2
192. 1
193. 2
194. 2
195. 1
196. 2
197. 2
198. 2
199. 1
200. 2