6023.txt
1. 0
2. 1
3. 0
4. 0
5. 0
6. 1
7. 2
8. 0
9. 1
10. 3
11. 4
12. 0
13. 1
14. 3
15. 3
16. 0
17. 1
18. 2
19. 0
20. 2
21. 2
22. 4
23. 3
24. 2
25. 0
26. 5
27. 0
28. 2
29. 2
30. 0
31. 1
32. 2
33. 1
34. 2
35. 2
36. 3
37. 1
38. 2
39. 7
40. 3
41. 2
42. 3
43. 3
44. 0
45. 0
46. 0
47. 0
48. 0
49. 1
50. 5
51. 1
52. 2
53. 3
54. 3
55. 1
56. 1
57. 1
58. 0
59. 1
60. 0
61. 2
62. 0
63. 2
64. 2
65. 1
66. 1
67. 0
68. 2
69. 2
70. 1
71. 3
72. 1
73. 0
74. 3
75. 2
76. 1
77. 2
78. 1
79. 0
80. 3
81. 0
82. 0
83. 3
84. 2
85. 6
86. 0
87. 2
88. 1
89. 1
90. 1
91. 1
92. 2
93. 0
94. 1
95. 3
96. 1
97. 5
98. 1
99. 1
100. 0
101. 0
102. 2
103. 2
104. 1
105. 1
106. 3
107. 0
108. 1
109. 0
110. 0
111. 0
112. 2
113. 0
114. 2
115. 2
116. 0
117. 2
118. 1
119. 1
120. 1
121. 1
122. 2
123. 1
124. 1
125. 1
126. 2
127. 0
128. 0
129. 0
130. 1
131. 4
132. 0
133. 1
134. 0
135. 1
136. 1
137. 0
138. 1
139. 8
140. 1
141. 3
142. 1
143. 0
144. 1
145. 0
146. 3
147. 0
148. 7
149. 0
150. 0
151. 1
152. 1
153. 4
154. 2
155. 1
156. 1
157. 1
158. 1
159. 1
160. 0
161. 3
162. 1
163. 1
164. 1
165. 0
166. 1
167. 1
168. 0
169. 1
170. 1
171. 0
172. 2
173. 1
174. 1
175. 0
176. 0
177. 1
178. 0
179. 0
180. 1
181. 1
182. 0
183. 1
184. 4
185. 1
186. 0
187. 4
188. 0
189. 1
190. 1
191. 1
192. 0
193. 1
194. 0
195. 1
196. 0
197. 1
198. 0
199. 1
200. 1