6029.txt
1. 0
2. 1
3. 0
4. 2
5. 4
6. 3
7. 2
8. 4
9. 2
10. 1
11. 3
12. 1
13. 1
14. 2
15. 0
16. 1
17. 3
18. 2
19. 3
20. 2
21. 2
22. 0
23. 3
24. 1
25. 2
26. 2
27. 2
28. 3
29. 3
30. 4
31. 1
32. 2
33. 3
34. 3
35. 2
36. 4
37. 2
38. 1
39. 2
40. 0
41. 1
42. 4
43. 4
44. 1
45. 3
46. 3
47. 0
48. 1
49. 3
50. 0
51. 4
52. 5
53. 2
54. 1
55. 3
56. 2
57. 2
58. 1
59. 1
60. 1
61. 2
62. 2
63. 2
64. 0
65. 2
66. 3
67. 1
68. 3
69. 1
70. 1
71. 2
72. 2
73. 3
74. 4
75. 1
76. 1
77. 2
78. 1
79. 3
80. 2
81. 3
82. 4
83. 0
84. 3
85. 3
86. 1
87. 2
88. 0
89. 3
90. 0
91. 0
92. 2
93. 1
94. 2
95. 0
96. 3
97. 2
98. 3
99. 3
100. 1
101. 2
102. 1
103. 1
104. 1
105. 2
106. 1
107. 2
108. 1
109. 1
110. 2
111. 2
112. 1
113. 1
114. 5
115. 2
116. 0
117. 2
118. 1
119. 2
120. 2
121. 5
122. 1
123. 2
124. 1
125. 1
126. 1
127. 2
128. 2
129. 0
130. 3
131. 2
132. 2
133. 1
134. 1
135. 2
136. 2
137. 2
138. 2
139. 2
140. 6
141. 1
142. 2
143. 2
144. 2
145. 1
146. 1
147. 2
148. 0
149. 2
150. 1
151. 2
152. 4
153. 1
154. 2
155. 0
156. 1
157. 1
158. 3
159. 3
160. 4
161. 3
162. 2
163. 1
164. 2
165. 2
166. 1
167. 3
168. 1
169. 2
170. 1
171. 1
172. 1
173. 1
174. 1
175. 0
176. 2
177. 3
178. 1
179. 1
180. 1
181. 3
182. 2
183. 1
184. 2
185. 3
186. 2
187. 2
188. 1
189. 2
190. 1
191. 2
192. 3
193. 5
194. 3
195. 3
196. 1
197. 2
198. 1
199. 4
200. 2