604.txt
1. 9
2. 7
3. 2
4. 1
5. 2
6. 1
7. 1
8. 2
9. 2
10. 3
11. 4
12. 1
13. 2
14. 1
15. 3
16. 1
17. 2
18. 5
19. 2
20. 2
21. 2
22. 2
23. 1
24. 1
25. 1
26. 2
27. 1
28. 4
29. 3
30. 1
31. 2
32. 3
33. 2
34. 1
35. 1
36. 3
37. 1
38. 2
39. 3
40. 3
41. 3
42. 2
43. 3
44. 4
45. 2
46. 2
47. 1
48. 3
49. 1
50. 2
51. 2
52. 1
53. 1
54. 1
55. 1
56. 5
57. 1
58. 1
59. 1
60. 2
61. 4
62. 4
63. 3
64. 2
65. 3
66. 1
67. 2
68. 3
69. 2
70. 1
71. 1
72. 2
73. 4
74. 3
75. 2
76. 1
77. 2
78. 3
79. 2
80. 3
81. 1
82. 2
83. 1
84. 2
85. 1
86. 1
87. 4
88. 2
89. 2
90. 2
91. 1
92. 1
93. 2
94. 1
95. 3
96. 5
97. 2
98. 2
99. 3
100. 1
101. 3
102. 2
103. 2
104. 1
105. 2
106. 4
107. 2
108. 1
109. 2
110. 3
111. 1
112. 2
113. 1
114. 2
115. 2
116. 2
117. 1
118. 2
119. 2
120. 1
121. 2
122. 2
123. 4
124. 2
125. 2
126. 3
127. 1
128. 3
129. 2
130. 2
131. 1
132. 1
133. 3
134. 2
135. 1
136. 2
137. 2
138. 2
139. 1
140. 3
141. 4
142. 2
143. 3
144. 2
145. 4
146. 1
147. 1
148. 2
149. 1
150. 1
151. 2
152. 3
153. 1
154. 2
155. 3
156. 5
157. 1
158. 3
159. 1
160. 3
161. 2
162. 1
163. 3
164. 1
165. 2
166. 3
167. 1
168. 3
169. 2
170. 2
171. 2
172. 1
173. 2
174. 1
175. 1
176. 2
177. 2
178. 2
179. 2
180. 2
181. 2
182. 3
183. 2
184. 3
185. 2
186. 2
187. 1
188. 2
189. 2
190. 2
191. 3
192. 4
193. 4
194. 2
195. 1
196. 2
197. 6
198. 1
199. 2
200. 3