6043.txt
1. 2
2. 1
3. 1
4. 4
5. 1
6. 1
7. 1
8. 1
9. 4
10. 3
11. 3
12. 3
13. 4
14. 2
15. 2
16. 4
17. 5
18. 4
19. 3
20. 2
21. 1
22. 3
23. 2
24. 4
25. 3
26. 1
27. 1
28. 2
29. 2
30. 2
31. 7
32. 2
33. 2
34. 2
35. 2
36. 3
37. 2
38. 1
39. 5
40. 2
41. 1
42. 2
43. 1
44. 2
45. 2
46. 1
47. 2
48. 3
49. 4
50. 2
51. 1
52. 2
53. 2
54. 2
55. 2
56. 2
57. 5
58. 3
59. 2
60. 1
61. 3
62. 2
63. 3
64. 1
65. 3
66. 2
67. 5
68. 1
69. 2
70. 2
71. 2
72. 3
73. 3
74. 2
75. 2
76. 2
77. 1
78. 2
79. 2
80. 1
81. 2
82. 1
83. 1
84. 2
85. 3
86. 2
87. 2
88. 4
89. 2
90. 3
91. 3
92. 3
93. 4
94. 2
95. 2
96. 2
97. 2
98. 3
99. 3
100. 4
101. 8
102. 3
103. 3
104. 4
105. 2
106. 3
107. 2
108. 3
109. 2
110. 2
111. 2
112. 1
113. 3
114. 1
115. 2
116. 3
117. 4
118. 4
119. 3
120. 3
121. 1
122. 2
123. 3
124. 3
125. 4
126. 1
127. 1
128. 4
129. 3
130. 3
131. 2
132. 1
133. 2
134. 3
135. 6
136. 2
137. 3
138. 1
139. 2
140. 2
141. 1
142. 2
143. 2
144. 3
145. 2
146. 2
147. 2
148. 3
149. 2
150. 4
151. 2
152. 1
153. 2
154. 1
155. 5
156. 1
157. 1
158. 3
159. 2
160. 2
161. 3
162. 2
163. 3
164. 3
165. 3
166. 4
167. 2
168. 3
169. 2
170. 3
171. 3
172. 2
173. 6
174. 4
175. 4
176. 2
177. 2
178. 2
179. 3
180. 2
181. 2
182. 2
183. 1
184. 3
185. 4
186. 1
187. 5
188. 2
189. 2
190. 2
191. 3
192. 3
193. 2
194. 1
195. 2
196. 2
197. 3
198. 2
199. 4
200. 4