6045.txt
1. 1
2. 2
3. 0
4. 1
5. 4
6. 2
7. 2
8. 3
9. 1
10. 2
11. 1
12. 2
13. 1
14. 4
15. 2
16. 2
17. 3
18. 3
19. 1
20. 4
21. 1
22. 1
23. 1
24. 3
25. 3
26. 1
27. 1
28. 2
29. 4
30. 6
31. 1
32. 1
33. 2
34. 1
35. 3
36. 1
37. 4
38. 2
39. 2
40. 1
41. 2
42. 5
43. 2
44. 3
45. 2
46. 3
47. 3
48. 2
49. 3
50. 2
51. 1
52. 1
53. 2
54. 4
55. 1
56. 3
57. 2
58. 3
59. 3
60. 1
61. 2
62. 1
63. 2
64. 2
65. 1
66. 2
67. 1
68. 3
69. 1
70. 5
71. 3
72. 2
73. 3
74. 1
75. 2
76. 1
77. 2
78. 2
79. 1
80. 1
81. 3
82. 2
83. 3
84. 2
85. 2
86. 2
87. 2
88. 3
89. 2
90. 2
91. 3
92. 1
93. 5
94. 1
95. 2
96. 3
97. 2
98. 1
99. 2
100. 1
101. 1
102. 2
103. 1
104. 2
105. 2
106. 3
107. 3
108. 2
109. 1
110. 2
111. 2
112. 1
113. 4
114. 2
115. 2
116. 3
117. 3
118. 4
119. 2
120. 2
121. 3
122. 1
123. 2
124. 2
125. 3
126. 1
127. 1
128. 1
129. 2
130. 1
131. 2
132. 3
133. 1
134. 2
135. 1
136. 2
137. 2
138. 2
139. 2
140. 3
141. 2
142. 2
143. 3
144. 2
145. 3
146. 4
147. 2
148. 1
149. 2
150. 2
151. 7
152. 2
153. 3
154. 3
155. 1
156. 2
157. 3
158. 3
159. 1
160. 3
161. 2
162. 5
163. 1
164. 2
165. 1
166. 3
167. 2
168. 2
169. 1
170. 1
171. 2
172. 1
173. 1
174. 3
175. 3
176. 3
177. 2
178. 1
179. 2
180. 3
181. 2
182. 2
183. 2
184. 2
185. 1
186. 3
187. 3
188. 1
189. 2
190. 1
191. 1
192. 1
193. 2
194. 3
195. 2
196. 1
197. 1
198. 2
199. 2
200. 2