6046.txt
1. 0
2. 0
3. 2
4. 0
5. 3
6. 0
7. 0
8. 0
9. 0
10. 2
11. 0
12. 0
13. 1
14. 0
15. 0
16. 0
17. 3
18. 0
19. 8
20. 2
21. 0
22. 0
23. 1
24. 2
25. 2
26. 2
27. 0
28. 0
29. 0
30. 2
31. 0
32. 2
33. 1
34. 2
35. 0
36. 0
37. 0
38. 0
39. 0
40. 0
41. 1
42. 2
43. 2
44. 0
45. 0
46. 1
47. 2
48. 1
49. 2
50. 2
51. 3
52. 0
53. 0
54. 1
55. 0
56. 0
57. 1
58. 2
59. 0
60. 0
61. 0
62. 2
63. 0
64. 3
65. 0
66. 2
67. 0
68. 2
69. 0
70. 2
71. 0
72. 0
73. 0
74. 2
75. 2
76. 3
77. 4
78. 1
79. 1
80. 2
81. 1
82. 1
83. 0
84. 0
85. 1
86. 1
87. 0
88. 3
89. 0
90. 0
91. 0
92. 0
93. 0
94. 0
95. 0
96. 0
97. 1
98. 0
99. 7
100. 2
101. 0
102. 2
103. 0
104. 6
105. 2
106. 0
107. 0
108. 3
109. 0
110. 0
111. 0
112. 5
113. 0
114. 1
115. 2
116. 2
117. 0
118. 0
119. 0
120. 0
121. 0
122. 0
123. 1
124. 0
125. 0
126. 2
127. 2
128. 1
129. 2
130. 2
131. 2
132. 0
133. 0
134. 1
135. 3
136. 0
137. 0
138. 0
139. 0
140. 0
141. 2
142. 2
143. 1
144. 3
145. 0
146. 1
147. 0
148. 5
149. 2
150. 0
151. 0
152. 0
153. 1
154. 0
155. 5
156. 0
157. 2
158. 0
159. 0
160. 0
161. 0
162. 0
163. 0
164. 0
165. 0
166. 0
167. 0
168. 0
169. 2
170. 1
171. 0
172. 0
173. 2
174. 6
175. 0
176. 0
177. 4
178. 0
179. 1
180. 0
181. 2
182. 3
183. 4
184. 0
185. 0
186. 3
187. 3
188. 0
189. 2
190. 0
191. 0
192. 0
193. 0
194. 0
195. 0
196. 0
197. 0
198. 0
199. 1
200. 2