6048.txt
1. 0
2. 1
3. 0
4. 7
5. 2
6. 0
7. 3
8. 1
9. 2
10. 1
11. 0
12. 2
13. 2
14. 1
15. 1
16. 1
17. 8
18. 2
19. 1
20. 0
21. 0
22. 0
23. 3
24. 3
25. 1
26. 0
27. 1
28. 2
29. 0
30. 0
31. 2
32. 1
33. 1
34. 2
35. 2
36. 2
37. 1
38. 1
39. 0
40. 3
41. 3
42. 0
43. 1
44. 2
45. 0
46. 0
47. 1
48. 2
49. 6
50. 1
51. 3
52. 1
53. 1
54. 3
55. 0
56. 1
57. 2
58. 1
59. 2
60. 3
61. 1
62. 4
63. 1
64. 2
65. 2
66. 1
67. 3
68. 1
69. 1
70. 0
71. 2
72. 2
73. 2
74. 2
75. 2
76. 3
77. 2
78. 2
79. 1
80. 2
81. 1
82. 2
83. 0
84. 2
85. 1
86. 2
87. 2
88. 2
89. 1
90. 3
91. 2
92. 2
93. 1
94. 2
95. 2
96. 4
97. 1
98. 2
99. 1
100. 1
101. 2
102. 0
103. 2
104. 2
105. 0
106. 3
107. 2
108. 3
109. 1
110. 7
111. 3
112. 1
113. 4
114. 2
115. 0
116. 0
117. 0
118. 6
119. 2
120. 1
121. 1
122. 2
123. 2
124. 2
125. 1
126. 2
127. 3
128. 1
129. 1
130. 3
131. 0
132. 4
133. 5
134. 3
135. 1
136. 3
137. 1
138. 2
139. 1
140. 0
141. 1
142. 1
143. 2
144. 1
145. 0
146. 3
147. 1
148. 1
149. 2
150. 2
151. 2
152. 0
153. 2
154. 4
155. 2
156. 1
157. 3
158. 1
159. 1
160. 1
161. 3
162. 3
163. 1
164. 1
165. 1
166. 3
167. 1
168. 2
169. 1
170. 2
171. 1
172. 4
173. 2
174. 2
175. 5
176. 2
177. 0
178. 3
179. 1
180. 3
181. 1
182. 3
183. 3
184. 1
185. 2
186. 5
187. 2
188. 2
189. 1
190. 2
191. 2
192. 1
193. 2
194. 1
195. 1
196. 2
197. 1
198. 1
199. 2
200. 2