606.txt
1. 2
2. 1
3. 4
4. 2
5. 6
6. 3
7. 1
8. 3
9. 2
10. 1
11. 2
12. 4
13. 3
14. 2
15. 1
16. 2
17. 3
18. 2
19. 2
20. 1
21. 2
22. 2
23. 3
24. 3
25. 2
26. 1
27. 2
28. 2
29. 1
30. 4
31. 3
32. 3
33. 2
34. 2
35. 4
36. 2
37. 4
38. 2
39. 2
40. 5
41. 2
42. 2
43. 1
44. 3
45. 4
46. 1
47. 1
48. 1
49. 2
50. 2
51. 3
52. 2
53. 3
54. 2
55. 2
56. 3
57. 1
58. 2
59. 2
60. 1
61. 4
62. 1
63. 2
64. 3
65. 2
66. 2
67. 3
68. 3
69. 2
70. 5
71. 2
72. 2
73. 1
74. 2
75. 3
76. 1
77. 2
78. 2
79. 2
80. 2
81. 1
82. 2
83. 3
84. 2
85. 3
86. 2
87. 3
88. 1
89. 3
90. 2
91. 1
92. 1
93. 2
94. 4
95. 3
96. 2
97. 1
98. 2
99. 2
100. 3
101. 4
102. 2
103. 2
104. 3
105. 1
106. 2
107. 2
108. 1
109. 5
110. 2
111. 1
112. 3
113. 2
114. 1
115. 2
116. 3
117. 2
118. 2
119. 4
120. 1
121. 3
122. 3
123. 2
124. 2
125. 2
126. 2
127. 2
128. 3
129. 4
130. 2
131. 2
132. 2
133. 2
134. 4
135. 2
136. 2
137. 2
138. 4
139. 1
140. 2
141. 2
142. 1
143. 2
144. 2
145. 2
146. 4
147. 2
148. 2
149. 2
150. 1
151. 1
152. 2
153. 2
154. 2
155. 3
156. 2
157. 1
158. 2
159. 1
160. 1
161. 4
162. 2
163. 2
164. 3
165. 2
166. 5
167. 2
168. 2
169. 2
170. 2
171. 2
172. 2
173. 1
174. 2
175. 3
176. 1
177. 2
178. 3
179. 3
180. 1
181. 3
182. 2
183. 5
184. 4
185. 2
186. 4
187. 1
188. 2
189. 2
190. 2
191. 2
192. 1
193. 2
194. 2
195. 2
196. 2
197. 1
198. 4
199. 3
200. 3