613.txt
1. 0
2. 1
3. 2
4. 3
5. 8
6. 2
7. 1
8. 0
9. 2
10. 2
11. 5
12. 2
13. 1
14. 1
15. 3
16. 2
17. 3
18. 0
19. 2
20. 1
21. 0
22. 0
23. 2
24. 2
25. 3
26. 3
27. 0
28. 4
29. 5
30. 1
31. 0
32. 2
33. 1
34. 4
35. 2
36. 2
37. 3
38. 4
39. 0
40. 3
41. 1
42. 1
43. 6
44. 3
45. 7
46. 3
47. 0
48. 3
49. 1
50. 2
51. 0
52. 4
53. 4
54. 1
55. 2
56. 2
57. 3
58. 7
59. 2
60. 2
61. 1
62. 3
63. 2
64. 6
65. 2
66. 2
67. 1
68. 3
69. 0
70. 1
71. 0
72. 2
73. 1
74. 0
75. 4
76. 2
77. 0
78. 3
79. 1
80. 1
81. 1
82. 0
83. 1
84. 2
85. 3
86. 1
87. 2
88. 3
89. 0
90. 2
91. 3
92. 1
93. 2
94. 3
95. 0
96. 4
97. 0
98. 2
99. 1
100. 1
101. 1
102. 2
103. 1
104. 0
105. 3
106. 0
107. 4
108. 2
109. 1
110. 2
111. 0
112. 3
113. 1
114. 1
115. 2
116. 2
117. 1
118. 7
119. 1
120. 3
121. 4
122. 1
123. 2
124. 3
125. 3
126. 2
127. 1
128. 1
129. 5
130. 1
131. 2
132. 4
133. 1
134. 0
135. 2
136. 0
137. 4
138. 1
139. 1
140. 0
141. 1
142. 2
143. 2
144. 2
145. 3
146. 2
147. 3
148. 1
149. 2
150. 1
151. 0
152. 2
153. 3
154. 2
155. 4
156. 1
157. 1
158. 2
159. 2
160. 2
161. 1
162. 2
163. 1
164. 2
165. 1
166. 5
167. 2
168. 1
169. 6
170. 4
171. 2
172. 2
173. 3
174. 1
175. 1
176. 2
177. 2
178. 2
179. 2
180. 1
181. 4
182. 5
183. 2
184. 1
185. 1
186. 2
187. 0
188. 2
189. 0
190. 5
191. 2
192. 1
193. 2
194. 1
195. 0
196. 1
197. 4
198. 1
199. 3
200. 3