616.txt
1. 2
2. 4
3. 1
4. 0
5. 0
6. 2
7. 2
8. 1
9. 2
10. 1
11. 1
12. 0
13. 4
14. 2
15. 3
16. 2
17. 3
18. 1
19. 2
20. 0
21. 1
22. 2
23. 4
24. 8
25. 4
26. 6
27. 3
28. 3
29. 1
30. 3
31. 2
32. 1
33. 2
34. 1
35. 2
36. 4
37. 1
38. 1
39. 2
40. 1
41. 1
42. 1
43. 2
44. 2
45. 2
46. 2
47. 2
48. 2
49. 4
50. 2
51. 2
52. 3
53. 1
54. 2
55. 2
56. 3
57. 1
58. 3
59. 2
60. 1
61. 1
62. 1
63. 1
64. 4
65. 0
66. 3
67. 1
68. 1
69. 2
70. 3
71. 1
72. 2
73. 2
74. 2
75. 1
76. 2
77. 1
78. 1
79. 2
80. 2
81. 2
82. 1
83. 1
84. 3
85. 2
86. 4
87. 3
88. 4
89. 1
90. 2
91. 2
92. 2
93. 2
94. 3
95. 1
96. 1
97. 0
98. 2
99. 1
100. 6
101. 7
102. 1
103. 3
104. 3
105. 1
106. 2
107. 3
108. 1
109. 1
110. 1
111. 4
112. 1
113. 2
114. 3
115. 0
116. 1
117. 2
118. 1
119. 3
120. 2
121. 1
122. 2
123. 3
124. 5
125. 1
126. 4
127. 1
128. 1
129. 4
130. 4
131. 4
132. 1
133. 2
134. 2
135. 3
136. 2
137. 4
138. 2
139. 5
140. 3
141. 1
142. 3
143. 2
144. 2
145. 5
146. 1
147. 5
148. 1
149. 0
150. 1
151. 0
152. 1
153. 3
154. 2
155. 1
156. 1
157. 3
158. 3
159. 1
160. 3
161. 0
162. 3
163. 1
164. 1
165. 1
166. 3
167. 4
168. 1
169. 2
170. 1
171. 2
172. 2
173. 3
174. 4
175. 1
176. 2
177. 1
178. 2
179. 2
180. 2
181. 1
182. 1
183. 2
184. 4
185. 2
186. 1
187. 4
188. 3
189. 1
190. 1
191. 0
192. 2
193. 4
194. 1
195. 0
196. 2
197. 1
198. 0
199. 3
200. 1