619.txt
1. 3
2. 2
3. 3
4. 1
5. 2
6. 1
7. 2
8. 2
9. 2
10. 1
11. 3
12. 2
13. 2
14. 4
15. 2
16. 1
17. 3
18. 1
19. 2
20. 1
21. 2
22. 1
23. 2
24. 1
25. 4
26. 2
27. 1
28. 7
29. 3
30. 3
31. 1
32. 6
33. 3
34. 2
35. 1
36. 3
37. 2
38. 3
39. 1
40. 2
41. 2
42. 1
43. 2
44. 2
45. 2
46. 2
47. 2
48. 1
49. 2
50. 3
51. 6
52. 3
53. 3
54. 3
55. 1
56. 3
57. 1
58. 2
59. 3
60. 2
61. 2
62. 1
63. 2
64. 3
65. 3
66. 2
67. 2
68. 2
69. 2
70. 2
71. 2
72. 2
73. 2
74. 2
75. 2
76. 1
77. 2
78. 2
79. 2
80. 3
81. 2
82. 2
83. 2
84. 1
85. 4
86. 2
87. 2
88. 2
89. 2
90. 4
91. 2
92. 1
93. 2
94. 2
95. 1
96. 5
97. 2
98. 3
99. 2
100. 2
101. 1
102. 2
103. 2
104. 2
105. 2
106. 1
107. 2
108. 3
109. 1
110. 1
111. 3
112. 2
113. 3
114. 3
115. 1
116. 3
117. 1
118. 3
119. 1
120. 6
121. 2
122. 2
123. 2
124. 2
125. 1
126. 2
127. 3
128. 1
129. 2
130. 2
131. 2
132. 2
133. 2
134. 2
135. 2
136. 1
137. 1
138. 2
139. 2
140. 3
141. 2
142. 2
143. 1
144. 2
145. 3
146. 1
147. 2
148. 2
149. 2
150. 2
151. 2
152. 3
153. 3
154. 4
155. 2
156. 3
157. 2
158. 3
159. 4
160. 3
161. 1
162. 3
163. 1
164. 2
165. 1
166. 1
167. 4
168. 2
169. 3
170. 1
171. 1
172. 2
173. 2
174. 2
175. 2
176. 2
177. 2
178. 3
179. 3
180. 1
181. 1
182. 3
183. 3
184. 2
185. 1
186. 3
187. 2
188. 3
189. 1
190. 1
191. 2
192. 2
193. 3
194. 2
195. 3
196. 3
197. 1
198. 2
199. 2
200. 2