62.txt
1. 2
2. 2
3. 4
4. 2
5. 1
6. 5
7. 4
8. 1
9. 4
10. 1
11. 2
12. 3
13. 3
14. 1
15. 1
16. 4
17. 2
18. 3
19. 2
20. 2
21. 1
22. 3
23. 1
24. 3
25. 1
26. 2
27. 2
28. 2
29. 1
30. 1
31. 1
32. 2
33. 4
34. 2
35. 3
36. 2
37. 2
38. 4
39. 5
40. 3
41. 1
42. 1
43. 3
44. 2
45. 2
46. 1
47. 6
48. 3
49. 6
50. 1
51. 2
52. 2
53. 2
54. 3
55. 2
56. 4
57. 2
58. 2
59. 1
60. 2
61. 1
62. 2
63. 2
64. 1
65. 3
66. 1
67. 1
68. 3
69. 2
70. 2
71. 3
72. 2
73. 1
74. 4
75. 3
76. 2
77. 3
78. 1
79. 1
80. 3
81. 6
82. 4
83. 2
84. 1
85. 3
86. 2
87. 2
88. 2
89. 4
90. 3
91. 5
92. 1
93. 2
94. 1
95. 2
96. 1
97. 1
98. 1
99. 1
100. 2
101. 4
102. 3
103. 2
104. 1
105. 3
106. 2
107. 1
108. 3
109. 2
110. 4
111. 3
112. 1
113. 1
114. 1
115. 1
116. 2
117. 1
118. 2
119. 1
120. 2
121. 3
122. 1
123. 2
124. 1
125. 3
126. 1
127. 6
128. 2
129. 2
130. 2
131. 4
132. 1
133. 2
134. 2
135. 2
136. 1
137. 1
138. 2
139. 1
140. 5
141. 1
142. 2
143. 1
144. 3
145. 2
146. 1
147. 4
148. 1
149. 2
150. 5
151. 2
152. 1
153. 1
154. 2
155. 3
156. 2
157. 1
158. 2
159. 2
160. 5
161. 3
162. 1
163. 1
164. 2
165. 3
166. 2
167. 1
168. 2
169. 3
170. 1
171. 2
172. 3
173. 1
174. 2
175. 4
176. 2
177. 3
178. 2
179. 3
180. 1
181. 2
182. 3
183. 1
184. 3
185. 1
186. 2
187. 3
188. 1
189. 1
190. 3
191. 3
192. 3
193. 4
194. 1
195. 4
196. 3
197. 1
198. 1
199. 3
200. 1