631.txt
1. 0
2. 0
3. 1
4. 2
5. 0
6. 0
7. 1
8. 0
9. 2
10. 2
11. 0
12. 2
13. 1
14. 2
15. 1
16. 0
17. 2
18. 2
19. 0
20. 0
21. 2
22. 2
23. 1
24. 3
25. 2
26. 1
27. 0
28. 1
29. 6
30. 1
31. 2
32. 2
33. 1
34. 0
35. 0
36. 2
37. 2
38. 2
39. 3
40. 2
41. 3
42. 1
43. 2
44. 0
45. 3
46. 0
47. 0
48. 1
49. 0
50. 1
51. 0
52. 2
53. 0
54. 2
55. 1
56. 0
57. 1
58. 1
59. 2
60. 0
61. 1
62. 0
63. 1
64. 1
65. 1
66. 2
67. 2
68. 0
69. 2
70. 1
71. 1
72. 2
73. 4
74. 0
75. 2
76. 3
77. 0
78. 3
79. 1
80. 0
81. 1
82. 2
83. 0
84. 0
85. 0
86. 0
87. 1
88. 2
89. 2
90. 2
91. 3
92. 2
93. 2
94. 1
95. 2
96. 0
97. 2
98. 1
99. 2
100. 1
101. 0
102. 1
103. 1
104. 0
105. 0
106. 1
107. 2
108. 1
109. 0
110. 2
111. 1
112. 0
113. 2
114. 2
115. 3
116. 1
117. 1
118. 0
119. 2
120. 0
121. 0
122. 1
123. 1
124. 1
125. 2
126. 0
127. 0
128. 0
129. 1
130. 1
131. 2
132. 1
133. 2
134. 1
135. 0
136. 0
137. 1
138. 0
139. 0
140. 1
141. 0
142. 1
143. 1
144. 1
145. 1
146. 0
147. 2
148. 1
149. 10
150. 0
151. 2
152. 1
153. 0
154. 1
155. 2
156. 3
157. 0
158. 1
159. 2
160. 0
161. 1
162. 0
163. 2
164. 0
165. 0
166. 2
167. 2
168. 0
169. 0
170. 0
171. 2
172. 0
173. 1
174. 2
175. 1
176. 1
177. 1
178. 2
179. 1
180. 2
181. 1
182. 0
183. 1
184. 1
185. 2
186. 1
187. 2
188. 3
189. 1
190. 1
191. 2
192. 0
193. 3
194. 2
195. 0
196. 1
197. 1
198. 1
199. 2
200. 1