64.txt
1. 3
2. 4
3. 1
4. 0
5. 3
6. 0
7. 2
8. 1
9. 2
10. 2
11. 1
12. 0
13. 1
14. 0
15. 2
16. 1
17. 2
18. 3
19. 1
20. 6
21. 2
22. 2
23. 2
24. 1
25. 1
26. 0
27. 1
28. 3
29. 5
30. 1
31. 3
32. 0
33. 0
34. 0
35. 0
36. 2
37. 1
38. 1
39. 2
40. 0
41. 2
42. 2
43. 1
44. 1
45. 0
46. 4
47. 1
48. 1
49. 0
50. 4
51. 0
52. 1
53. 1
54. 2
55. 3
56. 7
57. 3
58. 2
59. 0
60. 1
61. 2
62. 1
63. 2
64. 1
65. 2
66. 1
67. 2
68. 2
69. 1
70. 1
71. 3
72. 2
73. 0
74. 2
75. 1
76. 2
77. 1
78. 1
79. 1
80. 1
81. 2
82. 2
83. 0
84. 2
85. 2
86. 0
87. 2
88. 1
89. 1
90. 1
91. 2
92. 2
93. 2
94. 2
95. 2
96. 0
97. 3
98. 1
99. 2
100. 1
101. 2
102. 1
103. 2
104. 3
105. 1
106. 3
107. 2
108. 1
109. 0
110. 2
111. 2
112. 3
113. 2
114. 1
115. 1
116. 1
117. 3
118. 0
119. 2
120. 6
121. 1
122. 1
123. 1
124. 0
125. 1
126. 2
127. 1
128. 2
129. 3
130. 3
131. 1
132. 1
133. 1
134. 3
135. 0
136. 2
137. 1
138. 1
139. 2
140. 2
141. 2
142. 2
143. 1
144. 2
145. 3
146. 2
147. 2
148. 1
149. 2
150. 2
151. 2
152. 1
153. 2
154. 4
155. 2
156. 2
157. 1
158. 1
159. 3
160. 3
161. 1
162. 7
163. 1
164. 1
165. 3
166. 3
167. 3
168. 2
169. 1
170. 3
171. 2
172. 1
173. 0
174. 2
175. 2
176. 2
177. 5
178. 2
179. 3
180. 2
181. 0
182. 2
183. 2
184. 5
185. 1
186. 1
187. 2
188. 1
189. 1
190. 1
191. 2
192. 0
193. 3
194. 1
195. 3
196. 1
197. 5
198. 2
199. 3
200. 2