662.txt
1. 3
2. 4
3. 2
4. 1
5. 0
6. 1
7. 2
8. 2
9. 1
10. 2
11. 3
12. 2
13. 2
14. 1
15. 3
16. 2
17. 0
18. 1
19. 2
20. 3
21. 1
22. 2
23. 2
24. 2
25. 2
26. 3
27. 3
28. 2
29. 2
30. 3
31. 1
32. 3
33. 1
34. 1
35. 3
36. 1
37. 2
38. 1
39. 2
40. 1
41. 2
42. 1
43. 1
44. 2
45. 2
46. 2
47. 1
48. 1
49. 2
50. 2
51. 2
52. 2
53. 1
54. 3
55. 2
56. 3
57. 2
58. 2
59. 2
60. 2
61. 2
62. 2
63. 2
64. 3
65. 2
66. 2
67. 2
68. 4
69. 1
70. 2
71. 1
72. 1
73. 1
74. 2
75. 2
76. 1
77. 1
78. 2
79. 1
80. 2
81. 3
82. 2
83. 2
84. 2
85. 1
86. 2
87. 2
88. 2
89. 4
90. 1
91. 2
92. 1
93. 1
94. 3
95. 1
96. 3
97. 2
98. 1
99. 1
100. 1
101. 2
102. 2
103. 2
104. 2
105. 2
106. 1
107. 1
108. 3
109. 3
110. 1
111. 3
112. 1
113. 1
114. 2
115. 2
116. 4
117. 1
118. 5
119. 3
120. 1
121. 2
122. 1
123. 1
124. 2
125. 1
126. 2
127. 1
128. 1
129. 2
130. 1
131. 2
132. 1
133. 2
134. 3
135. 4
136. 2
137. 1
138. 3
139. 1
140. 2
141. 2
142. 2
143. 2
144. 1
145. 2
146. 1
147. 2
148. 1
149. 2
150. 1
151. 1
152. 2
153. 3
154. 2
155. 2
156. 3
157. 1
158. 3
159. 2
160. 1
161. 2
162. 2
163. 1
164. 3
165. 3
166. 2
167. 1
168. 1
169. 2
170. 3
171. 1
172. 3
173. 1
174. 1
175. 2
176. 1
177. 2
178. 1
179. 1
180. 2
181. 1
182. 2
183. 2
184. 4
185. 1
186. 2
187. 2
188. 2
189. 3
190. 2
191. 3
192. 2
193. 1
194. 1
195. 1
196. 2
197. 1
198. 3
199. 2
200. 2