667.txt
1. 2
2. 1
3. 1
4. 3
5. 2
6. 0
7. 1
8. 1
9. 3
10. 3
11. 2
12. 1
13. 2
14. 2
15. 3
16. 1
17. 1
18. 3
19. 1
20. 1
21. 8
22. 3
23. 4
24. 2
25. 3
26. 6
27. 2
28. 3
29. 4
30. 2
31. 4
32. 2
33. 2
34. 3
35. 2
36. 3
37. 1
38. 3
39. 1
40. 1
41. 1
42. 4
43. 2
44. 1
45. 2
46. 1
47. 2
48. 1
49. 2
50. 3
51. 3
52. 1
53. 2
54. 2
55. 2
56. 2
57. 4
58. 2
59. 1
60. 1
61. 2
62. 3
63. 1
64. 2
65. 2
66. 2
67. 2
68. 3
69. 3
70. 3
71. 2
72. 1
73. 3
74. 3
75. 4
76. 3
77. 2
78. 2
79. 1
80. 3
81. 2
82. 2
83. 1
84. 2
85. 1
86. 2
87. 3
88. 1
89. 2
90. 3
91. 2
92. 3
93. 2
94. 1
95. 1
96. 3
97. 4
98. 2
99. 1
100. 2
101. 2
102. 3
103. 1
104. 1
105. 4
106. 1
107. 3
108. 2
109. 2
110. 1
111. 2
112. 1
113. 2
114. 3
115. 2
116. 1
117. 2
118. 3
119. 2
120. 2
121. 1
122. 2
123. 2
124. 2
125. 1
126. 2
127. 2
128. 2
129. 3
130. 2
131. 2
132. 2
133. 1
134. 1
135. 3
136. 2
137. 3
138. 2
139. 2
140. 1
141. 2
142. 1
143. 2
144. 2
145. 2
146. 3
147. 2
148. 3
149. 2
150. 3
151. 1
152. 2
153. 2
154. 2
155. 4
156. 2
157. 2
158. 2
159. 2
160. 3
161. 2
162. 5
163. 1
164. 2
165. 3
166. 7
167. 2
168. 3
169. 2
170. 3
171. 2
172. 2
173. 2
174. 3
175. 2
176. 1
177. 4
178. 3
179. 3
180. 4
181. 1
182. 3
183. 3
184. 2
185. 1
186. 2
187. 2
188. 1
189. 2
190. 1
191. 3
192. 2
193. 2
194. 2
195. 3
196. 4
197. 2
198. 3
199. 3
200. 2