670.txt
1. 0
2. 3
3. 0
4. 2
5. 1
6. 2
7. 1
8. 3
9. 1
10. 7
11. 3
12. 0
13. 2
14. 3
15. 1
16. 1
17. 2
18. 0
19. 4
20. 3
21. 2
22. 1
23. 4
24. 2
25. 1
26. 3
27. 2
28. 0
29. 4
30. 2
31. 1
32. 3
33. 3
34. 1
35. 1
36. 1
37. 1
38. 1
39. 4
40. 2
41. 3
42. 4
43. 2
44. 1
45. 6
46. 1
47. 1
48. 6
49. 1
50. 2
51. 1
52. 4
53. 5
54. 2
55. 0
56. 3
57. 1
58. 1
59. 1
60. 1
61. 0
62. 0
63. 1
64. 0
65. 2
66. 2
67. 1
68. 1
69. 0
70. 3
71. 2
72. 3
73. 1
74. 3
75. 1
76. 2
77. 1
78. 4
79. 2
80. 1
81. 2
82. 1
83. 5
84. 1
85. 2
86. 2
87. 3
88. 4
89. 3
90. 3
91. 1
92. 1
93. 4
94. 1
95. 0
96. 4
97. 2
98. 1
99. 2
100. 1
101. 1
102. 2
103. 2
104. 2
105. 2
106. 5
107. 3
108. 3
109. 2
110. 4
111. 1
112. 1
113. 2
114. 0
115. 2
116. 2
117. 1
118. 3
119. 5
120. 2
121. 1
122. 3
123. 3
124. 1
125. 2
126. 3
127. 3
128. 2
129. 1
130. 2
131. 3
132. 1
133. 3
134. 1
135. 1
136. 1
137. 2
138. 1
139. 3
140. 3
141. 1
142. 2
143. 3
144. 4
145. 1
146. 1
147. 1
148. 1
149. 5
150. 2
151. 2
152. 3
153. 2
154. 1
155. 2
156. 3
157. 2
158. 1
159. 3
160. 3
161. 3
162. 2
163. 1
164. 4
165. 2
166. 1
167. 3
168. 2
169. 3
170. 3
171. 1
172. 3
173. 3
174. 2
175. 5
176. 2
177. 1
178. 0
179. 2
180. 4
181. 3
182. 2
183. 1
184. 1
185. 2
186. 1
187. 1
188. 2
189. 2
190. 2
191. 1
192. 3
193. 5
194. 2
195. 3
196. 1
197. 1
198. 2
199. 1
200. 2