672.txt
1. 2
2. 6
3. 1
4. 2
5. 1
6. 1
7. 2
8. 1
9. 2
10. 3
11. 2
12. 3
13. 2
14. 1
15. 4
16. 1
17. 3
18. 2
19. 1
20. 2
21. 4
22. 3
23. 2
24. 1
25. 2
26. 2
27. 1
28. 2
29. 3
30. 2
31. 1
32. 2
33. 2
34. 3
35. 4
36. 2
37. 2
38. 2
39. 2
40. 3
41. 4
42. 2
43. 4
44. 3
45. 4
46. 2
47. 3
48. 2
49. 3
50. 3
51. 1
52. 3
53. 2
54. 2
55. 7
56. 2
57. 2
58. 1
59. 2
60. 3
61. 1
62. 3
63. 2
64. 2
65. 3
66. 4
67. 2
68. 3
69. 2
70. 2
71. 3
72. 2
73. 3
74. 2
75. 3
76. 3
77. 2
78. 1
79. 3
80. 2
81. 2
82. 2
83. 1
84. 3
85. 2
86. 2
87. 1
88. 3
89. 4
90. 3
91. 2
92. 2
93. 3
94. 3
95. 1
96. 5
97. 2
98. 2
99. 3
100. 2
101. 3
102. 1
103. 3
104. 2
105. 3
106. 2
107. 2
108. 2
109. 3
110. 2
111. 1
112. 2
113. 3
114. 2
115. 1
116. 2
117. 2
118. 4
119. 3
120. 2
121. 2
122. 1
123. 2
124. 1
125. 2
126. 2
127. 3
128. 2
129. 8
130. 2
131. 2
132. 2
133. 1
134. 2
135. 1
136. 2
137. 3
138. 2
139. 3
140. 2
141. 2
142. 2
143. 4
144. 1
145. 3
146. 3
147. 1
148. 2
149. 2
150. 1
151. 2
152. 3
153. 2
154. 2
155. 2
156. 2
157. 3
158. 2
159. 2
160. 3
161. 2
162. 2
163. 2
164. 2
165. 3
166. 2
167. 3
168. 4
169. 1
170. 2
171. 1
172. 3
173. 1
174. 2
175. 3
176. 2
177. 3
178. 2
179. 2
180. 2
181. 2
182. 3
183. 6
184. 4
185. 2
186. 2
187. 2
188. 2
189. 2
190. 3
191. 2
192. 1
193. 2
194. 2
195. 2
196. 3
197. 2
198. 2
199. 2
200. 4