684.txt
1. 0
2. 0
3. 0
4. 0
5. 0
6. 0
7. 0
8. 3
9. 0
10. 0
11. 0
12. 3
13. 0
14. 0
15. 0
16. 2
17. 1
18. 0
19. 0
20. 0
21. 0
22. 0
23. 2
24. 0
25. 4
26. 2
27. 4
28. 3
29. 0
30. 3
31. 0
32. 0
33. 0
34. 0
35. 2
36. 0
37. 6
38. 0
39. 0
40. 0
41. 0
42. 2
43. 1
44. 2
45. 0
46. 0
47. 2
48. 3
49. 1
50. 3
51. 0
52. 0
53. 0
54. 2
55. 0
56. 0
57. 0
58. 0
59. 2
60. 0
61. 0
62. 2
63. 0
64. 0
65. 4
66. 0
67. 4
68. 2
69. 3
70. 4
71. 0
72. 2
73. 2
74. 0
75. 0
76. 2
77. 0
78. 2
79. 3
80. 4
81. 2
82. 0
83. 2
84. 2
85. 7
86. 2
87. 0
88. 0
89. 0
90. 2
91. 2
92. 0
93. 0
94. 0
95. 3
96. 0
97. 0
98. 0
99. 3
100. 0
101. 5
102. 4
103. 3
104. 0
105. 0
106. 0
107. 0
108. 0
109. 0
110. 2
111. 0
112. 3
113. 0
114. 3
115. 0
116. 2
117. 3
118. 3
119. 3
120. 0
121. 0
122. 0
123. 0
124. 0
125. 0
126. 0
127. 4
128. 0
129. 0
130. 2
131. 2
132. 0
133. 0
134. 2
135. 0
136. 0
137. 0
138. 0
139. 0
140. 6
141. 0
142. 0
143. 0
144. 3
145. 3
146. 0
147. 0
148. 2
149. 0
150. 4
151. 5
152. 0
153. 2
154. 0
155. 5
156. 0
157. 0
158. 0
159. 0
160. 0
161. 2
162. 0
163. 0
164. 0
165. 0
166. 0
167. 5
168. 2
169. 4
170. 3
171. 0
172. 6
173. 0
174. 6
175. 0
176. 3
177. 0
178. 0
179. 0
180. 0
181. 2
182. 0
183. 0
184. 4
185. 0
186. 0
187. 3
188. 0
189. 5
190. 6
191. 0
192. 0
193. 0
194. 0
195. 2
196. 0
197. 3
198. 2
199. 0
200. 0