688.txt
1. 6
2. 10
3. 7
4. 5
5. 2
6. 2
7. 3
8. 3
9. 3
10. 3
11. 2
12. 1
13. 1
14. 5
15. 2
16. 6
17. 1
18. 1
19. 7
20. 1
21. 3
22. 3
23. 4
24. 2
25. 1
26. 4
27. 3
28. 2
29. 4
30. 3
31. 5
32. 2
33. 4
34. 2
35. 2
36. 3
37. 2
38. 6
39. 2
40. 4
41. 2
42. 1
43. 2
44. 3
45. 4
46. 4
47. 2
48. 2
49. 3
50. 6
51. 2
52. 1
53. 2
54. 1
55. 6
56. 2
57. 2
58. 2
59. 3
60. 3
61. 4
62. 3
63. 2
64. 3
65. 5
66. 2
67. 1
68. 2
69. 3
70. 4
71. 2
72. 5
73. 3
74. 4
75. 2
76. 4
77. 4
78. 1
79. 2
80. 3
81. 5
82. 2
83. 1
84. 3
85. 3
86. 2
87. 2
88. 3
89. 5
90. 4
91. 4
92. 3
93. 3
94. 4
95. 3
96. 2
97. 3
98. 2
99. 3
100. 4
101. 3
102. 2
103. 4
104. 4
105. 3
106. 2
107. 2
108. 4
109. 2
110. 2
111. 2
112. 3
113. 3
114. 2
115. 3
116. 7
117. 5
118. 3
119. 2
120. 3
121. 3
122. 5
123. 3
124. 2
125. 4
126. 3
127. 2
128. 3
129. 3
130. 2
131. 4
132. 2
133. 4
134. 1
135. 3
136. 2
137. 2
138. 3
139. 3
140. 2
141. 4
142. 3
143. 3
144. 4
145. 2
146. 2
147. 4
148. 2
149. 2
150. 4
151. 2
152. 3
153. 3
154. 3
155. 5
156. 4
157. 2
158. 2
159. 2
160. 2
161. 3
162. 2
163. 1
164. 2
165. 4
166. 2
167. 2
168. 3
169. 3
170. 5
171. 2
172. 5
173. 5
174. 3
175. 4
176. 3
177. 5
178. 3
179. 3
180. 3
181. 3
182. 4
183. 2
184. 3
185. 2
186. 4
187. 2
188. 5
189. 2
190. 3
191. 6
192. 5
193. 3
194. 2
195. 2
196. 2
197. 2
198. 2
199. 6
200. 3