693.txt
1. 2
2. 1
3. 8
4. 1
5. 1
6. 2
7. 4
8. 1
9. 7
10. 2
11. 2
12. 1
13. 3
14. 3
15. 2
16. 1
17. 1
18. 1
19. 3
20. 3
21. 1
22. 1
23. 2
24. 5
25. 1
26. 4
27. 1
28. 2
29. 3
30. 1
31. 2
32. 2
33. 2
34. 2
35. 3
36. 1
37. 2
38. 2
39. 1
40. 3
41. 4
42. 1
43. 3
44. 2
45. 1
46. 2
47. 1
48. 2
49. 5
50. 6
51. 1
52. 2
53. 3
54. 3
55. 3
56. 2
57. 2
58. 3
59. 2
60. 2
61. 1
62. 1
63. 2
64. 4
65. 2
66. 4
67. 2
68. 4
69. 1
70. 2
71. 2
72. 2
73. 4
74. 1
75. 2
76. 3
77. 2
78. 3
79. 2
80. 1
81. 2
82. 1
83. 3
84. 2
85. 2
86. 1
87. 2
88. 2
89. 3
90. 6
91. 1
92. 2
93. 2
94. 2
95. 2
96. 2
97. 3
98. 3
99. 3
100. 1
101. 2
102. 1
103. 6
104. 4
105. 1
106. 3
107. 2
108. 1
109. 2
110. 4
111. 3
112. 1
113. 1
114. 3
115. 3
116. 2
117. 4
118. 2
119. 1
120. 2
121. 2
122. 2
123. 3
124. 2
125. 1
126. 4
127. 2
128. 3
129. 1
130. 2
131. 3
132. 4
133. 3
134. 2
135. 4
136. 2
137. 2
138. 1
139. 4
140. 2
141. 3
142. 2
143. 1
144. 5
145. 1
146. 7
147. 1
148. 4
149. 1
150. 1
151. 4
152. 2
153. 1
154. 2
155. 1
156. 3
157. 3
158. 1
159. 2
160. 2
161. 4
162. 2
163. 3
164. 5
165. 4
166. 2
167. 5
168. 2
169. 4
170. 1
171. 2
172. 1
173. 4
174. 4
175. 4
176. 1
177. 3
178. 1
179. 4
180. 2
181. 2
182. 3
183. 1
184. 3
185. 2
186. 2
187. 1
188. 1
189. 1
190. 3
191. 2
192. 3
193. 2
194. 3
195. 4
196. 5
197. 1
198. 1
199. 8
200. 2