694.txt
1. 2
2. 1
3. 1
4. 2
5. 4
6. 2
7. 1
8. 3
9. 1
10. 2
11. 1
12. 2
13. 3
14. 1
15. 1
16. 6
17. 3
18. 2
19. 1
20. 1
21. 3
22. 2
23. 3
24. 2
25. 3
26. 4
27. 1
28. 2
29. 7
30. 1
31. 3
32. 4
33. 2
34. 3
35. 3
36. 2
37. 1
38. 1
39. 2
40. 1
41. 2
42. 2
43. 2
44. 1
45. 2
46. 4
47. 2
48. 2
49. 1
50. 2
51. 1
52. 2
53. 3
54. 2
55. 5
56. 3
57. 2
58. 1
59. 2
60. 6
61. 1
62. 3
63. 3
64. 2
65. 6
66. 2
67. 1
68. 2
69. 1
70. 1
71. 2
72. 2
73. 2
74. 2
75. 3
76. 2
77. 2
78. 2
79. 2
80. 1
81. 2
82. 1
83. 1
84. 2
85. 2
86. 3
87. 2
88. 2
89. 3
90. 2
91. 1
92. 2
93. 2
94. 2
95. 2
96. 3
97. 1
98. 2
99. 2
100. 3
101. 3
102. 3
103. 2
104. 2
105. 2
106. 1
107. 1
108. 4
109. 1
110. 1
111. 1
112. 1
113. 2
114. 1
115. 3
116. 2
117. 2
118. 2
119. 4
120. 3
121. 3
122. 1
123. 2
124. 3
125. 2
126. 3
127. 2
128. 2
129. 2
130. 2
131. 3
132. 2
133. 2
134. 2
135. 3
136. 2
137. 1
138. 1
139. 1
140. 4
141. 3
142. 4
143. 1
144. 1
145. 2
146. 2
147. 2
148. 1
149. 3
150. 2
151. 1
152. 2
153. 2
154. 2
155. 2
156. 3
157. 2
158. 1
159. 1
160. 1
161. 2
162. 2
163. 2
164. 3
165. 2
166. 1
167. 1
168. 2
169. 4
170. 2
171. 3
172. 1
173. 6
174. 2
175. 2
176. 2
177. 2
178. 2
179. 2
180. 1
181. 2
182. 3
183. 1
184. 3
185. 4
186. 3
187. 5
188. 2
189. 2
190. 2
191. 2
192. 2
193. 3
194. 1
195. 1
196. 1
197. 2
198. 3
199. 1
200. 1