696.txt
1. 3
2. 2
3. 1
4. 2
5. 4
6. 1
7. 5
8. 2
9. 1
10. 1
11. 4
12. 4
13. 3
14. 3
15. 3
16. 1
17. 4
18. 2
19. 3
20. 1
21. 5
22. 2
23. 2
24. 1
25. 4
26. 3
27. 2
28. 3
29. 1
30. 2
31. 3
32. 4
33. 3
34. 5
35. 2
36. 7
37. 3
38. 2
39. 2
40. 3
41. 2
42. 2
43. 3
44. 4
45. 1
46. 2
47. 2
48. 3
49. 2
50. 3
51. 2
52. 3
53. 1
54. 4
55. 2
56. 5
57. 1
58. 5
59. 3
60. 6
61. 3
62. 1
63. 4
64. 4
65. 2
66. 1
67. 2
68. 2
69. 3
70. 2
71. 2
72. 3
73. 3
74. 2
75. 2
76. 3
77. 2
78. 3
79. 2
80. 1
81. 2
82. 1
83. 2
84. 4
85. 3
86. 3
87. 3
88. 1
89. 5
90. 3
91. 7
92. 3
93. 2
94. 3
95. 3
96. 2
97. 3
98. 3
99. 4
100. 2
101. 2
102. 1
103. 2
104. 2
105. 2
106. 1
107. 3
108. 3
109. 3
110. 5
111. 8
112. 2
113. 2
114. 5
115. 3
116. 8
117. 2
118. 2
119. 3
120. 3
121. 2
122. 2
123. 4
124. 2
125. 3
126. 2
127. 4
128. 2
129. 2
130. 3
131. 5
132. 2
133. 2
134. 2
135. 2
136. 4
137. 3
138. 2
139. 3
140. 4
141. 2
142. 3
143. 3
144. 2
145. 2
146. 3
147. 2
148. 3
149. 2
150. 3
151. 5
152. 2
153. 2
154. 3
155. 3
156. 3
157. 2
158. 2
159. 3
160. 4
161. 2
162. 2
163. 2
164. 2
165. 1
166. 1
167. 2
168. 3
169. 2
170. 5
171. 3
172. 3
173. 6
174. 3
175. 3
176. 7
177. 3
178. 3
179. 3
180. 4
181. 2
182. 2
183. 2
184. 3
185. 3
186. 4
187. 3
188. 3
189. 2
190. 4
191. 2
192. 2
193. 1
194. 2
195. 2
196. 4
197. 2
198. 1
199. 2
200. 2