723.txt
1. 6
2. 2
3. 1
4. 1
5. 1
6. 2
7. 2
8. 1
9. 4
10. 2
11. 1
12. 3
13. 2
14. 2
15. 7
16. 2
17. 3
18. 1
19. 4
20. 2
21. 6
22. 5
23. 3
24. 2
25. 3
26. 5
27. 2
28. 3
29. 2
30. 4
31. 2
32. 5
33. 3
34. 2
35. 3
36. 3
37. 2
38. 4
39. 3
40. 1
41. 2
42. 2
43. 4
44. 3
45. 3
46. 3
47. 2
48. 3
49. 2
50. 2
51. 3
52. 4
53. 3
54. 5
55. 7
56. 2
57. 8
58. 2
59. 3
60. 2
61. 5
62. 4
63. 2
64. 4
65. 6
66. 3
67. 5
68. 3
69. 2
70. 4
71. 5
72. 2
73. 6
74. 3
75. 2
76. 3
77. 3
78. 7
79. 2
80. 4
81. 2
82. 4
83. 2
84. 3
85. 2
86. 7
87. 2
88. 1
89. 2
90. 1
91. 4
92. 2
93. 3
94. 2
95. 5
96. 3
97. 7
98. 2
99. 3
100. 2
101. 5
102. 4
103. 2
104. 5
105. 3
106. 4
107. 3
108. 1
109. 6
110. 2
111. 2
112. 4
113. 2
114. 3
115. 2
116. 2
117. 3
118. 4
119. 4
120. 3
121. 1
122. 2
123. 4
124. 4
125. 3
126. 2
127. 3
128. 2
129. 3
130. 2
131. 3
132. 2
133. 3
134. 3
135. 3
136. 3
137. 2
138. 3
139. 2
140. 3
141. 5
142. 2
143. 4
144. 1
145. 3
146. 3
147. 2
148. 3
149. 3
150. 5
151. 3
152. 3
153. 6
154. 2
155. 3
156. 2
157. 3
158. 2
159. 4
160. 3
161. 4
162. 1
163. 3
164. 2
165. 3
166. 3
167. 2
168. 2
169. 2
170. 8
171. 4
172. 2
173. 4
174. 2
175. 5
176. 3
177. 2
178. 3
179. 8
180. 4
181. 2
182. 3
183. 3
184. 2
185. 3
186. 2
187. 3
188. 2
189. 3
190. 3
191. 3
192. 4
193. 3
194. 3
195. 2
196. 4
197. 2
198. 3
199. 4
200. 2