734.txt
1. 4
2. 1
3. 2
4. 2
5. 4
6. 1
7. 2
8. 2
9. 1
10. 6
11. 1
12. 3
13. 2
14. 2
15. 1
16. 3
17. 4
18. 3
19. 5
20. 2
21. 3
22. 1
23. 2
24. 3
25. 2
26. 5
27. 2
28. 1
29. 1
30. 1
31. 0
32. 2
33. 3
34. 3
35. 2
36. 2
37. 1
38. 3
39. 2
40. 2
41. 4
42. 2
43. 1
44. 2
45. 3
46. 2
47. 3
48. 2
49. 4
50. 2
51. 3
52. 3
53. 2
54. 3
55. 1
56. 3
57. 2
58. 2
59. 4
60. 5
61. 1
62. 2
63. 1
64. 3
65. 1
66. 2
67. 2
68. 1
69. 1
70. 3
71. 2
72. 3
73. 1
74. 1
75. 3
76. 1
77. 2
78. 3
79. 2
80. 1
81. 2
82. 1
83. 4
84. 4
85. 2
86. 2
87. 2
88. 3
89. 2
90. 1
91. 2
92. 2
93. 6
94. 1
95. 1
96. 4
97. 1
98. 3
99. 2
100. 2
101. 3
102. 3
103. 2
104. 1
105. 2
106. 3
107. 2
108. 3
109. 1
110. 2
111. 3
112. 3
113. 1
114. 2
115. 4
116. 1
117. 1
118. 7
119. 1
120. 2
121. 1
122. 3
123. 3
124. 1
125. 3
126. 3
127. 4
128. 1
129. 3
130. 3
131. 2
132. 1
133. 2
134. 1
135. 4
136. 2
137. 2
138. 2
139. 1
140. 3
141. 3
142. 1
143. 2
144. 2
145. 2
146. 3
147. 2
148. 2
149. 1
150. 3
151. 3
152. 1
153. 3
154. 3
155. 2
156. 2
157. 2
158. 1
159. 2
160. 1
161. 4
162. 1
163. 2
164. 3
165. 2
166. 1
167. 3
168. 2
169. 2
170. 1
171. 3
172. 2
173. 2
174. 3
175. 3
176. 1
177. 2
178. 3
179. 4
180. 1
181. 2
182. 3
183. 3
184. 5
185. 3
186. 2
187. 8
188. 3
189. 2
190. 1
191. 3
192. 1
193. 1
194. 1
195. 2
196. 1
197. 2
198. 3
199. 1
200. 3