737.txt
1. 2
2. 1
3. 3
4. 4
5. 1
6. 4
7. 3
8. 2
9. 2
10. 2
11. 2
12. 3
13. 2
14. 1
15. 8
16. 1
17. 2
18. 2
19. 4
20. 2
21. 5
22. 1
23. 3
24. 2
25. 1
26. 3
27. 2
28. 1
29. 2
30. 4
31. 3
32. 3
33. 2
34. 2
35. 1
36. 1
37. 3
38. 1
39. 1
40. 3
41. 1
42. 1
43. 4
44. 2
45. 3
46. 2
47. 2
48. 4
49. 1
50. 4
51. 1
52. 2
53. 2
54. 3
55. 2
56. 2
57. 2
58. 3
59. 2
60. 4
61. 3
62. 3
63. 4
64. 3
65. 2
66. 1
67. 1
68. 2
69. 5
70. 2
71. 2
72. 3
73. 2
74. 3
75. 3
76. 2
77. 1
78. 1
79. 2
80. 7
81. 2
82. 5
83. 4
84. 3
85. 4
86. 2
87. 3
88. 1
89. 3
90. 2
91. 2
92. 8
93. 3
94. 2
95. 3
96. 2
97. 1
98. 2
99. 4
100. 2
101. 3
102. 2
103. 1
104. 3
105. 2
106. 1
107. 1
108. 3
109. 1
110. 6
111. 3
112. 2
113. 2
114. 2
115. 4
116. 3
117. 4
118. 2
119. 3
120. 3
121. 2
122. 2
123. 2
124. 3
125. 1
126. 2
127. 2
128. 3
129. 1
130. 2
131. 3
132. 2
133. 1
134. 2
135. 3
136. 1
137. 2
138. 1
139. 3
140. 2
141. 2
142. 5
143. 2
144. 2
145. 3
146. 6
147. 1
148. 2
149. 3
150. 3
151. 2
152. 2
153. 2
154. 1
155. 2
156. 1
157. 2
158. 1
159. 4
160. 4
161. 3
162. 2
163. 3
164. 4
165. 2
166. 2
167. 2
168. 1
169. 2
170. 2
171. 2
172. 4
173. 3
174. 3
175. 2
176. 4
177. 2
178. 2
179. 3
180. 5
181. 1
182. 2
183. 5
184. 1
185. 2
186. 3
187. 2
188. 2
189. 2
190. 3
191. 2
192. 1
193. 1
194. 3
195. 3
196. 2
197. 2
198. 3
199. 2
200. 1