757.txt
1. 0
2. 2
3. 3
4. 3
5. 3
6. 3
7. 4
8. 0
9. 0
10. 0
11. 3
12. 2
13. 1
14. 2
15. 3
16. 3
17. 0
18. 0
19. 2
20. 3
21. 0
22. 4
23. 0
24. 3
25. 1
26. 6
27. 0
28. 0
29. 2
30. 3
31. 0
32. 0
33. 2
34. 1
35. 0
36. 1
37. 7
38. 2
39. 1
40. 1
41. 0
42. 3
43. 2
44. 1
45. 1
46. 2
47. 1
48. 0
49. 0
50. 5
51. 0
52. 2
53. 0
54. 1
55. 2
56. 0
57. 2
58. 3
59. 0
60. 3
61. 0
62. 4
63. 3
64. 0
65. 0
66. 0
67. 2
68. 1
69. 0
70. 4
71. 0
72. 2
73. 0
74. 0
75. 2
76. 2
77. 1
78. 2
79. 1
80. 0
81. 1
82. 0
83. 0
84. 4
85. 0
86. 1
87. 0
88. 0
89. 3
90. 0
91. 0
92. 3
93. 0
94. 0
95. 2
96. 0
97. 1
98. 0
99. 2
100. 3
101. 0
102. 3
103. 0
104. 2
105. 3
106. 0
107. 0
108. 0
109. 3
110. 0
111. 2
112. 2
113. 0
114. 0
115. 0
116. 1
117. 3
118. 0
119. 3
120. 2
121. 1
122. 2
123. 0
124. 2
125. 0
126. 1
127. 2
128. 0
129. 0
130. 2
131. 4
132. 2
133. 2
134. 0
135. 1
136. 2
137. 3
138. 0
139. 0
140. 3
141. 0
142. 3
143. 0
144. 2
145. 4
146. 0
147. 2
148. 0
149. 2
150. 3
151. 2
152. 3
153. 0
154. 3
155. 1
156. 0
157. 3
158. 2
159. 2
160. 4
161. 0
162. 0
163. 3
164. 0
165. 2
166. 0
167. 0
168. 2
169. 0
170. 2
171. 4
172. 0
173. 2
174. 1
175. 1
176. 0
177. 0
178. 2
179. 0
180. 3
181. 3
182. 4
183. 2
184. 0
185. 2
186. 1
187. 2
188. 1
189. 3
190. 1
191. 2
192. 2
193. 3
194. 0
195. 5
196. 0
197. 1
198. 0
199. 1
200. 0