758.txt
1. 4
2. 0
3. 0
4. 3
5. 0
6. 0
7. 0
8. 6
9. 3
10. 0
11. 0
12. 0
13. 2
14. 0
15. 4
16. 0
17. 0
18. 0
19. 1
20. 0
21. 2
22. 0
23. 0
24. 3
25. 0
26. 0
27. 0
28. 0
29. 5
30. 0
31. 2
32. 0
33. 2
34. 0
35. 0
36. 2
37. 0
38. 2
39. 3
40. 0
41. 0
42. 3
43. 0
44. 3
45. 0
46. 4
47. 2
48. 2
49. 0
50. 0
51. 3
52. 3
53. 0
54. 0
55. 0
56. 0
57. 0
58. 0
59. 0
60. 0
61. 0
62. 0
63. 0
64. 3
65. 3
66. 0
67. 3
68. 3
69. 0
70. 5
71. 2
72. 0
73. 0
74. 0
75. 4
76. 0
77. 2
78. 2
79. 0
80. 4
81. 2
82. 3
83. 0
84. 0
85. 0
86. 0
87. 0
88. 0
89. 3
90. 5
91. 2
92. 0
93. 0
94. 0
95. 2
96. 3
97. 0
98. 0
99. 0
100. 0
101. 2
102. 0
103. 0
104. 0
105. 0
106. 2
107. 3
108. 0
109. 0
110. 2
111. 0
112. 2
113. 0
114. 0
115. 0
116. 3
117. 0
118. 0
119. 0
120. 0
121. 2
122. 0
123. 0
124. 0
125. 0
126. 0
127. 0
128. 7
129. 0
130. 0
131. 3
132. 0
133. 0
134. 3
135. 0
136. 0
137. 4
138. 3
139. 0
140. 3
141. 0
142. 0
143. 0
144. 0
145. 3
146. 3
147. 0
148. 0
149. 0
150. 3
151. 0
152. 0
153. 3
154. 0
155. 0
156. 0
157. 0
158. 0
159. 0
160. 0
161. 3
162. 0
163. 0
164. 0
165. 0
166. 3
167. 0
168. 0
169. 0
170. 4
171. 0
172. 0
173. 5
174. 2
175. 0
176. 0
177. 0
178. 0
179. 0
180. 0
181. 0
182. 0
183. 0
184. 3
185. 3
186. 0
187. 0
188. 0
189. 0
190. 3
191. 2
192. 0
193. 0
194. 0
195. 2
196. 0
197. 0
198. 0
199. 2
200. 0