76.txt
1. 0
2. 2
3. 0
4. 0
5. 0
6. 0
7. 0
8. 0
9. 0
10. 3
11. 4
12. 0
13. 0
14. 0
15. 2
16. 0
17. 3
18. 0
19. 0
20. 0
21. 2
22. 0
23. 0
24. 3
25. 2
26. 2
27. 0
28. 2
29. 0
30. 2
31. 0
32. 4
33. 0
34. 2
35. 2
36. 0
37. 2
38. 0
39. 0
40. 0
41. 2
42. 2
43. 0
44. 2
45. 0
46. 2
47. 2
48. 0
49. 0
50. 0
51. 0
52. 0
53. 2
54. 0
55. 2
56. 3
57. 0
58. 3
59. 0
60. 2
61. 3
62. 0
63. 4
64. 0
65. 2
66. 2
67. 3
68. 2
69. 0
70. 3
71. 0
72. 0
73. 2
74. 2
75. 0
76. 0
77. 0
78. 0
79. 0
80. 0
81. 2
82. 0
83. 0
84. 4
85. 2
86. 3
87. 2
88. 6
89. 2
90. 0
91. 2
92. 0
93. 0
94. 7
95. 2
96. 0
97. 2
98. 0
99. 2
100. 2
101. 0
102. 0
103. 0
104. 0
105. 2
106. 0
107. 2
108. 0
109. 4
110. 3
111. 0
112. 0
113. 3
114. 2
115. 7
116. 0
117. 2
118. 0
119. 0
120. 0
121. 0
122. 0
123. 0
124. 2
125. 3
126. 0
127. 0
128. 2
129. 0
130. 3
131. 2
132. 0
133. 0
134. 0
135. 0
136. 3
137. 0
138. 0
139. 2
140. 0
141. 0
142. 0
143. 2
144. 0
145. 0
146. 2
147. 0
148. 2
149. 3
150. 0
151. 2
152. 0
153. 3
154. 0
155. 2
156. 0
157. 0
158. 0
159. 3
160. 3
161. 2
162. 2
163. 2
164. 0
165. 0
166. 0
167. 3
168. 0
169. 2
170. 0
171. 2
172. 0
173. 3
174. 0
175. 3
176. 0
177. 0
178. 3
179. 0
180. 0
181. 2
182. 0
183. 2
184. 0
185. 3
186. 0
187. 0
188. 0
189. 0
190. 2
191. 2
192. 0
193. 0
194. 0
195. 0
196. 0
197. 4
198. 0
199. 0
200. 0