760.txt
1. 3
2. 4
3. 1
4. 0
5. 5
6. 2
7. 3
8. 3
9. 1
10. 0
11. 2
12. 4
13. 1
14. 7
15. 3
16. 5
17. 4
18. 4
19. 1
20. 3
21. 4
22. 8
23. 1
24. 4
25. 3
26. 4
27. 4
28. 2
29. 3
30. 3
31. 4
32. 5
33. 6
34. 2
35. 3
36. 2
37. 7
38. 2
39. 1
40. 3
41. 1
42. 2
43. 1
44. 3
45. 1
46. 2
47. 2
48. 1
49. 3
50. 6
51. 2
52. 1
53. 7
54. 2
55. 1
56. 2
57. 1
58. 1
59. 2
60. 2
61. 1
62. 4
63. 1
64. 2
65. 4
66. 2
67. 5
68. 3
69. 2
70. 3
71. 2
72. 4
73. 3
74. 2
75. 1
76. 2
77. 3
78. 1
79. 5
80. 4
81. 2
82. 3
83. 1
84. 1
85. 3
86. 3
87. 3
88. 2
89. 7
90. 3
91. 2
92. 6
93. 2
94. 3
95. 2
96. 2
97. 1
98. 3
99. 2
100. 2
101. 1
102. 1
103. 3
104. 2
105. 2
106. 3
107. 2
108. 4
109. 2
110. 3
111. 2
112. 2
113. 3
114. 2
115. 3
116. 3
117. 2
118. 1
119. 4
120. 2
121. 2
122. 4
123. 1
124. 3
125. 2
126. 3
127. 3
128. 3
129. 1
130. 2
131. 1
132. 3
133. 2
134. 3
135. 2
136. 2
137. 2
138. 4
139. 4
140. 2
141. 3
142. 2
143. 2
144. 1
145. 4
146. 3
147. 4
148. 3
149. 3
150. 3
151. 3
152. 2
153. 3
154. 3
155. 1
156. 1
157. 1
158. 3
159. 1
160. 4
161. 3
162. 2
163. 1
164. 3
165. 4
166. 2
167. 4
168. 2
169. 5
170. 2
171. 5
172. 2
173. 3
174. 3
175. 5
176. 5
177. 3
178. 3
179. 4
180. 3
181. 2
182. 2
183. 1
184. 5
185. 2
186. 3
187. 3
188. 1
189. 2
190. 0
191. 2
192. 1
193. 2
194. 1
195. 2
196. 3
197. 2
198. 3
199. 5
200. 2