771.txt
1. 2
2. 3
3. 4
4. 4
5. 1
6. 2
7. 1
8. 6
9. 7
10. 3
11. 2
12. 3
13. 3
14. 3
15. 3
16. 2
17. 7
18. 2
19. 5
20. 1
21. 1
22. 2
23. 1
24. 1
25. 5
26. 2
27. 4
28. 3
29. 4
30. 4
31. 2
32. 3
33. 2
34. 3
35. 2
36. 3
37. 4
38. 4
39. 2
40. 2
41. 3
42. 1
43. 4
44. 3
45. 1
46. 3
47. 2
48. 3
49. 3
50. 2
51. 1
52. 4
53. 1
54. 7
55. 4
56. 2
57. 3
58. 2
59. 3
60. 2
61. 5
62. 3
63. 3
64. 5
65. 2
66. 4
67. 4
68. 5
69. 2
70. 1
71. 2
72. 5
73. 6
74. 5
75. 2
76. 4
77. 4
78. 1
79. 3
80. 4
81. 2
82. 2
83. 3
84. 4
85. 2
86. 3
87. 3
88. 2
89. 5
90. 2
91. 4
92. 2
93. 2
94. 3
95. 4
96. 2
97. 3
98. 3
99. 3
100. 2
101. 3
102. 2
103. 4
104. 2
105. 2
106. 3
107. 2
108. 3
109. 3
110. 3
111. 3
112. 2
113. 3
114. 3
115. 1
116. 2
117. 2
118. 3
119. 2
120. 4
121. 3
122. 4
123. 2
124. 3
125. 2
126. 3
127. 3
128. 4
129. 3
130. 2
131. 4
132. 3
133. 2
134. 4
135. 2
136. 2
137. 2
138. 2
139. 1
140. 3
141. 2
142. 3
143. 4
144. 2
145. 1
146. 5
147. 3
148. 2
149. 4
150. 1
151. 2
152. 5
153. 2
154. 2
155. 3
156. 3
157. 2
158. 2
159. 3
160. 3
161. 4
162. 3
163. 2
164. 1
165. 3
166. 3
167. 4
168. 3
169. 3
170. 3
171. 3
172. 3
173. 2
174. 2
175. 2
176. 4
177. 3
178. 4
179. 4
180. 3
181. 2
182. 4
183. 5
184. 4
185. 3
186. 3
187. 3
188. 2
189. 3
190. 4
191. 2
192. 2
193. 3
194. 2
195. 3
196. 2
197. 3
198. 4
199. 1
200. 6