789.txt
1. 3
2. 1
3. 1
4. 2
5. 2
6. 1
7. 1
8. 2
9. 1
10. 3
11. 2
12. 0
13. 2
14. 1
15. 2
16. 4
17. 6
18. 1
19. 4
20. 3
21. 1
22. 1
23. 2
24. 3
25. 2
26. 3
27. 2
28. 1
29. 1
30. 3
31. 2
32. 1
33. 2
34. 1
35. 2
36. 2
37. 2
38. 2
39. 1
40. 2
41. 2
42. 1
43. 1
44. 3
45. 1
46. 1
47. 4
48. 3
49. 1
50. 3
51. 2
52. 3
53. 1
54. 5
55. 1
56. 2
57. 1
58. 1
59. 1
60. 4
61. 2
62. 2
63. 2
64. 3
65. 2
66. 1
67. 2
68. 1
69. 2
70. 2
71. 3
72. 2
73. 1
74. 3
75. 3
76. 8
77. 1
78. 3
79. 3
80. 3
81. 1
82. 3
83. 1
84. 2
85. 1
86. 2
87. 1
88. 6
89. 2
90. 1
91. 3
92. 2
93. 2
94. 4
95. 4
96. 2
97. 2
98. 1
99. 2
100. 2
101. 1
102. 1
103. 2
104. 1
105. 2
106. 1
107. 1
108. 2
109. 1
110. 3
111. 2
112. 2
113. 2
114. 1
115. 2
116. 2
117. 2
118. 1
119. 1
120. 1
121. 1
122. 1
123. 2
124. 1
125. 3
126. 2
127. 2
128. 2
129. 3
130. 1
131. 3
132. 1
133. 3
134. 4
135. 2
136. 2
137. 4
138. 1
139. 1
140. 2
141. 1
142. 3
143. 1
144. 1
145. 2
146. 1
147. 1
148. 1
149. 7
150. 1
151. 1
152. 2
153. 1
154. 5
155. 1
156. 3
157. 2
158. 2
159. 2
160. 6
161. 1
162. 1
163. 3
164. 2
165. 1
166. 3
167. 1
168. 6
169. 2
170. 1
171. 1
172. 2
173. 2
174. 1
175. 2
176. 1
177. 1
178. 1
179. 3
180. 2
181. 2
182. 1
183. 2
184. 1
185. 1
186. 2
187. 2
188. 1
189. 1
190. 2
191. 1
192. 1
193. 2
194. 3
195. 2
196. 4
197. 2
198. 1
199. 2
200. 1