790.txt
1. 0
2. 1
3. 2
4. 0
5. 1
6. 3
7. 4
8. 0
9. 2
10. 3
11. 2
12. 1
13. 3
14. 3
15. 3
16. 0
17. 2
18. 1
19. 1
20. 2
21. 0
22. 1
23. 2
24. 2
25. 1
26. 3
27. 1
28. 3
29. 1
30. 3
31. 1
32. 1
33. 2
34. 3
35. 0
36. 1
37. 0
38. 0
39. 3
40. 2
41. 0
42. 1
43. 1
44. 1
45. 2
46. 1
47. 2
48. 2
49. 2
50. 1
51. 2
52. 1
53. 2
54. 2
55. 2
56. 1
57. 2
58. 2
59. 1
60. 2
61. 4
62. 1
63. 2
64. 2
65. 2
66. 4
67. 1
68. 1
69. 2
70. 1
71. 1
72. 2
73. 3
74. 2
75. 2
76. 5
77. 1
78. 3
79. 2
80. 3
81. 2
82. 1
83. 2
84. 4
85. 1
86. 1
87. 2
88. 2
89. 1
90. 2
91. 1
92. 3
93. 1
94. 0
95. 2
96. 1
97. 1
98. 3
99. 1
100. 3
101. 2
102. 1
103. 1
104. 4
105. 2
106. 2
107. 1
108. 3
109. 1
110. 2
111. 2
112. 2
113. 2
114. 2
115. 1
116. 1
117. 1
118. 1
119. 1
120. 1
121. 2
122. 1
123. 1
124. 2
125. 2
126. 8
127. 1
128. 1
129. 3
130. 2
131. 2
132. 2
133. 1
134. 2
135. 3
136. 1
137. 2
138. 3
139. 2
140. 2
141. 2
142. 0
143. 2
144. 1
145. 0
146. 1
147. 2
148. 1
149. 1
150. 3
151. 1
152. 2
153. 1
154. 1
155. 3
156. 2
157. 1
158. 2
159. 1
160. 1
161. 3
162. 1
163. 1
164. 2
165. 2
166. 3
167. 0
168. 1
169. 4
170. 2
171. 1
172. 2
173. 3
174. 1
175. 2
176. 3
177. 1
178. 1
179. 2
180. 1
181. 2
182. 3
183. 1
184. 2
185. 1
186. 1
187. 2
188. 3
189. 1
190. 0
191. 1
192. 2
193. 2
194. 3
195. 1
196. 2
197. 2
198. 2
199. 2
200. 4