791.txt
1. 0
2. 0
3. 0
4. 4
5. 8
6. 0
7. 5
8. 0
9. 0
10. 2
11. 0
12. 3
13. 0
14. 6
15. 4
16. 0
17. 0
18. 0
19. 0
20. 0
21. 4
22. 3
23. 4
24. 4
25. 0
26. 7
27. 3
28. 5
29. 3
30. 0
31. 0
32. 2
33. 0
34. 3
35. 2
36. 0
37. 0
38. 2
39. 0
40. 0
41. 4
42. 0
43. 0
44. 4
45. 2
46. 0
47. 3
48. 0
49. 3
50. 3
51. 0
52. 0
53. 0
54. 0
55. 4
56. 0
57. 0
58. 0
59. 0
60. 3
61. 0
62. 0
63. 3
64. 0
65. 0
66. 0
67. 0
68. 0
69. 0
70. 0
71. 0
72. 0
73. 0
74. 0
75. 6
76. 0
77. 3
78. 0
79. 2
80. 0
81. 3
82. 0
83. 2
84. 0
85. 0
86. 0
87. 0
88. 0
89. 0
90. 3
91. 0
92. 0
93. 0
94. 0
95. 0
96. 3
97. 0
98. 0
99. 2
100. 3
101. 0
102. 2
103. 0
104. 0
105. 3
106. 0
107. 3
108. 0
109. 2
110. 0
111. 0
112. 0
113. 4
114. 0
115. 0
116. 0
117. 0
118. 4
119. 0
120. 0
121. 0
122. 5
123. 0
124. 0
125. 0
126. 0
127. 2
128. 3
129. 2
130. 0
131. 0
132. 3
133. 0
134. 0
135. 0
136. 3
137. 0
138. 3
139. 0
140. 5
141. 0
142. 0
143. 4
144. 0
145. 0
146. 4
147. 0
148. 0
149. 2
150. 6
151. 0
152. 0
153. 0
154. 0
155. 4
156. 4
157. 0
158. 2
159. 0
160. 4
161. 3
162. 0
163. 0
164. 0
165. 0
166. 0
167. 0
168. 0
169. 3
170. 4
171. 0
172. 0
173. 0
174. 0
175. 3
176. 4
177. 0
178. 6
179. 2
180. 2
181. 5
182. 0
183. 0
184. 0
185. 4
186. 2
187. 0
188. 0
189. 0
190. 0
191. 0
192. 0
193. 0
194. 3
195. 6
196. 0
197. 0
198. 0
199. 0
200. 0