798.txt
1. 3
2. 2
3. 1
4. 1
5. 6
6. 2
7. 2
8. 1
9. 3
10. 4
11. 5
12. 1
13. 4
14. 2
15. 3
16. 3
17. 1
18. 3
19. 2
20. 1
21. 4
22. 2
23. 7
24. 8
25. 1
26. 2
27. 2
28. 1
29. 5
30. 5
31. 2
32. 1
33. 3
34. 2
35. 3
36. 2
37. 1
38. 5
39. 1
40. 0
41. 4
42. 5
43. 2
44. 2
45. 1
46. 4
47. 9
48. 1
49. 3
50. 8
51. 2
52. 1
53. 3
54. 4
55. 4
56. 2
57. 1
58. 2
59. 2
60. 8
61. 1
62. 1
63. 4
64. 3
65. 1
66. 3
67. 3
68. 2
69. 5
70. 3
71. 1
72. 2
73. 1
74. 1
75. 4
76. 1
77. 7
78. 3
79. 1
80. 3
81. 2
82. 1
83. 1
84. 2
85. 2
86. 3
87. 1
88. 3
89. 2
90. 4
91. 1
92. 2
93. 2
94. 3
95. 1
96. 2
97. 1
98. 2
99. 2
100. 2
101. 1
102. 1
103. 5
104. 1
105. 2
106. 1
107. 3
108. 3
109. 1
110. 3
111. 3
112. 2
113. 3
114. 3
115. 7
116. 2
117. 1
118. 2
119. 2
120. 4
121. 1
122. 1
123. 1
124. 2
125. 3
126. 1
127. 2
128. 2
129. 2
130. 5
131. 2
132. 1
133. 3
134. 1
135. 1
136. 2
137. 2
138. 1
139. 2
140. 1
141. 2
142. 4
143. 4
144. 2
145. 2
146. 2
147. 3
148. 1
149. 1
150. 3
151. 1
152. 5
153. 1
154. 2
155. 2
156. 3
157. 4
158. 1
159. 2
160. 3
161. 2
162. 3
163. 3
164. 1
165. 3
166. 2
167. 2
168. 1
169. 2
170. 3
171. 1
172. 3
173. 1
174. 2
175. 2
176. 3
177. 3
178. 3
179. 2
180. 2
181. 3
182. 1
183. 1
184. 4
185. 3
186. 2
187. 1
188. 1
189. 3
190. 1
191. 3
192. 4
193. 1
194. 3
195. 2
196. 2
197. 2
198. 2
199. 2
200. 5