809.txt
1. 6
2. 2
3. 2
4. 1
5. 8
6. 7
7. 1
8. 3
9. 4
10. 3
11. 5
12. 4
13. 2
14. 2
15. 4
16. 2
17. 1
18. 4
19. 2
20. 1
21. 9
22. 2
23. 3
24. 2
25. 1
26. 1
27. 5
28. 1
29. 2
30. 1
31. 2
32. 2
33. 4
34. 2
35. 1
36. 1
37. 2
38. 2
39. 4
40. 3
41. 1
42. 2
43. 2
44. 4
45. 4
46. 2
47. 4
48. 3
49. 2
50. 3
51. 2
52. 3
53. 3
54. 3
55. 3
56. 2
57. 3
58. 2
59. 2
60. 2
61. 2
62. 3
63. 3
64. 3
65. 3
66. 4
67. 5
68. 2
69. 2
70. 3
71. 5
72. 3
73. 2
74. 2
75. 3
76. 3
77. 6
78. 3
79. 3
80. 2
81. 3
82. 4
83. 2
84. 2
85. 2
86. 3
87. 2
88. 1
89. 3
90. 1
91. 2
92. 3
93. 2
94. 2
95. 2
96. 2
97. 2
98. 4
99. 3
100. 6
101. 2
102. 5
103. 2
104. 2
105. 7
106. 2
107. 3
108. 2
109. 1
110. 2
111. 4
112. 2
113. 2
114. 4
115. 5
116. 2
117. 4
118. 2
119. 7
120. 1
121. 4
122. 2
123. 2
124. 2
125. 2
126. 2
127. 5
128. 2
129. 2
130. 3
131. 3
132. 3
133. 2
134. 1
135. 2
136. 2
137. 4
138. 7
139. 2
140. 4
141. 4
142. 1
143. 3
144. 1
145. 8
146. 1
147. 4
148. 4
149. 2
150. 2
151. 2
152. 2
153. 2
154. 2
155. 2
156. 3
157. 3
158. 3
159. 3
160. 3
161. 2
162. 3
163. 2
164. 2
165. 3
166. 2
167. 1
168. 2
169. 4
170. 2
171. 4
172. 7
173. 4
174. 4
175. 3
176. 2
177. 2
178. 2
179. 2
180. 2
181. 2
182. 5
183. 2
184. 2
185. 4
186. 8
187. 4
188. 3
189. 2
190. 2
191. 2
192. 4
193. 3
194. 4
195. 2
196. 2
197. 4
198. 2
199. 4
200. 3