814.txt
1. 2
2. 3
3. 1
4. 1
5. 2
6. 1
7. 2
8. 2
9. 3
10. 2
11. 3
12. 5
13. 2
14. 4
15. 1
16. 3
17. 2
18. 3
19. 2
20. 3
21. 3
22. 8
23. 2
24. 2
25. 3
26. 2
27. 2
28. 2
29. 4
30. 2
31. 3
32. 5
33. 3
34. 3
35. 1
36. 1
37. 1
38. 3
39. 2
40. 4
41. 2
42. 2
43. 3
44. 2
45. 5
46. 2
47. 1
48. 5
49. 2
50. 2
51. 4
52. 1
53. 1
54. 3
55. 3
56. 2
57. 3
58. 5
59. 1
60. 1
61. 1
62. 2
63. 1
64. 3
65. 4
66. 2
67. 3
68. 5
69. 3
70. 3
71. 2
72. 2
73. 2
74. 2
75. 1
76. 2
77. 2
78. 2
79. 2
80. 3
81. 3
82. 2
83. 1
84. 4
85. 2
86. 4
87. 2
88. 3
89. 1
90. 3
91. 4
92. 3
93. 2
94. 2
95. 3
96. 2
97. 2
98. 1
99. 1
100. 1
101. 3
102. 2
103. 4
104. 3
105. 2
106. 2
107. 3
108. 2
109. 1
110. 2
111. 2
112. 2
113. 1
114. 2
115. 3
116. 4
117. 1
118. 2
119. 1
120. 4
121. 2
122. 2
123. 2
124. 2
125. 1
126. 3
127. 2
128. 3
129. 1
130. 1
131. 2
132. 2
133. 4
134. 2
135. 4
136. 3
137. 2
138. 4
139. 1
140. 2
141. 1
142. 1
143. 3
144. 5
145. 3
146. 2
147. 2
148. 3
149. 2
150. 3
151. 2
152. 4
153. 2
154. 1
155. 2
156. 6
157. 3
158. 4
159. 3
160. 3
161. 3
162. 2
163. 2
164. 2
165. 1
166. 2
167. 3
168. 2
169. 2
170. 2
171. 2
172. 1
173. 4
174. 6
175. 3
176. 8
177. 10
178. 2
179. 3
180. 2
181. 4
182. 2
183. 1
184. 4
185. 3
186. 2
187. 4
188. 3
189. 1
190. 3
191. 1
192. 1
193. 6
194. 2
195. 2
196. 2
197. 2
198. 1
199. 3
200. 3