816.txt
1. 3
2. 6
3. 0
4. 0
5. 1
6. 7
7. 2
8. 6
9. 4
10. 4
11. 1
12. 2
13. 0
14. 3
15. 4
16. 1
17. 2
18. 1
19. 4
20. 2
21. 2
22. 6
23. 4
24. 3
25. 1
26. 3
27. 2
28. 1
29. 4
30. 1
31. 2
32. 0
33. 5
34. 5
35. 3
36. 1
37. 1
38. 1
39. 1
40. 1
41. 2
42. 1
43. 3
44. 3
45. 2
46. 1
47. 1
48. 4
49. 2
50. 4
51. 1
52. 3
53. 1
54. 6
55. 3
56. 4
57. 1
58. 7
59. 1
60. 4
61. 4
62. 3
63. 3
64. 3
65. 3
66. 1
67. 2
68. 1
69. 3
70. 1
71. 1
72. 2
73. 0
74. 3
75. 1
76. 2
77. 2
78. 3
79. 1
80. 4
81. 3
82. 1
83. 2
84. 2
85. 4
86. 2
87. 0
88. 1
89. 3
90. 1
91. 3
92. 0
93. 1
94. 2
95. 1
96. 2
97. 3
98. 5
99. 3
100. 2
101. 4
102. 2
103. 1
104. 1
105. 2
106. 1
107. 2
108. 1
109. 1
110. 4
111. 2
112. 2
113. 3
114. 2
115. 1
116. 2
117. 3
118. 1
119. 2
120. 1
121. 1
122. 3
123. 4
124. 2
125. 4
126. 3
127. 3
128. 2
129. 2
130. 2
131. 3
132. 3
133. 2
134. 2
135. 1
136. 5
137. 4
138. 2
139. 0
140. 2
141. 2
142. 1
143. 2
144. 2
145. 3
146. 1
147. 1
148. 1
149. 1
150. 1
151. 2
152. 3
153. 2
154. 3
155. 2
156. 1
157. 2
158. 2
159. 1
160. 3
161. 3
162. 3
163. 0
164. 5
165. 3
166. 2
167. 2
168. 3
169. 2
170. 1
171. 1
172. 3
173. 4
174. 3
175. 1
176. 1
177. 1
178. 2
179. 5
180. 3
181. 1
182. 2
183. 0
184. 2
185. 2
186. 3
187. 1
188. 4
189. 2
190. 2
191. 3
192. 2
193. 1
194. 2
195. 4
196. 1
197. 4
198. 1
199. 2
200. 1