82.txt
1. 0
2. 0
3. 2
4. 3
5. 0
6. 2
7. 2
8. 2
9. 6
10. 0
11. 2
12. 0
13. 0
14. 3
15. 1
16. 3
17. 7
18. 8
19. 2
20. 2
21. 1
22. 1
23. 2
24. 1
25. 3
26. 1
27. 1
28. 2
29. 0
30. 0
31. 1
32. 3
33. 1
34. 2
35. 4
36. 2
37. 3
38. 0
39. 2
40. 4
41. 3
42. 4
43. 2
44. 1
45. 0
46. 1
47. 3
48. 2
49. 0
50. 4
51. 3
52. 2
53. 2
54. 3
55. 0
56. 2
57. 3
58. 3
59. 3
60. 1
61. 3
62. 2
63. 1
64. 4
65. 1
66. 1
67. 0
68. 2
69. 3
70. 1
71. 0
72. 2
73. 2
74. 3
75. 1
76. 2
77. 5
78. 1
79. 6
80. 0
81. 2
82. 2
83. 1
84. 3
85. 1
86. 3
87. 0
88. 2
89. 1
90. 1
91. 2
92. 1
93. 2
94. 2
95. 1
96. 1
97. 1
98. 3
99. 1
100. 1
101. 1
102. 0
103. 1
104. 3
105. 1
106. 2
107. 0
108. 2
109. 1
110. 1
111. 0
112. 2
113. 1
114. 3
115. 5
116. 2
117. 1
118. 2
119. 3
120. 3
121. 1
122. 1
123. 2
124. 1
125. 2
126. 0
127. 2
128. 2
129. 0
130. 1
131. 0
132. 2
133. 0
134. 0
135. 3
136. 3
137. 0
138. 2
139. 3
140. 6
141. 2
142. 1
143. 3
144. 1
145. 0
146. 2
147. 2
148. 2
149. 1
150. 2
151. 2
152. 1
153. 3
154. 1
155. 2
156. 1
157. 1
158. 0
159. 2
160. 2
161. 1
162. 0
163. 0
164. 1
165. 2
166. 1
167. 1
168. 2
169. 2
170. 1
171. 4
172. 3
173. 2
174. 1
175. 0
176. 2
177. 2
178. 3
179. 2
180. 1
181. 2
182. 0
183. 0
184. 0
185. 3
186. 2
187. 1
188. 3
189. 2
190. 2
191. 1
192. 2
193. 3
194. 4
195. 3
196. 0
197. 3
198. 3
199. 4
200. 2