821.txt
1. 2
2. 3
3. 2
4. 1
5. 1
6. 2
7. 4
8. 2
9. 6
10. 1
11. 1
12. 4
13. 2
14. 2
15. 0
16. 1
17. 2
18. 1
19. 1
20. 2
21. 4
22. 3
23. 4
24. 2
25. 2
26. 4
27. 5
28. 2
29. 4
30. 3
31. 2
32. 5
33. 4
34. 2
35. 1
36. 1
37. 1
38. 2
39. 2
40. 4
41. 3
42. 6
43. 1
44. 3
45. 2
46. 2
47. 2
48. 2
49. 1
50. 4
51. 1
52. 2
53. 3
54. 3
55. 2
56. 2
57. 2
58. 3
59. 2
60. 3
61. 2
62. 2
63. 4
64. 1
65. 4
66. 3
67. 2
68. 3
69. 2
70. 2
71. 2
72. 5
73. 2
74. 3
75. 2
76. 3
77. 3
78. 1
79. 5
80. 2
81. 3
82. 2
83. 3
84. 1
85. 3
86. 3
87. 2
88. 3
89. 4
90. 3
91. 2
92. 2
93. 4
94. 1
95. 2
96. 2
97. 3
98. 2
99. 3
100. 2
101. 2
102. 3
103. 2
104. 4
105. 2
106. 2
107. 3
108. 2
109. 2
110. 6
111. 2
112. 3
113. 5
114. 3
115. 1
116. 1
117. 2
118. 3
119. 1
120. 3
121. 2
122. 1
123. 2
124. 3
125. 3
126. 1
127. 2
128. 1
129. 2
130. 4
131. 2
132. 2
133. 4
134. 3
135. 2
136. 1
137. 2
138. 2
139. 2
140. 2
141. 2
142. 3
143. 3
144. 2
145. 2
146. 3
147. 2
148. 3
149. 2
150. 3
151. 3
152. 2
153. 2
154. 4
155. 2
156. 1
157. 2
158. 3
159. 3
160. 3
161. 3
162. 3
163. 1
164. 2
165. 5
166. 2
167. 2
168. 7
169. 2
170. 2
171. 1
172. 2
173. 3
174. 2
175. 4
176. 5
177. 3
178. 3
179. 3
180. 2
181. 2
182. 2
183. 1
184. 2
185. 2
186. 3
187. 2
188. 2
189. 3
190. 3
191. 3
192. 2
193. 5
194. 2
195. 1
196. 2
197. 3
198. 3
199. 3
200. 2