831.txt
1. 0
2. 4
3. 0
4. 0
5. 0
6. 0
7. 3
8. 2
9. 4
10. 3
11. 2
12. 4
13. 0
14. 0
15. 0
16. 0
17. 0
18. 0
19. 0
20. 2
21. 0
22. 3
23. 0
24. 0
25. 2
26. 0
27. 3
28. 0
29. 4
30. 2
31. 0
32. 0
33. 0
34. 0
35. 3
36. 0
37. 2
38. 0
39. 0
40. 2
41. 3
42. 0
43. 0
44. 2
45. 3
46. 0
47. 3
48. 2
49. 4
50. 2
51. 0
52. 0
53. 3
54. 0
55. 3
56. 2
57. 0
58. 2
59. 2
60. 4
61. 0
62. 0
63. 0
64. 3
65. 0
66. 0
67. 3
68. 2
69. 2
70. 4
71. 2
72. 0
73. 0
74. 2
75. 0
76. 2
77. 0
78. 0
79. 2
80. 2
81. 2
82. 3
83. 0
84. 0
85. 0
86. 0
87. 0
88. 2
89. 2
90. 0
91. 2
92. 0
93. 4
94. 0
95. 0
96. 0
97. 2
98. 0
99. 2
100. 2
101. 3
102. 0
103. 3
104. 0
105. 0
106. 2
107. 0
108. 0
109. 0
110. 0
111. 3
112. 0
113. 2
114. 0
115. 0
116. 0
117. 2
118. 3
119. 2
120. 0
121. 0
122. 2
123. 0
124. 5
125. 0
126. 2
127. 2
128. 3
129. 0
130. 3
131. 0
132. 3
133. 0
134. 0
135. 0
136. 2
137. 0
138. 3
139. 0
140. 0
141. 2
142. 2
143. 2
144. 2
145. 0
146. 3
147. 0
148. 0
149. 3
150. 4
151. 2
152. 2
153. 0
154. 0
155. 3
156. 3
157. 2
158. 0
159. 0
160. 0
161. 2
162. 2
163. 2
164. 4
165. 2
166. 0
167. 4
168. 0
169. 0
170. 3
171. 3
172. 0
173. 0
174. 3
175. 3
176. 0
177. 0
178. 0
179. 2
180. 0
181. 0
182. 0
183. 2
184. 3
185. 0
186. 2
187. 2
188. 2
189. 3
190. 0
191. 0
192. 2
193. 0
194. 0
195. 0
196. 2
197. 0
198. 3
199. 0
200. 2