835.txt
1. 0
2. 3
3. 4
4. 2
5. 0
6. 4
7. 2
8. 2
9. 5
10. 1
11. 0
12. 4
13. 3
14. 2
15. 2
16. 1
17. 4
18. 1
19. 0
20. 3
21. 3
22. 2
23. 0
24. 2
25. 5
26. 2
27. 0
28. 2
29. 0
30. 5
31. 2
32. 1
33. 3
34. 4
35. 4
36. 3
37. 3
38. 2
39. 2
40. 1
41. 2
42. 1
43. 1
44. 1
45. 4
46. 0
47. 3
48. 3
49. 1
50. 4
51. 1
52. 1
53. 6
54. 2
55. 3
56. 2
57. 3
58. 0
59. 4
60. 2
61. 1
62. 3
63. 3
64. 0
65. 2
66. 1
67. 1
68. 3
69. 2
70. 6
71. 4
72. 3
73. 2
74. 3
75. 1
76. 2
77. 0
78. 3
79. 2
80. 2
81. 3
82. 0
83. 3
84. 3
85. 1
86. 2
87. 3
88. 5
89. 5
90. 1
91. 1
92. 4
93. 3
94. 2
95. 2
96. 2
97. 0
98. 1
99. 1
100. 0
101. 4
102. 5
103. 1
104. 1
105. 1
106. 0
107. 2
108. 2
109. 0
110. 2
111. 3
112. 1
113. 1
114. 3
115. 1
116. 5
117. 1
118. 3
119. 0
120. 2
121. 2
122. 2
123. 2
124. 0
125. 1
126. 2
127. 0
128. 4
129. 2
130. 4
131. 1
132. 2
133. 3
134. 1
135. 3
136. 1
137. 4
138. 1
139. 3
140. 1
141. 2
142. 4
143. 2
144. 2
145. 2
146. 1
147. 3
148. 3
149. 2
150. 0
151. 3
152. 1
153. 2
154. 2
155. 5
156. 1
157. 2
158. 1
159. 2
160. 3
161. 1
162. 4
163. 1
164. 2
165. 6
166. 1
167. 2
168. 4
169. 2
170. 3
171. 2
172. 0
173. 2
174. 4
175. 5
176. 3
177. 3
178. 3
179. 1
180. 2
181. 4
182. 3
183. 2
184. 4
185. 5
186. 1
187. 2
188. 1
189. 0
190. 3
191. 0
192. 0
193. 1
194. 1
195. 1
196. 3
197. 2
198. 2
199. 1
200. 5