841.txt
1. 2
2. 1
3. 0
4. 6
5. 3
6. 1
7. 1
8. 1
9. 4
10. 0
11. 2
12. 2
13. 4
14. 2
15. 3
16. 2
17. 4
18. 5
19. 2
20. 4
21. 1
22. 1
23. 3
24. 1
25. 7
26. 3
27. 2
28. 1
29. 1
30. 1
31. 3
32. 1
33. 2
34. 2
35. 3
36. 2
37. 3
38. 1
39. 1
40. 3
41. 4
42. 3
43. 1
44. 5
45. 4
46. 1
47. 2
48. 3
49. 7
50. 5
51. 1
52. 2
53. 2
54. 3
55. 2
56. 1
57. 1
58. 2
59. 3
60. 4
61. 1
62. 1
63. 1
64. 4
65. 6
66. 2
67. 1
68. 0
69. 2
70. 1
71. 4
72. 2
73. 2
74. 3
75. 2
76. 2
77. 2
78. 1
79. 2
80. 2
81. 2
82. 1
83. 2
84. 2
85. 1
86. 7
87. 2
88. 1
89. 5
90. 3
91. 2
92. 2
93. 1
94. 1
95. 1
96. 1
97. 1
98. 3
99. 2
100. 2
101. 2
102. 2
103. 5
104. 1
105. 3
106. 4
107. 0
108. 1
109. 1
110. 1
111. 1
112. 3
113. 2
114. 2
115. 1
116. 6
117. 1
118. 2
119. 1
120. 2
121. 1
122. 1
123. 1
124. 1
125. 2
126. 1
127. 1
128. 2
129. 2
130. 1
131. 1
132. 2
133. 2
134. 1
135. 4
136. 1
137. 1
138. 2
139. 4
140. 1
141. 2
142. 1
143. 4
144. 1
145. 4
146. 3
147. 3
148. 2
149. 2
150. 3
151. 2
152. 1
153. 2
154. 2
155. 5
156. 1
157. 1
158. 2
159. 1
160. 1
161. 2
162. 2
163. 1
164. 4
165. 2
166. 2
167. 3
168. 3
169. 6
170. 2
171. 1
172. 2
173. 2
174. 3
175. 2
176. 1
177. 5
178. 2
179. 1
180. 2
181. 2
182. 3
183. 1
184. 4
185. 7
186. 2
187. 2
188. 3
189. 3
190. 2
191. 1
192. 2
193. 3
194. 2
195. 5
196. 4
197. 2
198. 3
199. 3
200. 2