842.txt
1. 0
2. 0
3. 1
4. 0
5. 0
6. 0
7. 1
8. 0
9. 8
10. 1
11. 0
12. 3
13. 0
14. 0
15. 0
16. 1
17. 1
18. 0
19. 0
20. 0
21. 2
22. 2
23. 1
24. 1
25. 2
26. 0
27. 0
28. 0
29. 4
30. 0
31. 2
32. 2
33. 3
34. 0
35. 0
36. 4
37. 1
38. 3
39. 0
40. 1
41. 2
42. 2
43. 1
44. 1
45. 3
46. 1
47. 0
48. 2
49. 2
50. 1
51. 2
52. 1
53. 0
54. 2
55. 0
56. 0
57. 0
58. 7
59. 3
60. 0
61. 1
62. 0
63. 0
64. 3
65. 0
66. 0
67. 0
68. 0
69. 1
70. 2
71. 3
72. 0
73. 0
74. 3
75. 0
76. 0
77. 0
78. 2
79. 1
80. 0
81. 0
82. 0
83. 3
84. 0
85. 0
86. 0
87. 2
88. 0
89. 0
90. 1
91. 0
92. 2
93. 0
94. 0
95. 1
96. 0
97. 0
98. 0
99. 0
100. 2
101. 0
102. 0
103. 2
104. 0
105. 0
106. 0
107. 0
108. 1
109. 0
110. 3
111. 0
112. 1
113. 1
114. 2
115. 0
116. 0
117. 2
118. 0
119. 3
120. 2
121. 2
122. 0
123. 1
124. 0
125. 2
126. 0
127. 2
128. 0
129. 1
130. 1
131. 0
132. 3
133. 3
134. 2
135. 0
136. 0
137. 1
138. 0
139. 2
140. 2
141. 0
142. 0
143. 0
144. 3
145. 0
146. 1
147. 1
148. 0
149. 2
150. 4
151. 0
152. 3
153. 0
154. 0
155. 2
156. 0
157. 3
158. 0
159. 0
160. 2
161. 0
162. 0
163. 2
164. 0
165. 1
166. 0
167. 0
168. 6
169. 4
170. 0
171. 2
172. 2
173. 2
174. 4
175. 0
176. 0
177. 0
178. 1
179. 0
180. 0
181. 2
182. 0
183. 0
184. 0
185. 0
186. 0
187. 0
188. 0
189. 0
190. 1
191. 0
192. 3
193. 4
194. 4
195. 3
196. 0
197. 0
198. 0
199. 3
200. 0