845.txt
1. 2
2. 4
3. 1
4. 2
5. 1
6. 1
7. 1
8. 2
9. 3
10. 1
11. 1
12. 2
13. 1
14. 1
15. 3
16. 1
17. 2
18. 0
19. 1
20. 3
21. 2
22. 2
23. 6
24. 7
25. 3
26. 2
27. 1
28. 1
29. 1
30. 2
31. 2
32. 4
33. 4
34. 2
35. 1
36. 2
37. 3
38. 3
39. 2
40. 1
41. 3
42. 2
43. 3
44. 1
45. 2
46. 1
47. 2
48. 3
49. 1
50. 3
51. 2
52. 2
53. 2
54. 1
55. 2
56. 2
57. 2
58. 2
59. 2
60. 2
61. 9
62. 1
63. 2
64. 2
65. 1
66. 2
67. 2
68. 1
69. 2
70. 1
71. 3
72. 4
73. 2
74. 5
75. 2
76. 1
77. 3
78. 1
79. 2
80. 1
81. 2
82. 4
83. 2
84. 2
85. 4
86. 1
87. 1
88. 2
89. 1
90. 1
91. 4
92. 2
93. 1
94. 1
95. 2
96. 2
97. 2
98. 2
99. 5
100. 2
101. 2
102. 1
103. 2
104. 2
105. 2
106. 1
107. 2
108. 1
109. 3
110. 3
111. 1
112. 2
113. 3
114. 1
115. 2
116. 2
117. 3
118. 1
119. 2
120. 3
121. 2
122. 1
123. 4
124. 1
125. 1
126. 1
127. 3
128. 2
129. 2
130. 3
131. 1
132. 6
133. 2
134. 2
135. 4
136. 3
137. 2
138. 3
139. 2
140. 2
141. 1
142. 2
143. 3
144. 3
145. 2
146. 2
147. 2
148. 3
149. 3
150. 10
151. 2
152. 2
153. 3
154. 2
155. 3
156. 1
157. 2
158. 3
159. 1
160. 2
161. 8
162. 2
163. 2
164. 1
165. 3
166. 1
167. 1
168. 2
169. 1
170. 3
171. 2
172. 2
173. 2
174. 2
175. 2
176. 1
177. 1
178. 4
179. 1
180. 2
181. 2
182. 2
183. 1
184. 2
185. 2
186. 1
187. 2
188. 1
189. 2
190. 3
191. 3
192. 2
193. 1
194. 2
195. 2
196. 1
197. 1
198. 1
199. 2
200. 2