846.txt
1. 0
2. 1
3. 0
4. 1
5. 3
6. 4
7. 0
8. 0
9. 0
10. 0
11. 1
12. 2
13. 3
14. 3
15. 1
16. 0
17. 4
18. 0
19. 2
20. 0
21. 3
22. 0
23. 4
24. 1
25. 0
26. 1
27. 0
28. 2
29. 1
30. 0
31. 7
32. 0
33. 1
34. 2
35. 0
36. 0
37. 0
38. 2
39. 2
40. 5
41. 0
42. 0
43. 2
44. 1
45. 0
46. 0
47. 0
48. 6
49. 0
50. 1
51. 0
52. 0
53. 2
54. 0
55. 0
56. 0
57. 2
58. 3
59. 0
60. 0
61. 2
62. 0
63. 0
64. 2
65. 0
66. 0
67. 0
68. 0
69. 1
70. 1
71. 2
72. 1
73. 0
74. 1
75. 7
76. 1
77. 0
78. 2
79. 0
80. 5
81. 0
82. 2
83. 2
84. 0
85. 0
86. 0
87. 0
88. 0
89. 2
90. 3
91. 1
92. 0
93. 3
94. 2
95. 3
96. 4
97. 0
98. 2
99. 2
100. 2
101. 2
102. 0
103. 0
104. 1
105. 2
106. 0
107. 0
108. 0
109. 0
110. 2
111. 2
112. 2
113. 2
114. 2
115. 0
116. 6
117. 2
118. 3
119. 0
120. 3
121. 0
122. 0
123. 0
124. 1
125. 5
126. 2
127. 0
128. 0
129. 0
130. 0
131. 0
132. 1
133. 3
134. 1
135. 0
136. 2
137. 0
138. 1
139. 0
140. 2
141. 0
142. 2
143. 0
144. 0
145. 2
146. 1
147. 1
148. 0
149. 4
150. 1
151. 2
152. 4
153. 0
154. 0
155. 2
156. 2
157. 4
158. 5
159. 0
160. 6
161. 2
162. 0
163. 2
164. 2
165. 4
166. 0
167. 5
168. 2
169. 0
170. 1
171. 0
172. 0
173. 0
174. 0
175. 0
176. 0
177. 0
178. 0
179. 0
180. 0
181. 1
182. 1
183. 0
184. 0
185. 0
186. 0
187. 3
188. 0
189. 7
190. 0
191. 2
192. 1
193. 0
194. 0
195. 3
196. 1
197. 3
198. 3
199. 1
200. 4