850.txt
1. 0
2. 3
3. 4
4. 7
5. 0
6. 0
7. 3
8. 3
9. 2
10. 0
11. 1
12. 0
13. 1
14. 1
15. 2
16. 3
17. 2
18. 1
19. 1
20. 3
21. 4
22. 2
23. 3
24. 3
25. 4
26. 2
27. 0
28. 5
29. 4
30. 3
31. 3
32. 1
33. 2
34. 0
35. 2
36. 2
37. 3
38. 5
39. 2
40. 1
41. 3
42. 3
43. 0
44. 5
45. 1
46. 2
47. 2
48. 7
49. 4
50. 2
51. 1
52. 2
53. 2
54. 2
55. 1
56. 1
57. 3
58. 4
59. 1
60. 2
61. 2
62. 1
63. 1
64. 2
65. 3
66. 3
67. 8
68. 2
69. 2
70. 1
71. 7
72. 2
73. 1
74. 5
75. 2
76. 1
77. 1
78. 1
79. 4
80. 2
81. 1
82. 1
83. 4
84. 2
85. 3
86. 1
87. 1
88. 0
89. 3
90. 2
91. 6
92. 2
93. 2
94. 2
95. 3
96. 1
97. 2
98. 4
99. 2
100. 2
101. 3
102. 1
103. 4
104. 3
105. 1
106. 2
107. 1
108. 2
109. 5
110. 2
111. 1
112. 1
113. 1
114. 3
115. 2
116. 3
117. 3
118. 4
119. 1
120. 1
121. 3
122. 3
123. 2
124. 2
125. 1
126. 3
127. 3
128. 2
129. 2
130. 2
131. 1
132. 1
133. 3
134. 1
135. 2
136. 6
137. 2
138. 2
139. 1
140. 1
141. 1
142. 3
143. 3
144. 4
145. 1
146. 1
147. 3
148. 2
149. 4
150. 4
151. 3
152. 2
153. 6
154. 3
155. 1
156. 3
157. 1
158. 1
159. 1
160. 3
161. 2
162. 1
163. 3
164. 2
165. 3
166. 2
167. 3
168. 3
169. 3
170. 1
171. 3
172. 1
173. 2
174. 2
175. 4
176. 1
177. 1
178. 1
179. 2
180. 2
181. 2
182. 3
183. 2
184. 4
185. 3
186. 2
187. 2
188. 2
189. 2
190. 4
191. 2
192. 1
193. 1
194. 2
195. 4
196. 1
197. 2
198. 4
199. 3
200. 3