856.txt
1. 2
2. 2
3. 4
4. 2
5. 3
6. 1
7. 2
8. 1
9. 4
10. 1
11. 1
12. 3
13. 6
14. 1
15. 2
16. 1
17. 2
18. 3
19. 1
20. 1
21. 4
22. 3
23. 2
24. 5
25. 4
26. 3
27. 2
28. 1
29. 3
30. 4
31. 2
32. 1
33. 1
34. 2
35. 5
36. 3
37. 4
38. 2
39. 3
40. 2
41. 1
42. 3
43. 3
44. 3
45. 3
46. 3
47. 2
48. 3
49. 1
50. 5
51. 3
52. 3
53. 2
54. 5
55. 2
56. 2
57. 6
58. 2
59. 1
60. 3
61. 3
62. 1
63. 3
64. 1
65. 2
66. 2
67. 4
68. 2
69. 1
70. 2
71. 2
72. 1
73. 1
74. 3
75. 3
76. 1
77. 2
78. 2
79. 2
80. 2
81. 2
82. 3
83. 1
84. 4
85. 1
86. 3
87. 3
88. 2
89. 3
90. 2
91. 3
92. 2
93. 4
94. 1
95. 3
96. 3
97. 2
98. 3
99. 3
100. 2
101. 2
102. 3
103. 2
104. 3
105. 2
106. 1
107. 4
108. 3
109. 2
110. 1
111. 5
112. 1
113. 3
114. 3
115. 2
116. 1
117. 2
118. 3
119. 3
120. 3
121. 4
122. 3
123. 1
124. 2
125. 1
126. 3
127. 3
128. 2
129. 2
130. 2
131. 1
132. 3
133. 4
134. 2
135. 2
136. 2
137. 2
138. 4
139. 3
140. 2
141. 3
142. 2
143. 2
144. 2
145. 1
146. 4
147. 1
148. 3
149. 3
150. 2
151. 3
152. 1
153. 2
154. 3
155. 4
156. 1
157. 2
158. 3
159. 2
160. 2
161. 4
162. 1
163. 2
164. 2
165. 3
166. 3
167. 2
168. 3
169. 3
170. 2
171. 2
172. 4
173. 1
174. 3
175. 3
176. 1
177. 3
178. 3
179. 2
180. 3
181. 2
182. 2
183. 4
184. 5
185. 2
186. 2
187. 1
188. 2
189. 3
190. 2
191. 2
192. 5
193. 2
194. 4
195. 2
196. 1
197. 3
198. 2
199. 3
200. 2