857.txt
1. 0
2. 0
3. 0
4. 0
5. 7
6. 0
7. 0
8. 0
9. 0
10. 0
11. 4
12. 0
13. 0
14. 0
15. 4
16. 0
17. 0
18. 0
19. 0
20. 0
21. 0
22. 3
23. 0
24. 3
25. 0
26. 2
27. 2
28. 4
29. 2
30. 0
31. 0
32. 0
33. 2
34. 2
35. 3
36. 0
37. 2
38. 0
39. 0
40. 5
41. 0
42. 3
43. 0
44. 3
45. 0
46. 0
47. 3
48. 0
49. 0
50. 0
51. 0
52. 0
53. 0
54. 8
55. 2
56. 0
57. 0
58. 0
59. 0
60. 0
61. 0
62. 2
63. 0
64. 0
65. 0
66. 3
67. 4
68. 2
69. 0
70. 0
71. 0
72. 0
73. 0
74. 0
75. 2
76. 0
77. 0
78. 3
79. 0
80. 0
81. 0
82. 8
83. 0
84. 4
85. 0
86. 0
87. 2
88. 0
89. 0
90. 3
91. 0
92. 0
93. 0
94. 2
95. 0
96. 0
97. 0
98. 0
99. 0
100. 3
101. 0
102. 0
103. 0
104. 0
105. 0
106. 0
107. 0
108. 0
109. 2
110. 0
111. 0
112. 0
113. 0
114. 2
115. 2
116. 0
117. 0
118. 0
119. 0
120. 0
121. 0
122. 2
123. 0
124. 0
125. 0
126. 4
127. 0
128. 2
129. 0
130. 2
131. 0
132. 0
133. 0
134. 4
135. 0
136. 0
137. 0
138. 0
139. 0
140. 0
141. 0
142. 0
143. 3
144. 0
145. 0
146. 0
147. 0
148. 0
149. 3
150. 6
151. 0
152. 0
153. 0
154. 0
155. 0
156. 0
157. 0
158. 0
159. 0
160. 0
161. 2
162. 0
163. 0
164. 3
165. 0
166. 0
167. 4
168. 2
169. 3
170. 0
171. 0
172. 3
173. 0
174. 0
175. 0
176. 0
177. 0
178. 0
179. 0
180. 0
181. 4
182. 0
183. 0
184. 0
185. 2
186. 0
187. 0
188. 0
189. 0
190. 0
191. 0
192. 0
193. 0
194. 0
195. 0
196. 0
197. 3
198. 0
199. 4
200. 0