865.txt
1. 2
2. 2
3. 3
4. 6
5. 2
6. 3
7. 2
8. 5
9. 2
10. 2
11. 3
12. 4
13. 3
14. 3
15. 3
16. 3
17. 2
18. 2
19. 2
20. 3
21. 3
22. 3
23. 3
24. 2
25. 2
26. 3
27. 3
28. 2
29. 2
30. 1
31. 2
32. 2
33. 3
34. 2
35. 2
36. 2
37. 4
38. 5
39. 2
40. 2
41. 2
42. 2
43. 4
44. 2
45. 2
46. 2
47. 2
48. 3
49. 4
50. 3
51. 3
52. 2
53. 2
54. 4
55. 2
56. 2
57. 2
58. 4
59. 2
60. 10
61. 4
62. 3
63. 5
64. 3
65. 2
66. 3
67. 4
68. 3
69. 5
70. 3
71. 3
72. 3
73. 2
74. 3
75. 1
76. 2
77. 2
78. 2
79. 3
80. 3
81. 2
82. 2
83. 2
84. 5
85. 2
86. 3
87. 4
88. 2
89. 2
90. 3
91. 2
92. 3
93. 3
94. 3
95. 6
96. 3
97. 3
98. 3
99. 2
100. 7
101. 3
102. 2
103. 3
104. 2
105. 2
106. 4
107. 3
108. 3
109. 2
110. 3
111. 2
112. 2
113. 4
114. 3
115. 2
116. 2
117. 3
118. 3
119. 2
120. 2
121. 3
122. 3
123. 2
124. 4
125. 2
126. 2
127. 2
128. 2
129. 2
130. 3
131. 2
132. 3
133. 3
134. 2
135. 3
136. 5
137. 2
138. 3
139. 2
140. 3
141. 2
142. 5
143. 2
144. 7
145. 3
146. 4
147. 3
148. 2
149. 3
150. 3
151. 2
152. 3
153. 3
154. 3
155. 3
156. 2
157. 3
158. 3
159. 2
160. 3
161. 3
162. 2
163. 3
164. 3
165. 2
166. 3
167. 4
168. 3
169. 2
170. 3
171. 2
172. 3
173. 7
174. 2
175. 2
176. 2
177. 3
178. 2
179. 3
180. 3
181. 2
182. 2
183. 2
184. 2
185. 3
186. 3
187. 3
188. 2
189. 2
190. 2
191. 3
192. 3
193. 2
194. 2
195. 2
196. 2
197. 2
198. 3
199. 3
200. 5