875.txt
1. 2
2. 4
3. 1
4. 5
5. 2
6. 1
7. 1
8. 2
9. 2
10. 3
11. 2
12. 4
13. 1
14. 4
15. 3
16. 3
17. 2
18. 1
19. 2
20. 5
21. 2
22. 2
23. 2
24. 2
25. 1
26. 2
27. 3
28. 3
29. 4
30. 3
31. 2
32. 1
33. 2
34. 2
35. 1
36. 1
37. 3
38. 3
39. 2
40. 3
41. 2
42. 2
43. 3
44. 2
45. 2
46. 1
47. 3
48. 4
49. 2
50. 4
51. 2
52. 3
53. 2
54. 2
55. 2
56. 2
57. 2
58. 3
59. 1
60. 2
61. 3
62. 1
63. 3
64. 2
65. 2
66. 2
67. 1
68. 1
69. 3
70. 4
71. 4
72. 2
73. 2
74. 2
75. 2
76. 2
77. 2
78. 5
79. 2
80. 4
81. 1
82. 1
83. 4
84. 2
85. 3
86. 2
87. 2
88. 2
89. 2
90. 1
91. 1
92. 3
93. 2
94. 2
95. 3
96. 2
97. 2
98. 2
99. 3
100. 3
101. 2
102. 2
103. 1
104. 2
105. 2
106. 5
107. 3
108. 2
109. 1
110. 1
111. 2
112. 3
113. 1
114. 2
115. 1
116. 2
117. 1
118. 5
119. 2
120. 4
121. 2
122. 1
123. 1
124. 3
125. 2
126. 2
127. 1
128. 2
129. 3
130. 1
131. 2
132. 1
133. 1
134. 3
135. 3
136. 4
137. 2
138. 2
139. 4
140. 3
141. 2
142. 2
143. 1
144. 1
145. 2
146. 3
147. 2
148. 3
149. 3
150. 4
151. 1
152. 1
153. 1
154. 1
155. 1
156. 2
157. 2
158. 2
159. 2
160. 2
161. 2
162. 3
163. 2
164. 1
165. 1
166. 2
167. 3
168. 1
169. 2
170. 3
171. 2
172. 2
173. 2
174. 1
175. 3
176. 2
177. 3
178. 2
179. 3
180. 2
181. 3
182. 2
183. 1
184. 2
185. 2
186. 3
187. 2
188. 3
189. 1
190. 2
191. 1
192. 2
193. 3
194. 2
195. 2
196. 2
197. 1
198. 2
199. 2
200. 3