877.txt
1. 0
2. 2
3. 2
4. 6
5. 4
6. 0
7. 1
8. 0
9. 4
10. 1
11. 1
12. 0
13. 1
14. 1
15. 1
16. 4
17. 2
18. 4
19. 1
20. 1
21. 3
22. 3
23. 2
24. 3
25. 6
26. 0
27. 0
28. 7
29. 1
30. 1
31. 0
32. 3
33. 4
34. 1
35. 1
36. 4
37. 2
38. 2
39. 2
40. 3
41. 1
42. 2
43. 1
44. 1
45. 3
46. 2
47. 3
48. 4
49. 0
50. 4
51. 0
52. 0
53. 1
54. 1
55. 2
56. 5
57. 3
58. 2
59. 3
60. 0
61. 2
62. 0
63. 4
64. 3
65. 1
66. 1
67. 1
68. 2
69. 3
70. 2
71. 3
72. 3
73. 3
74. 1
75. 1
76. 1
77. 2
78. 1
79. 3
80. 2
81. 1
82. 1
83. 1
84. 1
85. 2
86. 2
87. 2
88. 2
89. 0
90. 5
91. 1
92. 3
93. 4
94. 3
95. 1
96. 2
97. 2
98. 3
99. 2
100. 2
101. 0
102. 2
103. 1
104. 5
105. 7
106. 6
107. 1
108. 1
109. 1
110. 2
111. 2
112. 1
113. 0
114. 1
115. 2
116. 2
117. 1
118. 2
119. 4
120. 8
121. 1
122. 2
123. 0
124. 7
125. 0
126. 3
127. 1
128. 2
129. 1
130. 2
131. 3
132. 2
133. 2
134. 1
135. 1
136. 1
137. 1
138. 3
139. 1
140. 1
141. 1
142. 2
143. 1
144. 1
145. 3
146. 1
147. 1
148. 1
149. 4
150. 3
151. 4
152. 7
153. 1
154. 3
155. 4
156. 4
157. 1
158. 3
159. 2
160. 2
161. 3
162. 1
163. 1
164. 1
165. 3
166. 2
167. 5
168. 5
169. 1
170. 1
171. 6
172. 1
173. 4
174. 1
175. 1
176. 1
177. 1
178. 4
179. 3
180. 4
181. 1
182. 4
183. 3
184. 3
185. 1
186. 1
187. 4
188. 2
189. 1
190. 1
191. 4
192. 1
193. 4
194. 1
195. 2
196. 1
197. 3
198. 1
199. 4
200. 1