881.txt
1. 0
2. 1
3. 0
4. 0
5. 3
6. 1
7. 4
8. 1
9. 4
10. 1
11. 1
12. 5
13. 2
14. 5
15. 0
16. 2
17. 2
18. 0
19. 0
20. 2
21. 4
22. 2
23. 2
24. 1
25. 3
26. 3
27. 1
28. 2
29. 3
30. 1
31. 4
32. 2
33. 1
34. 0
35. 1
36. 1
37. 4
38. 1
39. 3
40. 2
41. 2
42. 1
43. 0
44. 3
45. 0
46. 2
47. 0
48. 0
49. 2
50. 2
51. 2
52. 5
53. 2
54. 2
55. 1
56. 2
57. 2
58. 0
59. 3
60. 2
61. 2
62. 2
63. 2
64. 1
65. 0
66. 2
67. 1
68. 1
69. 2
70. 3
71. 7
72. 2
73. 0
74. 3
75. 1
76. 2
77. 1
78. 3
79. 0
80. 2
81. 3
82. 2
83. 3
84. 3
85. 2
86. 1
87. 1
88. 1
89. 2
90. 1
91. 2
92. 2
93. 3
94. 2
95. 3
96. 1
97. 2
98. 1
99. 2
100. 2
101. 3
102. 0
103. 4
104. 4
105. 3
106. 1
107. 1
108. 0
109. 1
110. 0
111. 1
112. 1
113. 2
114. 1
115. 2
116. 1
117. 3
118. 2
119. 1
120. 2
121. 2
122. 0
123. 5
124. 0
125. 1
126. 1
127. 1
128. 1
129. 4
130. 1
131. 2
132. 1
133. 1
134. 3
135. 2
136. 1
137. 2
138. 2
139. 1
140. 1
141. 0
142. 2
143. 1
144. 0
145. 5
146. 3
147. 1
148. 4
149. 1
150. 3
151. 2
152. 0
153. 3
154. 3
155. 3
156. 1
157. 1
158. 0
159. 1
160. 1
161. 1
162. 2
163. 2
164. 4
165. 2
166. 2
167. 1
168. 1
169. 1
170. 2
171. 4
172. 1
173. 3
174. 1
175. 2
176. 1
177. 1
178. 2
179. 3
180. 0
181. 0
182. 0
183. 1
184. 3
185. 1
186. 3
187. 2
188. 1
189. 3
190. 2
191. 2
192. 2
193. 1
194. 1
195. 1
196. 2
197. 0
198. 2
199. 1
200. 2