906.txt
1. 0
2. 6
3. 7
4. 1
5. 4
6. 2
7. 3
8. 1
9. 1
10. 1
11. 2
12. 0
13. 2
14. 1
15. 1
16. 2
17. 2
18. 2
19. 2
20. 4
21. 1
22. 3
23. 2
24. 1
25. 6
26. 2
27. 5
28. 1
29. 2
30. 4
31. 1
32. 2
33. 3
34. 4
35. 6
36. 2
37. 1
38. 2
39. 1
40. 1
41. 3
42. 2
43. 2
44. 3
45. 2
46. 2
47. 2
48. 5
49. 1
50. 3
51. 2
52. 2
53. 3
54. 2
55. 4
56. 2
57. 3
58. 2
59. 5
60. 9
61. 3
62. 2
63. 1
64. 2
65. 2
66. 2
67. 2
68. 3
69. 1
70. 4
71. 1
72. 1
73. 2
74. 5
75. 1
76. 2
77. 3
78. 2
79. 1
80. 6
81. 2
82. 2
83. 1
84. 2
85. 3
86. 2
87. 2
88. 2
89. 4
90. 1
91. 4
92. 2
93. 2
94. 4
95. 1
96. 2
97. 2
98. 2
99. 2
100. 4
101. 2
102. 1
103. 1
104. 1
105. 1
106. 1
107. 2
108. 2
109. 2
110. 1
111. 2
112. 4
113. 1
114. 5
115. 1
116. 3
117. 3
118. 3
119. 2
120. 2
121. 1
122. 2
123. 2
124. 2
125. 2
126. 2
127. 3
128. 3
129. 3
130. 2
131. 2
132. 1
133. 3
134. 1
135. 2
136. 1
137. 2
138. 1
139. 2
140. 2
141. 3
142. 2
143. 2
144. 3
145. 3
146. 2
147. 4
148. 1
149. 1
150. 0
151. 2
152. 1
153. 2
154. 3
155. 2
156. 4
157. 1
158. 2
159. 2
160. 3
161. 3
162. 3
163. 2
164. 6
165. 1
166. 4
167. 2
168. 3
169. 3
170. 4
171. 2
172. 2
173. 2
174. 3
175. 1
176. 1
177. 2
178. 1
179. 1
180. 4
181. 7
182. 1
183. 1
184. 1
185. 8
186. 5
187. 1
188. 1
189. 1
190. 2
191. 2
192. 3
193. 2
194. 2
195. 3
196. 1
197. 3
198. 3
199. 1
200. 3