907.txt
1. 2
2. 4
3. 3
4. 3
5. 2
6. 1
7. 6
8. 2
9. 2
10. 1
11. 1
12. 2
13. 1
14. 0
15. 1
16. 3
17. 2
18. 4
19. 3
20. 1
21. 1
22. 2
23. 2
24. 2
25. 1
26. 3
27. 2
28. 3
29. 2
30. 5
31. 1
32. 2
33. 4
34. 3
35. 4
36. 3
37. 3
38. 3
39. 2
40. 2
41. 1
42. 3
43. 3
44. 2
45. 4
46. 2
47. 2
48. 2
49. 2
50. 7
51. 3
52. 5
53. 1
54. 4
55. 2
56. 2
57. 1
58. 3
59. 2
60. 2
61. 2
62. 2
63. 4
64. 3
65. 2
66. 3
67. 3
68. 3
69. 2
70. 2
71. 1
72. 3
73. 2
74. 2
75. 3
76. 4
77. 2
78. 2
79. 2
80. 6
81. 3
82. 5
83. 2
84. 5
85. 1
86. 2
87. 2
88. 4
89. 5
90. 2
91. 2
92. 3
93. 4
94. 4
95. 2
96. 2
97. 2
98. 2
99. 2
100. 2
101. 2
102. 1
103. 7
104. 2
105. 3
106. 2
107. 1
108. 2
109. 1
110. 2
111. 2
112. 2
113. 2
114. 7
115. 2
116. 3
117. 1
118. 3
119. 2
120. 2
121. 1
122. 2
123. 1
124. 2
125. 3
126. 2
127. 2
128. 2
129. 2
130. 2
131. 4
132. 3
133. 3
134. 2
135. 2
136. 3
137. 2
138. 2
139. 1
140. 2
141. 3
142. 10
143. 4
144. 2
145. 1
146. 2
147. 4
148. 3
149. 3
150. 3
151. 2
152. 3
153. 5
154. 4
155. 2
156. 1
157. 4
158. 2
159. 1
160. 2
161. 2
162. 1
163. 3
164. 3
165. 2
166. 1
167. 3
168. 2
169. 3
170. 3
171. 2
172. 5
173. 8
174. 2
175. 4
176. 2
177. 3
178. 2
179. 3
180. 3
181. 4
182. 2
183. 4
184. 2
185. 2
186. 2
187. 1
188. 2
189. 2
190. 3
191. 3
192. 3
193. 2
194. 2
195. 2
196. 3
197. 2
198. 5
199. 1
200. 2