917.txt
1. 2
2. 3
3. 2
4. 1
5. 3
6. 4
7. 3
8. 2
9. 3
10. 2
11. 2
12. 1
13. 2
14. 2
15. 2
16. 1
17. 2
18. 2
19. 2
20. 3
21. 1
22. 2
23. 2
24. 3
25. 3
26. 2
27. 3
28. 2
29. 1
30. 3
31. 2
32. 3
33. 2
34. 2
35. 4
36. 1
37. 3
38. 2
39. 3
40. 2
41. 2
42. 3
43. 1
44. 2
45. 3
46. 2
47. 2
48. 3
49. 3
50. 4
51. 2
52. 2
53. 2
54. 2
55. 2
56. 2
57. 2
58. 3
59. 2
60. 3
61. 2
62. 2
63. 2
64. 2
65. 2
66. 3
67. 1
68. 4
69. 2
70. 3
71. 3
72. 2
73. 3
74. 3
75. 2
76. 2
77. 1
78. 2
79. 1
80. 2
81. 2
82. 2
83. 2
84. 3
85. 2
86. 2
87. 5
88. 2
89. 2
90. 2
91. 3
92. 2
93. 3
94. 2
95. 2
96. 2
97. 2
98. 2
99. 2
100. 2
101. 2
102. 2
103. 3
104. 3
105. 2
106. 1
107. 1
108. 2
109. 2
110. 2
111. 1
112. 2
113. 2
114. 2
115. 2
116. 3
117. 2
118. 3
119. 4
120. 3
121. 2
122. 2
123. 2
124. 2
125. 4
126. 2
127. 3
128. 2
129. 2
130. 3
131. 3
132. 2
133. 1
134. 4
135. 2
136. 3
137. 3
138. 1
139. 3
140. 2
141. 2
142. 1
143. 2
144. 3
145. 3
146. 4
147. 1
148. 4
149. 8
150. 2
151. 3
152. 2
153. 4
154. 2
155. 2
156. 2
157. 2
158. 3
159. 2
160. 4
161. 2
162. 3
163. 2
164. 2
165. 2
166. 2
167. 2
168. 3
169. 3
170. 2
171. 2
172. 3
173. 2
174. 2
175. 3
176. 2
177. 3
178. 2
179. 2
180. 3
181. 3
182. 2
183. 3
184. 2
185. 3
186. 2
187. 2
188. 2
189. 3
190. 5
191. 2
192. 2
193. 2
194. 3
195. 2
196. 2
197. 2
198. 3
199. 2
200. 3