920.txt
1. 0
2. 4
3. 0
4. 1
5. 0
6. 0
7. 0
8. 2
9. 3
10. 0
11. 0
12. 1
13. 3
14. 2
15. 1
16. 2
17. 1
18. 2
19. 0
20. 1
21. 1
22. 1
23. 1
24. 2
25. 2
26. 0
27. 1
28. 0
29. 2
30. 1
31. 1
32. 0
33. 1
34. 1
35. 1
36. 0
37. 1
38. 2
39. 2
40. 0
41. 2
42. 2
43. 3
44. 4
45. 3
46. 2
47. 6
48. 0
49. 2
50. 0
51. 2
52. 0
53. 1
54. 0
55. 1
56. 0
57. 2
58. 0
59. 1
60. 1
61. 0
62. 3
63. 0
64. 0
65. 0
66. 2
67. 1
68. 0
69. 2
70. 3
71. 1
72. 3
73. 2
74. 5
75. 2
76. 1
77. 1
78. 0
79. 0
80. 1
81. 2
82. 1
83. 1
84. 1
85. 0
86. 2
87. 3
88. 2
89. 1
90. 1
91. 1
92. 3
93. 1
94. 2
95. 3
96. 2
97. 1
98. 1
99. 1
100. 0
101. 2
102. 1
103. 1
104. 1
105. 0
106. 0
107. 0
108. 0
109. 0
110. 2
111. 1
112. 1
113. 2
114. 0
115. 1
116. 1
117. 0
118. 2
119. 1
120. 1
121. 2
122. 0
123. 1
124. 2
125. 2
126. 1
127. 1
128. 1
129. 1
130. 0
131. 1
132. 1
133. 2
134. 2
135. 2
136. 1
137. 1
138. 2
139. 1
140. 1
141. 3
142. 1
143. 2
144. 1
145. 2
146. 2
147. 1
148. 0
149. 4
150. 1
151. 3
152. 1
153. 4
154. 3
155. 2
156. 3
157. 2
158. 0
159. 0
160. 1
161. 0
162. 1
163. 0
164. 0
165. 3
166. 1
167. 0
168. 2
169. 3
170. 1
171. 5
172. 0
173. 2
174. 1
175. 2
176. 1
177. 0
178. 2
179. 2
180. 0
181. 1
182. 1
183. 1
184. 2
185. 1
186. 1
187. 1
188. 1
189. 1
190. 2
191. 3
192. 2
193. 1
194. 1
195. 4
196. 2
197. 1
198. 1
199. 5
200. 0