933.txt
1. 3
2. 0
3. 4
4. 0
5. 0
6. 3
7. 2
8. 1
9. 2
10. 0
11. 1
12. 0
13. 3
14. 1
15. 5
16. 0
17. 0
18. 0
19. 1
20. 4
21. 0
22. 2
23. 2
24. 2
25. 4
26. 0
27. 2
28. 1
29. 2
30. 3
31. 2
32. 3
33. 3
34. 2
35. 0
36. 0
37. 4
38. 2
39. 2
40. 0
41. 3
42. 0
43. 4
44. 4
45. 2
46. 1
47. 2
48. 2
49. 4
50. 2
51. 2
52. 3
53. 2
54. 0
55. 2
56. 6
57. 2
58. 2
59. 1
60. 3
61. 0
62. 3
63. 0
64. 1
65. 0
66. 4
67. 2
68. 3
69. 1
70. 2
71. 1
72. 2
73. 2
74. 0
75. 2
76. 2
77. 0
78. 1
79. 1
80. 2
81. 2
82. 2
83. 0
84. 0
85. 3
86. 3
87. 0
88. 2
89. 3
90. 2
91. 3
92. 3
93. 0
94. 2
95. 3
96. 0
97. 2
98. 2
99. 2
100. 0
101. 0
102. 1
103. 3
104. 1
105. 2
106. 1
107. 3
108. 0
109. 1
110. 2
111. 2
112. 2
113. 3
114. 3
115. 1
116. 1
117. 3
118. 1
119. 4
120. 6
121. 0
122. 1
123. 3
124. 3
125. 1
126. 0
127. 4
128. 0
129. 0
130. 3
131. 2
132. 1
133. 2
134. 2
135. 0
136. 2
137. 3
138. 0
139. 2
140. 2
141. 0
142. 2
143. 0
144. 3
145. 0
146. 3
147. 2
148. 2
149. 3
150. 1
151. 2
152. 1
153. 1
154. 3
155. 2
156. 3
157. 2
158. 2
159. 2
160. 1
161. 1
162. 1
163. 4
164. 2
165. 5
166. 3
167. 4
168. 3
169. 0
170. 2
171. 4
172. 3
173. 4
174. 3
175. 3
176. 0
177. 0
178. 4
179. 2
180. 4
181. 0
182. 2
183. 0
184. 4
185. 0
186. 2
187. 1
188. 2
189. 0
190. 1
191. 2
192. 2
193. 2
194. 0
195. 2
196. 2
197. 2
198. 1
199. 2
200. 5