944.txt
1. 0
2. 1
3. 2
4. 3
5. 1
6. 4
7. 2
8. 1
9. 3
10. 2
11. 3
12. 1
13. 2
14. 1
15. 2
16. 2
17. 1
18. 8
19. 2
20. 4
21. 3
22. 1
23. 2
24. 6
25. 2
26. 2
27. 1
28. 2
29. 1
30. 4
31. 1
32. 2
33. 7
34. 2
35. 3
36. 4
37. 2
38. 5
39. 4
40. 5
41. 2
42. 3
43. 4
44. 1
45. 1
46. 2
47. 1
48. 2
49. 3
50. 2
51. 2
52. 3
53. 3
54. 2
55. 5
56. 4
57. 7
58. 1
59. 3
60. 1
61. 1
62. 1
63. 1
64. 4
65. 4
66. 2
67. 2
68. 1
69. 3
70. 2
71. 6
72. 1
73. 1
74. 2
75. 2
76. 1
77. 4
78. 1
79. 2
80. 2
81. 5
82. 2
83. 3
84. 2
85. 5
86. 2
87. 2
88. 3
89. 3
90. 2
91. 3
92. 3
93. 2
94. 3
95. 2
96. 5
97. 2
98. 2
99. 2
100. 1
101. 3
102. 2
103. 2
104. 4
105. 1
106. 2
107. 1
108. 2
109. 3
110. 3
111. 1
112. 2
113. 2
114. 5
115. 7
116. 1
117. 2
118. 2
119. 2
120. 3
121. 1
122. 3
123. 3
124. 5
125. 2
126. 2
127. 1
128. 2
129. 2
130. 2
131. 2
132. 2
133. 2
134. 3
135. 1
136. 3
137. 3
138. 4
139. 1
140. 4
141. 1
142. 3
143. 2
144. 6
145. 3
146. 4
147. 1
148. 1
149. 4
150. 1
151. 3
152. 2
153. 3
154. 4
155. 1
156. 3
157. 2
158. 3
159. 4
160. 1
161. 3
162. 2
163. 2
164. 3
165. 2
166. 2
167. 3
168. 2
169. 2
170. 1
171. 2
172. 3
173. 3
174. 2
175. 2
176. 2
177. 3
178. 2
179. 3
180. 2
181. 2
182. 3
183. 2
184. 2
185. 1
186. 4
187. 2
188. 1
189. 3
190. 1
191. 8
192. 2
193. 1
194. 4
195. 2
196. 2
197. 5
198. 1
199. 3
200. 5