95.txt
1. 3
2. 1
3. 1
4. 2
5. 4
6. 1
7. 2
8. 0
9. 1
10. 1
11. 2
12. 1
13. 2
14. 1
15. 2
16. 3
17. 4
18. 1
19. 4
20. 2
21. 2
22. 1
23. 1
24. 1
25. 3
26. 2
27. 3
28. 3
29. 1
30. 1
31. 2
32. 2
33. 4
34. 0
35. 2
36. 2
37. 3
38. 2
39. 1
40. 3
41. 3
42. 1
43. 2
44. 3
45. 2
46. 1
47. 1
48. 3
49. 3
50. 2
51. 1
52. 1
53. 2
54. 3
55. 2
56. 4
57. 2
58. 2
59. 2
60. 2
61. 3
62. 3
63. 2
64. 1
65. 1
66. 4
67. 2
68. 1
69. 2
70. 3
71. 2
72. 1
73. 2
74. 2
75. 3
76. 1
77. 0
78. 3
79. 3
80. 2
81. 1
82. 2
83. 1
84. 0
85. 1
86. 3
87. 1
88. 1
89. 0
90. 5
91. 2
92. 2
93. 1
94. 2
95. 1
96. 2
97. 1
98. 1
99. 3
100. 1
101. 2
102. 1
103. 2
104. 2
105. 2
106. 1
107. 1
108. 2
109. 2
110. 6
111. 2
112. 2
113. 2
114. 1
115. 2
116. 1
117. 2
118. 1
119. 2
120. 2
121. 1
122. 3
123. 2
124. 3
125. 1
126. 1
127. 0
128. 2
129. 5
130. 1
131. 1
132. 1
133. 2
134. 1
135. 1
136. 1
137. 1
138. 2
139. 3
140. 2
141. 1
142. 1
143. 2
144. 5
145. 1
146. 3
147. 1
148. 1
149. 1
150. 1
151. 3
152. 2
153. 2
154. 2
155. 2
156. 1
157. 2
158. 2
159. 2
160. 3
161. 2
162. 2
163. 3
164. 3
165. 2
166. 1
167. 2
168. 2
169. 3
170. 2
171. 2
172. 3
173. 2
174. 1
175. 1
176. 1
177. 2
178. 2
179. 2
180. 1
181. 1
182. 2
183. 1
184. 2
185. 2
186. 1
187. 2
188. 2
189. 2
190. 2
191. 2
192. 2
193. 2
194. 2
195. 2
196. 3
197. 2
198. 1
199. 2
200. 2