954.txt
1. 0
2. 6
3. 3
4. 2
5. 4
6. 1
7. 5
8. 1
9. 2
10. 3
11. 1
12. 2
13. 1
14. 4
15. 2
16. 0
17. 3
18. 2
19. 1
20. 2
21. 4
22. 2
23. 3
24. 3
25. 4
26. 4
27. 2
28. 3
29. 4
30. 1
31. 1
32. 3
33. 3
34. 4
35. 2
36. 1
37. 2
38. 2
39. 1
40. 2
41. 3
42. 1
43. 2
44. 3
45. 2
46. 1
47. 1
48. 1
49. 4
50. 1
51. 5
52. 1
53. 3
54. 3
55. 7
56. 1
57. 1
58. 1
59. 2
60. 1
61. 2
62. 1
63. 4
64. 2
65. 4
66. 1
67. 2
68. 3
69. 2
70. 3
71. 3
72. 0
73. 3
74. 4
75. 2
76. 2
77. 0
78. 2
79. 3
80. 1
81. 3
82. 5
83. 1
84. 4
85. 2
86. 3
87. 3
88. 4
89. 2
90. 1
91. 5
92. 3
93. 2
94. 2
95. 4
96. 2
97. 1
98. 2
99. 4
100. 1
101. 2
102. 1
103. 3
104. 2
105. 0
106. 3
107. 1
108. 2
109. 2
110. 4
111. 1
112. 3
113. 3
114. 1
115. 1
116. 2
117. 3
118. 2
119. 1
120. 2
121. 4
122. 3
123. 2
124. 1
125. 4
126. 2
127. 3
128. 3
129. 1
130. 1
131. 4
132. 4
133. 2
134. 4
135. 3
136. 4
137. 4
138. 2
139. 1
140. 1
141. 3
142. 1
143. 2
144. 2
145. 4
146. 1
147. 2
148. 1
149. 3
150. 3
151. 2
152. 2
153. 5
154. 5
155. 3
156. 2
157. 3
158. 4
159. 2
160. 1
161. 2
162. 2
163. 2
164. 2
165. 3
166. 1
167. 2
168. 1
169. 3
170. 2
171. 3
172. 2
173. 2
174. 3
175. 2
176. 2
177. 2
178. 1
179. 2
180. 5
181. 4
182. 2
183. 3
184. 1
185. 3
186. 2
187. 4
188. 3
189. 1
190. 3
191. 1
192. 2
193. 1
194. 7
195. 3
196. 4
197. 2
198. 2
199. 3
200. 1