955.txt
1. 0
2. 2
3. 1
4. 3
5. 0
6. 0
7. 1
8. 3
9. 2
10. 1
11. 2
12. 1
13. 1
14. 0
15. 0
16. 2
17. 1
18. 0
19. 6
20. 1
21. 2
22. 5
23. 3
24. 3
25. 4
26. 3
27. 2
28. 3
29. 0
30. 2
31. 4
32. 1
33. 1
34. 2
35. 1
36. 4
37. 0
38. 3
39. 2
40. 2
41. 1
42. 2
43. 2
44. 3
45. 3
46. 1
47. 2
48. 2
49. 2
50. 1
51. 2
52. 4
53. 0
54. 3
55. 2
56. 3
57. 1
58. 3
59. 2
60. 3
61. 2
62. 2
63. 3
64. 3
65. 2
66. 2
67. 2
68. 4
69. 2
70. 2
71. 1
72. 4
73. 2
74. 2
75. 3
76. 1
77. 0
78. 2
79. 2
80. 3
81. 1
82. 1
83. 2
84. 1
85. 3
86. 1
87. 3
88. 2
89. 2
90. 2
91. 5
92. 3
93. 2
94. 2
95. 3
96. 2
97. 1
98. 2
99. 4
100. 1
101. 2
102. 3
103. 1
104. 1
105. 2
106. 2
107. 1
108. 2
109. 2
110. 2
111. 2
112. 1
113. 2
114. 3
115. 1
116. 1
117. 1
118. 5
119. 1
120. 2
121. 1
122. 1
123. 2
124. 3
125. 3
126. 7
127. 1
128. 2
129. 3
130. 1
131. 1
132. 2
133. 2
134. 2
135. 1
136. 1
137. 2
138. 2
139. 2
140. 2
141. 1
142. 1
143. 1
144. 2
145. 2
146. 1
147. 2
148. 2
149. 4
150. 3
151. 3
152. 1
153. 2
154. 2
155. 3
156. 1
157. 2
158. 1
159. 1
160. 2
161. 1
162. 1
163. 1
164. 2
165. 2
166. 2
167. 1
168. 2
169. 2
170. 3
171. 1
172. 1
173. 4
174. 2
175. 4
176. 3
177. 2
178. 2
179. 1
180. 1
181. 1
182. 1
183. 1
184. 2
185. 1
186. 2
187. 2
188. 4
189. 2
190. 2
191. 1
192. 2
193. 2
194. 2
195. 1
196. 2
197. 2
198. 5
199. 1
200. 2