959.txt
1. 2
2. 3
3. 1
4. 2
5. 1
6. 2
7. 2
8. 3
9. 4
10. 1
11. 2
12. 2
13. 1
14. 3
15. 8
16. 3
17. 2
18. 1
19. 1
20. 2
21. 1
22. 4
23. 1
24. 7
25. 2
26. 1
27. 1
28. 2
29. 3
30. 2
31. 2
32. 1
33. 2
34. 3
35. 2
36. 1
37. 1
38. 7
39. 2
40. 4
41. 2
42. 1
43. 2
44. 2
45. 1
46. 5
47. 3
48. 2
49. 9
50. 1
51. 3
52. 4
53. 1
54. 2
55. 2
56. 1
57. 1
58. 1
59. 2
60. 1
61. 1
62. 1
63. 1
64. 3
65. 2
66. 1
67. 2
68. 2
69. 2
70. 1
71. 2
72. 3
73. 1
74. 2
75. 2
76. 1
77. 3
78. 1
79. 3
80. 1
81. 2
82. 3
83. 2
84. 2
85. 1
86. 1
87. 2
88. 1
89. 1
90. 1
91. 2
92. 2
93. 1
94. 2
95. 1
96. 2
97. 5
98. 2
99. 1
100. 6
101. 1
102. 3
103. 2
104. 1
105. 7
106. 1
107. 2
108. 2
109. 2
110. 1
111. 3
112. 1
113. 1
114. 2
115. 2
116. 3
117. 2
118. 3
119. 1
120. 4
121. 1
122. 2
123. 2
124. 1
125. 1
126. 2
127. 2
128. 2
129. 1
130. 1
131. 3
132. 2
133. 2
134. 2
135. 2
136. 3
137. 1
138. 3
139. 2
140. 3
141. 1
142. 1
143. 2
144. 2
145. 1
146. 2
147. 1
148. 1
149. 3
150. 1
151. 1
152. 4
153. 2
154. 1
155. 3
156. 3
157. 2
158. 4
159. 1
160. 1
161. 2
162. 1
163. 2
164. 1
165. 5
166. 3
167. 2
168. 1
169. 1
170. 4
171. 2
172. 1
173. 1
174. 1
175. 2
176. 1
177. 2
178. 6
179. 1
180. 2
181. 1
182. 4
183. 1
184. 4
185. 1
186. 2
187. 1
188. 2
189. 3
190. 2
191. 1
192. 1
193. 1
194. 2
195. 4
196. 1
197. 1
198. 1
199. 4
200. 2