969.txt
1. 3
2. 8
3. 2
4. 4
5. 1
6. 2
7. 3
8. 2
9. 2
10. 2
11. 6
12. 2
13. 2
14. 2
15. 3
16. 4
17. 1
18. 2
19. 2
20. 2
21. 3
22. 7
23. 2
24. 2
25. 5
26. 3
27. 2
28. 3
29. 3
30. 2
31. 2
32. 2
33. 2
34. 3
35. 1
36. 7
37. 6
38. 1
39. 2
40. 4
41. 7
42. 2
43. 2
44. 2
45. 2
46. 2
47. 1
48. 3
49. 2
50. 2
51. 2
52. 2
53. 4
54. 1
55. 4
56. 3
57. 2
58. 2
59. 3
60. 2
61. 3
62. 2
63. 2
64. 6
65. 2
66. 1
67. 2
68. 3
69. 2
70. 2
71. 2
72. 3
73. 3
74. 5
75. 2
76. 2
77. 4
78. 3
79. 1
80. 2
81. 1
82. 3
83. 2
84. 3
85. 3
86. 1
87. 2
88. 3
89. 1
90. 2
91. 2
92. 3
93. 3
94. 3
95. 2
96. 3
97. 2
98. 3
99. 2
100. 2
101. 4
102. 2
103. 3
104. 4
105. 2
106. 2
107. 3
108. 3
109. 2
110. 6
111. 2
112. 2
113. 2
114. 3
115. 3
116. 2
117. 3
118. 3
119. 2
120. 2
121. 2
122. 1
123. 2
124. 2
125. 3
126. 1
127. 1
128. 3
129. 2
130. 1
131. 1
132. 5
133. 1
134. 2
135. 2
136. 3
137. 3
138. 4
139. 2
140. 2
141. 3
142. 3
143. 3
144. 2
145. 2
146. 2
147. 3
148. 4
149. 2
150. 4
151. 3
152. 2
153. 2
154. 3
155. 2
156. 4
157. 3
158. 2
159. 3
160. 3
161. 2
162. 2
163. 3
164. 2
165. 2
166. 1
167. 2
168. 3
169. 1
170. 3
171. 2
172. 2
173. 2
174. 1
175. 4
176. 3
177. 4
178. 2
179. 2
180. 2
181. 5
182. 3
183. 2
184. 4
185. 2
186. 1
187. 1
188. 2
189. 2
190. 5
191. 1
192. 2
193. 4
194. 1
195. 2
196. 3
197. 2
198. 2
199. 2
200. 3