975.txt
1. 0
2. 3
3. 2
4. 2
5. 2
6. 1
7. 0
8. 1
9. 4
10. 2
11. 6
12. 2
13. 1
14. 2
15. 2
16. 1
17. 5
18. 1
19. 2
20. 1
21. 3
22. 3
23. 0
24. 2
25. 3
26. 1
27. 1
28. 2
29. 1
30. 2
31. 4
32. 2
33. 2
34. 4
35. 1
36. 2
37. 4
38. 2
39. 3
40. 1
41. 1
42. 4
43. 2
44. 3
45. 2
46. 5
47. 1
48. 3
49. 3
50. 1
51. 4
52. 3
53. 1
54. 4
55. 2
56. 3
57. 4
58. 3
59. 2
60. 4
61. 6
62. 3
63. 2
64. 1
65. 1
66. 1
67. 2
68. 2
69. 3
70. 2
71. 4
72. 3
73. 3
74. 2
75. 2
76. 8
77. 2
78. 2
79. 2
80. 0
81. 2
82. 2
83. 3
84. 1
85. 3
86. 3
87. 1
88. 2
89. 2
90. 3
91. 1
92. 2
93. 2
94. 3
95. 2
96. 1
97. 2
98. 1
99. 5
100. 3
101. 2
102. 3
103. 1
104. 1
105. 2
106. 3
107. 2
108. 1
109. 2
110. 3
111. 2
112. 1
113. 3
114. 2
115. 3
116. 3
117. 2
118. 1
119. 3
120. 2
121. 1
122. 2
123. 2
124. 1
125. 3
126. 2
127. 2
128. 1
129. 2
130. 2
131. 2
132. 1
133. 2
134. 1
135. 2
136. 3
137. 2
138. 3
139. 4
140. 2
141. 4
142. 2
143. 2
144. 2
145. 2
146. 1
147. 2
148. 3
149. 2
150. 2
151. 3
152. 2
153. 3
154. 1
155. 2
156. 1
157. 3
158. 2
159. 3
160. 5
161. 1
162. 2
163. 3
164. 1
165. 2
166. 2
167. 1
168. 3
169. 3
170. 2
171. 3
172. 2
173. 2
174. 3
175. 3
176. 3
177. 3
178. 2
179. 4
180. 3
181. 3
182. 2
183. 2
184. 1
185. 3
186. 2
187. 2
188. 1
189. 2
190. 7
191. 2
192. 2
193. 2
194. 2
195. 1
196. 2
197. 2
198. 2
199. 3
200. 2