976.txt
1. 3
2. 1
3. 2
4. 6
5. 3
6. 2
7. 1
8. 2
9. 5
10. 3
11. 1
12. 3
13. 1
14. 2
15. 2
16. 2
17. 2
18. 2
19. 2
20. 1
21. 4
22. 3
23. 2
24. 7
25. 6
26. 2
27. 2
28. 1
29. 2
30. 3
31. 4
32. 1
33. 3
34. 2
35. 3
36. 2
37. 1
38. 5
39. 2
40. 2
41. 1
42. 3
43. 2
44. 1
45. 2
46. 2
47. 4
48. 2
49. 2
50. 3
51. 3
52. 2
53. 4
54. 2
55. 1
56. 2
57. 2
58. 2
59. 1
60. 2
61. 3
62. 1
63. 2
64. 2
65. 3
66. 3
67. 1
68. 1
69. 3
70. 1
71. 3
72. 4
73. 1
74. 3
75. 4
76. 1
77. 4
78. 2
79. 2
80. 2
81. 2
82. 2
83. 3
84. 2
85. 2
86. 4
87. 2
88. 4
89. 2
90. 2
91. 4
92. 2
93. 3
94. 1
95. 2
96. 2
97. 2
98. 2
99. 1
100. 3
101. 2
102. 2
103. 1
104. 3
105. 2
106. 2
107. 1
108. 2
109. 2
110. 2
111. 5
112. 3
113. 2
114. 3
115. 3
116. 2
117. 3
118. 2
119. 8
120. 1
121. 2
122. 2
123. 3
124. 1
125. 1
126. 2
127. 2
128. 2
129. 4
130. 2
131. 1
132. 1
133. 2
134. 3
135. 2
136. 1
137. 2
138. 1
139. 3
140. 3
141. 6
142. 1
143. 2
144. 2
145. 3
146. 2
147. 3
148. 2
149. 4
150. 3
151. 1
152. 2
153. 1
154. 2
155. 2
156. 3
157. 3
158. 2
159. 2
160. 2
161. 1
162. 5
163. 1
164. 2
165. 1
166. 2
167. 2
168. 2
169. 2
170. 1
171. 2
172. 2
173. 4
174. 2
175. 1
176. 2
177. 3
178. 1
179. 3
180. 4
181. 1
182. 5
183. 1
184. 2
185. 3
186. 2
187. 2
188. 3
189. 4
190. 2
191. 2
192. 2
193. 3
194. 2
195. 2
196. 1
197. 2
198. 2
199. 2
200. 2