982.txt
1. 2
2. 1
3. 7
4. 2
5. 2
6. 3
7. 2
8. 4
9. 2
10. 3
11. 2
12. 3
13. 2
14. 3
15. 2
16. 1
17. 4
18. 3
19. 2
20. 2
21. 2
22. 2
23. 2
24. 1
25. 4
26. 3
27. 2
28. 2
29. 2
30. 3
31. 2
32. 4
33. 5
34. 2
35. 3
36. 1
37. 2
38. 1
39. 2
40. 1
41. 3
42. 2
43. 3
44. 2
45. 3
46. 2
47. 4
48. 3
49. 3
50. 2
51. 3
52. 2
53. 5
54. 2
55. 3
56. 2
57. 2
58. 4
59. 3
60. 2
61. 2
62. 1
63. 1
64. 2
65. 3
66. 4
67. 3
68. 3
69. 3
70. 4
71. 2
72. 3
73. 1
74. 2
75. 1
76. 2
77. 2
78. 2
79. 4
80. 2
81. 1
82. 2
83. 4
84. 2
85. 3
86. 2
87. 6
88. 2
89. 2
90. 2
91. 1
92. 2
93. 3
94. 2
95. 2
96. 1
97. 2
98. 1
99. 2
100. 1
101. 3
102. 2
103. 2
104. 2
105. 4
106. 2
107. 1
108. 3
109. 4
110. 3
111. 1
112. 2
113. 3
114. 2
115. 2
116. 3
117. 2
118. 2
119. 3
120. 4
121. 2
122. 2
123. 1
124. 2
125. 2
126. 2
127. 2
128. 3
129. 2
130. 2
131. 2
132. 2
133. 3
134. 2
135. 2
136. 3
137. 1
138. 2
139. 3
140. 2
141. 3
142. 1
143. 3
144. 2
145. 2
146. 5
147. 2
148. 4
149. 3
150. 2
151. 2
152. 2
153. 4
154. 3
155. 2
156. 1
157. 3
158. 2
159. 3
160. 2
161. 2
162. 3
163. 5
164. 2
165. 3
166. 3
167. 3
168. 1
169. 3
170. 2
171. 2
172. 2
173. 3
174. 2
175. 2
176. 2
177. 2
178. 2
179. 2
180. 4
181. 3
182. 4
183. 3
184. 3
185. 2
186. 2
187. 2
188. 2
189. 1
190. 3
191. 2
192. 2
193. 2
194. 2
195. 2
196. 4
197. 3
198. 2
199. 2
200. 1