993.txt
1. 5
2. 1
3. 1
4. 1
5. 3
6. 1
7. 2
8. 3
9. 2
10. 3
11. 2
12. 3
13. 1
14. 5
15. 1
16. 4
17. 1
18. 1
19. 2
20. 1
21. 4
22. 2
23. 2
24. 4
25. 1
26. 2
27. 2
28. 3
29. 2
30. 3
31. 1
32. 2
33. 2
34. 1
35. 2
36. 2
37. 1
38. 2
39. 2
40. 2
41. 2
42. 1
43. 3
44. 3
45. 1
46. 2
47. 2
48. 1
49. 2
50. 2
51. 1
52. 1
53. 3
54. 2
55. 1
56. 1
57. 2
58. 3
59. 3
60. 3
61. 2
62. 2
63. 2
64. 4
65. 1
66. 1
67. 4
68. 1
69. 2
70. 3
71. 4
72. 1
73. 1
74. 3
75. 2
76. 3
77. 1
78. 4
79. 1
80. 2
81. 3
82. 3
83. 1
84. 2
85. 3
86. 2
87. 2
88. 2
89. 1
90. 2
91. 3
92. 2
93. 2
94. 1
95. 2
96. 1
97. 1
98. 4
99. 2
100. 2
101. 4
102. 3
103. 2
104. 2
105. 2
106. 2
107. 1
108. 1
109. 3
110. 2
111. 3
112. 2
113. 2
114. 2
115. 3
116. 4
117. 4
118. 3
119. 1
120. 4
121. 1
122. 1
123. 2
124. 1
125. 2
126. 3
127. 3
128. 3
129. 1
130. 2
131. 2
132. 2
133. 3
134. 2
135. 3
136. 2
137. 1
138. 1
139. 3
140. 2
141. 2
142. 1
143. 1
144. 1
145. 1
146. 2
147. 3
148. 3
149. 2
150. 2
151. 3
152. 3
153. 3
154. 2
155. 2
156. 4
157. 2
158. 2
159. 2
160. 2
161. 3
162. 3
163. 3
164. 2
165. 3
166. 3
167. 2
168. 3
169. 2
170. 1
171. 3
172. 2
173. 2
174. 2
175. 3
176. 1
177. 2
178. 1
179. 2
180. 1
181. 2
182. 2
183. 1
184. 1
185. 3
186. 2
187. 3
188. 3
189. 3
190. 2
191. 1
192. 2
193. 4
194. 3
195. 2
196. 4
197. 2
198. 2
199. 1
200. 2